
======================================================================================
----------------------------------------------------------------------------
	簇个数:	 199
--------------------------------------
	簇ID:	 计数

	0:	 5
	1:	 1
	2:	 1
	3:	 1
	4:	 1
	5:	 1
	6:	 1
	7:	 3
	8:	 1
	9:	 1
	10:	 1
	11:	 1
	12:	 1
	13:	 1
	14:	 1
	15:	 2
	16:	 1
	17:	 1
	18:	 1
	19:	 1
	20:	 50
	21:	 1
	22:	 1
	23:	 1
	24:	 1
	25:	 1
	26:	 1
	27:	 1
	28:	 1
	29:	 1
	30:	 1
	31:	 1
	32:	 1
	33:	 1
	34:	 3
	35:	 1
	36:	 1
	37:	 1
	38:	 2
	39:	 2
	40:	 1
	41:	 2
	42:	 1
	43:	 1
	44:	 1
	45:	 1
	46:	 1
	47:	 3
	48:	 1
	49:	 3
	50:	 1
	51:	 1
	52:	 3
	53:	 1
	54:	 1
	55:	 2
	56:	 1
	57:	 16
	58:	 1
	59:	 1
	60:	 1
	61:	 2
	62:	 1
	63:	 1
	64:	 1
	65:	 1
	66:	 1
	67:	 1
	68:	 4
	69:	 6
	70:	 1
	71:	 1
	72:	 1
	73:	 1
	74:	 1
	75:	 1
	76:	 5
	77:	 1
	78:	 1
	79:	 1
	80:	 1
	81:	 3
	82:	 1
	83:	 1
	84:	 1
	85:	 1
	86:	 1
	87:	 2
	88:	 1
	89:	 1
	90:	 2
	91:	 1
	92:	 2
	93:	 1
	94:	 10
	95:	 1
	96:	 1
	97:	 1
	98:	 1
	99:	 1
	100:	 1
	101:	 1
	102:	 3
	103:	 1
	104:	 1
	105:	 1
	106:	 1
	107:	 1
	108:	 1
	109:	 1
	110:	 3
	111:	 1
	112:	 1
	113:	 1
	114:	 1
	115:	 1
	116:	 3
	117:	 1
	118:	 1
	119:	 1
	120:	 3
	121:	 1
	122:	 2
	123:	 1
	124:	 1
	125:	 1
	126:	 1
	127:	 25
	128:	 1
	129:	 1
	130:	 2
	131:	 6
	132:	 1
	133:	 2
	134:	 1
	135:	 1
	136:	 2
	137:	 1
	138:	 1
	139:	 2
	140:	 6
	141:	 1
	142:	 1
	143:	 1
	144:	 1
	145:	 2
	146:	 1
	147:	 1
	148:	 1
	149:	 1
	150:	 1
	151:	 1
	152:	 1
	153:	 2
	154:	 2
	155:	 1
	156:	 1
	157:	 1
	158:	 1
	159:	 1
	160:	 1
	161:	 2
	162:	 3
	163:	 1
	164:	 2
	165:	 1
	166:	 1
	167:	 5
	168:	 1
	169:	 3
	170:	 2
	171:	 2
	172:	 2
	173:	 2
	174:	 3
	175:	 1
	176:	 1
	177:	 1
	178:	 1
	179:	 1
	180:	 1
	181:	 1
	182:	 1
	183:	 1
	184:	 2
	185:	 1
	186:	 1
	187:	 1
	188:	 1
	189:	 2
	190:	 1
	191:	 2
	192:	 1
	193:	 1
	194:	 1
	195:	 1
	196:	 1
	197:	 1
	198:	 1
--------------------------------------
	 簇中心 

0,5,||,0.0,0.0,51.2,87.4,51.0,51.8,34.0,28.0,25.4,20.0,49.6,41.6
1,1,||,0.0,0.0,4290.0,18553.0,25221.0,23007.0,20379.0,20282.0,18158.0,21185.0,16748.0,26341.0
2,1,||,0.0,0.0,17730.0,13920.0,6690.0,3150.0,6060.0,8340.0,6420.0,3030.0,6660.0,14670.0
3,1,||,0.0,0.0,11070.0,2429.0,2514.0,2730.0,0.0,2083.0,1508.0,1639.0,0.0,1412.0
4,1,||,0.0,0.0,131.0,482.0,71.0,263.0,291.0,401.0,399.0,287.0,292.0,321.0
5,1,||,0.0,0.0,5583.0,0.0,0.0,0.0,3056.0,0.0,289.0,0.0,309.0,0.0
6,1,||,0.0,0.0,498.0,993.0,403.0,217.0,190.0,279.0,406.0,257.0,456.0,982.0
7,3,||,0.0,0.0,16.333333333333332,19.333333333333332,8.333333333333334,7.0,38.666666666666664,117.33333333333333,134.66666666666666,156.33333333333334,211.66666666666666,210.0
8,1,||,0.0,0.0,1033.0,0.0,443.0,0.0,436.0,0.0,607.0,0.0,602.0,0.0
9,1,||,0.0,0.0,842.0,130.0,0.0,175.0,118.0,133.0,34.0,100.0,109.0,482.0
10,1,||,0.0,0.0,7968.0,7170.0,2460.0,1337.0,1054.0,1512.0,1265.0,1578.0,1614.0,2381.0
11,1,||,0.0,0.0,1181.0,173.0,1166.0,662.0,1055.0,1842.0,1399.0,201.0,199.0,230.0
12,1,||,0.0,0.0,2204.0,331.0,375.0,197.0,212.0,133.0,149.0,157.0,261.0,280.0
13,1,||,0.0,0.0,3.0,1131.0,967.0,101.0,0.0,2024.0,202.0,0.0,0.0,0.0
14,1,||,0.0,0.0,32.0,155.0,283.0,184.0,131.0,579.0,69.0,218.0,83.0,438.0
15,2,||,0.0,0.0,168.5,76.5,140.5,112.0,110.0,94.0,104.0,92.0,93.0,134.0
16,1,||,0.0,0.0,317.0,0.0,0.0,0.0,0.0,0.0,493.0,0.0,787.0,0.0
17,1,||,0.0,0.0,509.0,0.0,977.0,0.0,610.0,0.0,272.0,0.0,212.0,0.0
18,1,||,0.0,0.0,239.0,0.0,376.0,0.0,248.0,0.0,269.0,0.0,360.0,0.0
19,1,||,0.0,0.0,728.0,182.0,155.0,151.0,119.0,139.0,147.0,50.0,38.0,48.0
20,50,||,0.0,0.0,6.24,0.7,2.9,1.44,2.64,1.14,3.14,1.42,1.14,1.16
21,1,||,0.0,0.0,211.0,1212.0,0.0,0.0,0.0,379.0,0.0,0.0,178.0,0.0
22,1,||,0.0,0.0,596.0,0.0,413.0,0.0,383.0,0.0,425.0,0.0,351.0,0.0
23,1,||,0.0,0.0,39.0,0.0,126.0,0.0,180.0,0.0,172.0,0.0,132.0,0.0
24,1,||,0.0,0.0,490.0,649.0,116.0,104.0,90.0,127.0,125.0,112.0,116.0,132.0
25,1,||,0.0,0.0,161.0,0.0,610.0,174.0,145.0,176.0,185.0,191.0,212.0,184.0
26,1,||,0.0,0.0,72.0,0.0,95.0,104.0,0.0,0.0,66.0,55.0,113.0,663.0
27,1,||,0.0,0.0,19.0,89.0,77.0,72.0,50.0,0.0,110.0,72.0,29.0,0.0
28,1,||,0.0,0.0,553.0,261.0,358.0,249.0,186.0,166.0,185.0,183.0,239.0,230.0
29,1,||,0.0,0.0,1120.0,0.0,297.0,0.0,1061.0,0.0,304.0,0.0,494.0,0.0
30,1,||,0.0,0.0,344.0,156.0,77.0,41.0,0.0,0.0,0.0,0.0,0.0,0.0
31,1,||,0.0,0.0,457.0,0.0,164.0,0.0,155.0,0.0,130.0,0.0,117.0,0.0
32,1,||,0.0,0.0,852.0,0.0,824.0,0.0,608.0,0.0,519.0,0.0,599.0,0.0
33,1,||,0.0,0.0,183.0,0.0,80.0,76.0,290.0,738.0,541.0,19.0,4.0,4.0
34,3,||,0.0,0.0,271.6666666666667,0.0,292.0,0.0,179.66666666666666,0.0,238.66666666666666,0.0,175.66666666666666,0.0
35,1,||,0.0,0.0,108.0,322.0,561.0,726.0,570.0,652.0,756.0,633.0,886.0,873.0
36,1,||,0.0,0.0,96.0,0.0,0.0,0.0,0.0,0.0,0.0,381.0,656.0,697.0
37,1,||,0.0,0.0,1122.0,500.0,0.0,458.0,617.0,0.0,683.0,389.0,445.0,322.0
38,2,||,0.0,0.0,229.0,0.0,0.0,0.0,0.0,0.0,0.0,0.0,289.0,0.0
39,2,||,0.0,0.0,88.5,0.0,0.0,0.0,24.5,0.0,294.5,0.0,167.0,0.0
40,1,||,0.0,0.0,178.0,22.0,0.0,0.0,0.0,0.0,0.0,110.0,48.0,0.0
41,2,||,0.0,0.0,29.5,0.0,198.0,0.0,0.0,0.0,0.0,0.0,0.0,0.0
42,1,||,0.0,0.0,915.0,0.0,597.0,0.0,0.0,0.0,1349.0,0.0,627.0,0.0
43,1,||,0.0,0.0,1124.0,1388.0,596.0,325.0,58.0,59.0,57.0,12.0,1.0,44.0
44,1,||,0.0,0.0,740.0,0.0,0.0,0.0,700.0,380.0,280.0,0.0,450.0,490.0
45,1,||,0.0,0.0,4.0,102.0,21.0,2.0,20.0,50.0,1.0,0.0,0.0,0.0
46,1,||,0.0,0.0,213.0,0.0,149.0,0.0,8.0,0.0,0.0,0.0,9.0,0.0
47,3,||,0.0,0.0,13.333333333333334,31.0,9.0,4.0,6.0,5.333333333333333,1.6666666666666667,2.3333333333333335,64.0,185.66666666666666
48,1,||,0.0,0.0,67.0,120.0,0.0,478.0,203.0,183.0,182.0,236.0,247.0,457.0
49,3,||,0.0,0.0,102.0,0.0,0.0,0.0,0.0,0.0,0.0,0.0,221.66666666666666,0.0
50,1,||,0.0,0.0,185.0,390.0,548.0,639.0,587.0,0.0,0.0,200.0,171.0,295.0
51,1,||,0.0,0.0,36.0,173.0,169.0,134.0,175.0,448.0,468.0,121.0,149.0,176.0
52,3,||,0.0,0.0,111.0,54.0,51.0,16.333333333333332,158.33333333333334,129.33333333333334,111.33333333333333,97.33333333333333,74.0,50.666666666666664
53,1,||,0.0,0.0,1536.0,0.0,790.0,0.0,662.0,0.0,998.0,0.0,609.0,0.0
54,1,||,0.0,0.0,2272.0,60.0,45.0,0.0,129.0,9.0,3.0,9.0,143.0,75.0
55,2,||,0.0,0.0,58.5,0.0,42.5,0.0,50.0,0.0,48.5,14.5,36.0,14.0
56,1,||,0.0,0.0,334.0,87.0,286.0,153.0,98.0,97.0,115.0,83.0,123.0,109.0
57,16,||,0.0,0.0,91.5,4.3125,1.4375,0.3125,1.375,0.0625,0.0,0.0625,3.25,1.125
58,1,||,0.0,0.0,95.0,48.0,58.0,41.0,80.0,155.0,155.0,155.0,0.0,60.0
59,1,||,0.0,0.0,734.0,980.0,0.0,0.0,0.0,0.0,0.0,0.0,0.0,0.0
60,1,||,0.0,0.0,1.0,0.0,0.0,1.0,0.0,2.0,179.0,180.0,0.0,0.0
61,2,||,0.0,0.0,98.5,0.0,122.0,0.0,176.5,0.0,146.0,0.0,150.0,0.0
62,1,||,0.0,0.0,9.0,0.0,815.0,0.0,737.0,0.0,696.0,0.0,647.0,0.0
63,1,||,0.0,0.0,640.0,54.0,69.0,94.0,104.0,87.0,98.0,106.0,89.0,74.0
64,1,||,0.0,0.0,51.0,278.0,98.0,104.0,85.0,143.0,215.0,0.0,0.0,17.0
65,1,||,0.0,0.0,173.0,15.0,13.0,32.0,11.0,85.0,196.0,88.0,155.0,109.0
66,1,||,0.0,0.0,305.0,0.0,0.0,0.0,107.0,0.0,0.0,0.0,0.0,0.0
67,1,||,0.0,0.0,200.0,200.0,0.0,0.0,0.0,100.0,200.0,235.0,199.0,245.0
68,4,||,0.0,0.0,23.75,33.25,53.25,19.25,22.25,9.25,28.75,19.0,25.5,14.0
69,6,||,0.0,0.0,214.33333333333334,19.333333333333332,9.666666666666666,0.0,5.5,5.166666666666667,5.333333333333333,5.0,3.5,1.3333333333333333
70,1,||,0.0,0.0,486.0,0.0,245.0,0.0,217.0,0.0,52.0,0.0,404.0,0.0
71,1,||,0.0,0.0,1179.0,0.0,0.0,0.0,0.0,0.0,45.0,19.0,23.0,11.0
72,1,||,0.0,0.0,637.0,0.0,0.0,0.0,0.0,460.0,247.0,102.0,93.0,0.0
73,1,||,0.0,0.0,1099.0,123.0,500.0,422.0,122.0,188.0,135.0,143.0,211.0,90.0
74,1,||,0.0,0.0,56.0,143.0,190.0,312.0,0.0,67.0,87.0,444.0,544.0,918.0
75,1,||,0.0,0.0,168.0,84.0,126.0,53.0,68.0,63.0,69.0,76.0,0.0,246.0
76,5,||,0.0,0.0,20.4,3.4,1.2,0.6,1.8,2.6,12.8,12.6,56.0,0.0
77,1,||,0.0,0.0,694.0,446.0,160.0,93.0,102.0,130.0,105.0,96.0,202.0,149.0
78,1,||,0.0,0.0,43.0,101.0,159.0,141.0,99.0,81.0,94.0,95.0,174.0,91.0
79,1,||,0.0,0.0,476.0,0.0,459.0,0.0,342.0,0.0,376.0,0.0,387.0,0.0
80,1,||,0.0,0.0,633.0,0.0,167.0,0.0,430.0,0.0,585.0,0.0,645.0,0.0
81,3,||,0.0,0.0,134.0,86.0,7.666666666666667,11.333333333333334,14.333333333333334,19.0,19.666666666666668,12.333333333333334,26.333333333333332,46.333333333333336
82,1,||,0.0,0.0,28.0,292.0,486.0,0.0,201.0,0.0,153.0,209.0,0.0,469.0
83,1,||,0.0,0.0,640.0,0.0,0.0,0.0,0.0,0.0,0.0,0.0,0.0,0.0
84,1,||,0.0,0.0,287.0,158.0,219.0,204.0,253.0,286.0,251.0,270.0,277.0,214.0
85,1,||,0.0,0.0,300.0,300.0,0.0,625.0,120.0,55.0,353.0,94.0,102.0,118.0
86,1,||,0.0,0.0,100.0,0.0,0.0,0.0,0.0,0.0,0.0,60.0,70.0,178.0
87,2,||,0.0,0.0,340.0,130.0,158.5,111.0,107.5,90.5,56.5,59.5,58.0,18.0
88,1,||,0.0,0.0,2.0,20.0,0.0,238.0,0.0,0.0,0.0,4.0,0.0,0.0
89,1,||,0.0,0.0,400.0,0.0,281.0,0.0,360.0,0.0,393.0,0.0,297.0,0.0
90,2,||,0.0,0.0,24.0,24.0,14.5,0.0,0.0,0.0,35.0,23.5,72.0,107.0
91,1,||,0.0,0.0,219.0,0.0,414.0,0.0,642.0,0.0,404.0,0.0,1.0,0.0
92,2,||,0.0,0.0,26.0,12.5,17.0,26.0,36.5,24.0,95.5,113.5,147.5,162.0
93,1,||,0.0,0.0,830.0,454.0,604.0,174.0,174.0,148.0,107.0,117.0,314.0,0.0
94,10,||,0.0,0.0,11.3,8.0,12.2,16.2,29.2,39.6,26.6,14.8,22.0,18.5
95,1,||,0.0,0.0,4.0,3.0,2.0,103.0,147.0,107.0,101.0,566.0,211.0,173.0
96,1,||,0.0,0.0,246.0,126.0,77.0,129.0,142.0,142.0,131.0,154.0,267.0,117.0
97,1,||,0.0,0.0,846.0,0.0,0.0,0.0,620.0,0.0,329.0,0.0,308.0,0.0
98,1,||,0.0,0.0,457.0,0.0,510.0,0.0,412.0,0.0,293.0,0.0,109.0,0.0
99,1,||,0.0,0.0,745.0,0.0,528.0,0.0,450.0,0.0,428.0,0.0,301.0,0.0
100,1,||,0.0,0.0,12.0,401.0,513.0,173.0,174.0,280.0,225.0,219.0,317.0,249.0
101,1,||,0.0,0.0,332.0,0.0,0.0,0.0,182.0,0.0,0.0,0.0,219.0,0.0
102,3,||,0.0,0.0,118.33333333333333,0.0,5.666666666666667,0.0,0.0,0.0,141.0,0.0,31.666666666666668,0.0
103,1,||,0.0,0.0,16.0,59.0,118.0,56.0,100.0,116.0,105.0,60.0,83.0,0.0
104,1,||,0.0,0.0,214.0,110.0,108.0,123.0,0.0,0.0,322.0,109.0,111.0,124.0
105,1,||,0.0,0.0,10.0,0.0,135.0,134.0,167.0,235.0,131.0,93.0,24.0,71.0
106,1,||,0.0,0.0,156.0,0.0,0.0,0.0,180.0,0.0,0.0,0.0,203.0,0.0
107,1,||,0.0,0.0,406.0,156.0,155.0,128.0,71.0,60.0,70.0,85.0,90.0,113.0
108,1,||,0.0,0.0,237.0,0.0,132.0,0.0,70.0,0.0,119.0,0.0,131.0,0.0
109,1,||,0.0,0.0,237.0,74.0,70.0,0.0,8.0,50.0,49.0,38.0,20.0,84.0
110,3,||,0.0,0.0,80.0,3.3333333333333335,57.666666666666664,25.0,55.333333333333336,95.66666666666667,37.333333333333336,60.666666666666664,38.666666666666664,52.666666666666664
111,1,||,0.0,0.0,598.0,0.0,442.0,0.0,262.0,0.0,324.0,0.0,227.0,0.0
112,1,||,0.0,0.0,493.0,175.0,244.0,244.0,223.0,203.0,207.0,226.0,160.0,180.0
113,1,||,0.0,0.0,753.0,0.0,367.0,0.0,344.0,0.0,352.0,0.0,240.0,0.0
114,1,||,0.0,0.0,129.0,44.0,44.0,46.0,46.0,90.0,50.0,5.0,82.0,95.0
115,1,||,0.0,0.0,104.0,0.0,153.0,0.0,141.0,0.0,92.0,0.0,115.0,0.0
116,3,||,0.0,0.0,268.0,0.0,132.66666666666666,0.0,152.0,0.0,179.0,0.0,159.66666666666666,0.0
117,1,||,0.0,0.0,300.0,200.0,100.0,100.0,90.0,110.0,91.0,0.0,0.0,0.0
118,1,||,0.0,0.0,200.0,144.0,0.0,135.0,122.0,3.0,300.0,0.0,0.0,0.0
119,1,||,0.0,0.0,235.0,349.0,77.0,175.0,88.0,132.0,170.0,171.0,52.0,156.0
120,3,||,0.0,0.0,28.666666666666668,7.0,0.0,1.3333333333333333,4.0,0.0,66.0,76.0,36.0,16.333333333333332
121,1,||,0.0,0.0,247.0,126.0,75.0,87.0,10.0,11.0,149.0,80.0,117.0,124.0
122,2,||,0.0,0.0,196.5,3.5,23.5,50.5,48.0,31.5,31.5,35.5,31.0,37.5
123,1,||,0.0,0.0,190.0,42.0,40.0,8.0,10.0,0.0,0.0,0.0,0.0,450.0
124,1,||,0.0,0.0,565.0,0.0,0.0,0.0,0.0,0.0,0.0,0.0,264.0,0.0
125,1,||,0.0,0.0,301.0,88.0,456.0,229.0,0.0,236.0,57.0,228.0,170.0,183.0
126,1,||,0.0,0.0,100.0,60.0,397.0,50.0,50.0,83.0,17.0,0.0,201.0,50.0
127,25,||,0.0,0.0,37.4,1.92,3.16,3.72,3.92,2.44,3.08,2.96,4.16,3.56
128,1,||,0.0,0.0,421.0,289.0,242.0,127.0,116.0,80.0,68.0,50.0,78.0,75.0
129,1,||,0.0,0.0,23.0,0.0,0.0,4.0,0.0,6.0,64.0,15.0,373.0,156.0
130,2,||,0.0,0.0,186.0,0.0,47.5,0.0,98.5,0.0,100.5,0.0,72.0,0.0
131,6,||,0.0,0.0,9.166666666666666,38.5,16.5,17.666666666666668,10.5,3.5,6.333333333333333,2.8333333333333335,4.166666666666667,11.333333333333334
132,1,||,0.0,0.0,98.0,0.0,0.0,0.0,108.0,0.0,0.0,0.0,95.0,0.0
133,2,||,0.0,0.0,79.5,36.5,45.5,44.0,42.5,70.5,78.5,53.5,84.0,75.0
134,1,||,0.0,0.0,59.0,1.0,0.0,42.0,0.0,41.0,27.0,34.0,0.0,439.0
135,1,||,0.0,0.0,345.0,0.0,132.0,0.0,99.0,0.0,523.0,0.0,101.0,0.0
136,2,||,0.0,0.0,21.0,0.5,0.0,11.0,12.5,97.5,78.5,95.5,86.5,79.0
137,1,||,0.0,0.0,310.0,0.0,258.0,0.0,252.0,0.0,80.0,0.0,214.0,0.0
138,1,||,0.0,0.0,169.0,0.0,294.0,0.0,258.0,0.0,157.0,0.0,236.0,0.0
139,2,||,0.0,0.0,103.0,53.0,27.0,127.0,34.0,34.5,24.0,32.0,40.5,18.5
140,6,||,0.0,0.0,11.333333333333334,48.333333333333336,38.333333333333336,61.833333333333336,48.666666666666664,62.833333333333336,50.833333333333336,34.166666666666664,77.33333333333333,55.666666666666664
141,1,||,0.0,0.0,444.0,188.0,98.0,130.0,105.0,139.0,165.0,128.0,75.0,216.0
142,1,||,0.0,0.0,18.0,106.0,121.0,121.0,111.0,211.0,151.0,111.0,121.0,121.0
143,1,||,0.0,0.0,612.0,0.0,166.0,0.0,20.0,0.0,342.0,0.0,165.0,0.0
144,1,||,0.0,0.0,1232.0,0.0,646.0,0.0,503.0,0.0,504.0,0.0,508.0,0.0
145,2,||,0.0,0.0,16.5,2.0,2.5,2.5,1.5,2.0,0.0,0.0,19.0,74.0
146,1,||,0.0,0.0,285.0,0.0,294.0,0.0,301.0,0.0,240.0,0.0,274.0,0.0
147,1,||,0.0,0.0,171.0,53.0,0.0,180.0,73.0,89.0,0.0,174.0,61.0,52.0
148,1,||,0.0,0.0,15.0,160.0,0.0,0.0,0.0,20.0,0.0,0.0,110.0,56.0
149,1,||,0.0,0.0,286.0,296.0,220.0,131.0,94.0,108.0,99.0,104.0,152.0,173.0
150,1,||,0.0,0.0,535.0,0.0,534.0,0.0,322.0,0.0,297.0,0.0,330.0,0.0
151,1,||,0.0,0.0,557.0,0.0,524.0,0.0,550.0,0.0,357.0,0.0,280.0,0.0
152,1,||,0.0,0.0,116.0,29.0,31.0,41.0,44.0,59.0,180.0,0.0,0.0,28.0
153,2,||,0.0,0.0,115.0,0.0,3.5,0.0,218.5,0.0,90.0,0.0,104.5,0.0
154,2,||,0.0,0.0,143.0,0.0,21.5,0.0,0.0,0.0,0.0,0.0,137.5,0.0
155,1,||,0.0,0.0,113.0,362.0,77.0,57.0,21.0,87.0,92.0,76.0,61.0,70.0
156,1,||,0.0,0.0,274.0,0.0,126.0,0.0,0.0,0.0,285.0,0.0,129.0,0.0
157,1,||,0.0,0.0,422.0,0.0,221.0,0.0,249.0,0.0,413.0,0.0,251.0,0.0
158,1,||,0.0,0.0,255.0,0.0,154.0,0.0,48.0,0.0,166.0,0.0,2.0,0.0
159,1,||,0.0,0.0,159.0,173.0,138.0,54.0,66.0,63.0,54.0,52.0,71.0,36.0
160,1,||,0.0,0.0,27.0,0.0,9.0,0.0,21.0,0.0,429.0,0.0,5.0,0.0
161,2,||,0.0,0.0,118.0,28.5,10.0,74.5,15.5,10.5,134.5,44.5,45.5,33.5
162,3,||,0.0,0.0,21.666666666666668,12.0,35.666666666666664,0.0,63.333333333333336,0.0,93.0,0.0,124.66666666666667,0.0
163,1,||,0.0,0.0,242.0,0.0,200.0,0.0,215.0,0.0,184.0,0.0,201.0,0.0
164,2,||,0.0,0.0,136.0,0.0,42.0,0.0,0.0,0.0,0.0,0.0,0.0,0.0
165,1,||,0.0,0.0,685.0,459.0,313.0,121.0,176.0,133.0,98.0,67.0,90.0,0.0
166,1,||,0.0,0.0,89.0,0.0,30.0,14.0,0.0,57.0,9.0,6.0,201.0,316.0
167,5,||,0.0,0.0,66.6,45.2,18.4,22.0,10.4,19.8,9.6,16.8,4.0,4.2
168,1,||,0.0,0.0,451.0,0.0,376.0,0.0,255.0,0.0,248.0,0.0,274.0,0.0
169,3,||,0.0,0.0,156.0,77.33333333333333,72.33333333333333,67.33333333333333,75.66666666666667,65.0,65.66666666666667,76.0,65.66666666666667,62.0
170,2,||,0.0,0.0,105.5,110.0,123.5,109.5,129.5,128.0,118.5,115.0,98.5,113.0
171,2,||,0.0,0.0,111.5,16.5,8.5,0.0,4.5,5.0,36.5,44.0,32.0,46.5
172,2,||,0.0,0.0,518.0,0.0,342.5,0.0,301.5,0.0,332.5,0.0,317.5,0.0
173,2,||,0.0,0.0,70.0,14.5,133.5,34.0,49.0,80.5,33.5,13.0,10.0,16.0
174,3,||,0.0,0.0,122.66666666666667,0.0,0.0,0.0,103.33333333333333,0.3333333333333333,0.3333333333333333,3.3333333333333335,0.0,0.3333333333333333
175,1,||,0.0,0.0,486.0,0.0,370.0,0.0,358.0,0.0,220.0,0.0,400.0,0.0
176,1,||,0.0,0.0,297.0,97.0,95.0,74.0,32.0,82.0,23.0,79.0,71.0,51.0
177,1,||,0.0,0.0,169.0,0.0,10.0,166.0,59.0,0.0,105.0,58.0,64.0,58.0
178,1,||,0.0,0.0,521.0,0.0,412.0,0.0,200.0,0.0,212.0,0.0,226.0,0.0
179,1,||,0.0,0.0,212.0,0.0,100.0,0.0,0.0,0.0,128.0,0.0,0.0,0.0
180,1,||,0.0,0.0,428.0,0.0,308.0,0.0,211.0,0.0,219.0,0.0,119.0,0.0
181,1,||,0.0,0.0,408.0,0.0,198.0,0.0,0.0,0.0,259.0,0.0,0.0,0.0
182,1,||,0.0,0.0,9.0,25.0,57.0,113.0,142.0,171.0,165.0,110.0,99.0,61.0
183,1,||,0.0,0.0,659.0,105.0,124.0,98.0,93.0,92.0,81.0,79.0,69.0,92.0
184,2,||,0.0,0.0,136.5,0.0,96.0,0.0,82.5,0.0,92.0,0.0,94.0,0.0
185,1,||,0.0,0.0,340.0,11.0,9.0,38.0,0.0,42.0,0.0,0.0,10.0,32.0
186,1,||,0.0,0.0,111.0,167.0,136.0,121.0,117.0,134.0,152.0,92.0,179.0,217.0
187,1,||,0.0,0.0,153.0,0.0,160.0,0.0,131.0,0.0,146.0,0.0,0.0,0.0
188,1,||,0.0,0.0,770.0,0.0,328.0,0.0,339.0,0.0,269.0,0.0,333.0,0.0
189,2,||,0.0,0.0,53.0,42.0,34.5,16.5,57.5,101.5,87.0,44.0,35.5,42.5
190,1,||,0.0,0.0,25.0,0.0,324.0,0.0,25.0,0.0,22.0,0.0,49.0,0.0
191,2,||,0.0,0.0,69.0,144.0,15.5,26.5,3.5,0.0,0.0,0.0,0.0,0.0
192,1,||,0.0,0.0,16.0,18.0,17.0,67.0,60.0,44.0,53.0,85.0,0.0,0.0
193,1,||,0.0,0.0,102.0,100.0,215.0,165.0,42.0,30.0,112.0,81.0,65.0,76.0
194,1,||,0.0,0.0,6.0,6.0,3.0,28.0,96.0,133.0,139.0,86.0,86.0,42.0
195,1,||,0.0,0.0,310.0,0.0,246.0,0.0,113.0,0.0,113.0,0.0,81.0,0.0
196,1,||,0.0,0.0,64.0,82.0,111.0,94.0,77.0,94.0,71.0,49.0,81.0,2.0
197,1,||,0.0,0.0,1.0,0.0,0.0,9.0,112.0,125.0,142.0,156.0,145.0,127.0
198,1,||,0.0,0.0,100.0,151.0,150.0,90.0,100.0,75.0,0.0,135.0,204.0,96.0
----------------------------------------------------------------------------
	 打印每个簇及其样本信息 

----------------------------------------------------------------------------
	 簇及其样本 

--------------------------------------
	簇ID:	 计数
	0:	 5

	样本数据

690236250, 6902362505, ||, 0.0, 0.0, 62.0, 123.0, 25.0, 65.0, 0.0, 0.0, 27.0, 0.0, 0.0, 86.0, ||,  0
810948666, 8107087724, ||, 0.0, 0.0, 14.0, 95.0, 93.0, 47.0, 35.0, 39.0, 39.0, 44.0, 57.0, 50.0, ||,  0
753174173, 0753174173, ||, 0.0, 0.0, 88.0, 65.0, 48.0, 66.0, 70.0, 35.0, 1.0, 2.0, 100.0, 0.0, ||,  0
710023818, 0710023818, ||, 0.0, 0.0, 48.0, 86.0, 50.0, 61.0, 40.0, 31.0, 22.0, 23.0, 41.0, 15.0, ||,  0
711036030, 0711036030, ||, 0.0, 0.0, 44.0, 68.0, 39.0, 20.0, 25.0, 35.0, 38.0, 31.0, 50.0, 57.0, ||,  0
--------------------------------------
	簇ID:	 计数
	1:	 1

	样本数据

748000949, 7480009497, ||, 0.0, 0.0, 4290.0, 18553.0, 25221.0, 23007.0, 20379.0, 20282.0, 18158.0, 21185.0, 16748.0, 26341.0, ||,  1
--------------------------------------
	簇ID:	 计数
	2:	 1

	样本数据

814832878, 8144694215, ||, 0.0, 0.0, 17730.0, 13920.0, 6690.0, 3150.0, 6060.0, 8340.0, 6420.0, 3030.0, 6660.0, 14670.0, ||,  2
--------------------------------------
	簇ID:	 计数
	3:	 1

	样本数据

785004909, 7850049092, ||, 0.0, 0.0, 11070.0, 2429.0, 2514.0, 2730.0, 0.0, 2083.0, 1508.0, 1639.0, 0.0, 1412.0, ||,  3
--------------------------------------
	簇ID:	 计数
	4:	 1

	样本数据

25399630, 0253996307, ||, 0.0, 0.0, 131.0, 482.0, 71.0, 263.0, 291.0, 401.0, 399.0, 287.0, 292.0, 321.0, ||,  4
--------------------------------------
	簇ID:	 计数
	5:	 1

	样本数据

807240627, 8070835922, ||, 0.0, 0.0, 5583.0, 0.0, 0.0, 0.0, 3056.0, 0.0, 289.0, 0.0, 309.0, 0.0, ||,  5
--------------------------------------
	簇ID:	 计数
	6:	 1

	样本数据

706029918, 0706029918, ||, 0.0, 0.0, 498.0, 993.0, 403.0, 217.0, 190.0, 279.0, 406.0, 257.0, 456.0, 982.0, ||,  6
--------------------------------------
	簇ID:	 计数
	7:	 3

	样本数据

9050361, 0090503610, ||, 0.0, 0.0, 5.0, 0.0, 13.0, 4.0, 33.0, 98.0, 143.0, 162.0, 200.0, 208.0, ||,  7
814781260, 8144217038, ||, 0.0, 0.0, 40.0, 36.0, 2.0, 3.0, 4.0, 99.0, 113.0, 183.0, 197.0, 189.0, ||,  7
807935523, 8077518682, ||, 0.0, 0.0, 4.0, 22.0, 10.0, 14.0, 79.0, 155.0, 148.0, 124.0, 238.0, 233.0, ||,  7
--------------------------------------
	簇ID:	 计数
	8:	 1

	样本数据

30072752, 0300727528, ||, 0.0, 0.0, 1033.0, 0.0, 443.0, 0.0, 436.0, 0.0, 607.0, 0.0, 602.0, 0.0, ||,  8
--------------------------------------
	簇ID:	 计数
	9:	 1

	样本数据

810670761, 8104377859, ||, 0.0, 0.0, 842.0, 130.0, 0.0, 175.0, 118.0, 133.0, 34.0, 100.0, 109.0, 482.0, ||,  9
--------------------------------------
	簇ID:	 计数
	10:	 1

	样本数据

756001764, 7560017644, ||, 0.0, 0.0, 7968.0, 7170.0, 2460.0, 1337.0, 1054.0, 1512.0, 1265.0, 1578.0, 1614.0, 2381.0, ||,  10
--------------------------------------
	簇ID:	 计数
	11:	 1

	样本数据

21145130, 0211451309, ||, 0.0, 0.0, 1181.0, 173.0, 1166.0, 662.0, 1055.0, 1842.0, 1399.0, 201.0, 199.0, 230.0, ||,  11
--------------------------------------
	簇ID:	 计数
	12:	 1

	样本数据

809676493, 8094614729, ||, 0.0, 0.0, 2204.0, 331.0, 375.0, 197.0, 212.0, 133.0, 149.0, 157.0, 261.0, 280.0, ||,  12
--------------------------------------
	簇ID:	 计数
	13:	 1

	样本数据

786013066, 7860130667, ||, 0.0, 0.0, 3.0, 1131.0, 967.0, 101.0, 0.0, 2024.0, 202.0, 0.0, 0.0, 0.0, ||,  13
--------------------------------------
	簇ID:	 计数
	14:	 1

	样本数据

19653699, 0196536996, ||, 0.0, 0.0, 32.0, 155.0, 283.0, 184.0, 131.0, 579.0, 69.0, 218.0, 83.0, 438.0, ||,  14
--------------------------------------
	簇ID:	 计数
	15:	 2

	样本数据

812983114, 8126531864, ||, 0.0, 0.0, 164.0, 76.0, 143.0, 118.0, 109.0, 92.0, 93.0, 85.0, 94.0, 93.0, ||,  15
698044494, 6980444940, ||, 0.0, 0.0, 173.0, 77.0, 138.0, 106.0, 111.0, 96.0, 115.0, 99.0, 92.0, 175.0, ||,  15
--------------------------------------
	簇ID:	 计数
	16:	 1

	样本数据

26099121, 0260991214, ||, 0.0, 0.0, 317.0, 0.0, 0.0, 0.0, 0.0, 0.0, 493.0, 0.0, 787.0, 0.0, ||,  16
--------------------------------------
	簇ID:	 计数
	17:	 1

	样本数据

31067802, 0310678021, ||, 0.0, 0.0, 509.0, 0.0, 977.0, 0.0, 610.0, 0.0, 272.0, 0.0, 212.0, 0.0, ||,  17
--------------------------------------
	簇ID:	 计数
	18:	 1

	样本数据

814518081, 8141714594, ||, 0.0, 0.0, 239.0, 0.0, 376.0, 0.0, 248.0, 0.0, 269.0, 0.0, 360.0, 0.0, ||,  18
--------------------------------------
	簇ID:	 计数
	19:	 1

	样本数据

814578466, 8142285402, ||, 0.0, 0.0, 728.0, 182.0, 155.0, 151.0, 119.0, 139.0, 147.0, 50.0, 38.0, 48.0, ||,  19
--------------------------------------
	簇ID:	 计数
	20:	 50

	样本数据

741061600, 7410616005, ||, 0.0, 0.0, 4.0, 0.0, 0.0, 0.0, 0.0, 0.0, 0.0, 0.0, 0.0, 0.0, ||,  20
730098586, 0730098586, ||, 0.0, 0.0, 1.0, 0.0, 0.0, 0.0, 0.0, 0.0, 0.0, 0.0, 0.0, 0.0, ||,  20
733099162, 0733099162, ||, 0.0, 0.0, 1.0, 11.0, 10.0, 5.0, 5.0, 1.0, 1.0, 1.0, 1.0, 1.0, ||,  20
7031006, 0070310069, ||, 0.0, 0.0, 1.0, 1.0, 0.0, 0.0, 2.0, 1.0, 0.0, 1.0, 1.0, 1.0, ||,  20
640059374, 6400593744, ||, 0.0, 0.0, 2.0, 0.0, 0.0, 0.0, 0.0, 0.0, 0.0, 0.0, 0.0, 0.0, ||,  20
781127155, 7811271559, ||, 0.0, 0.0, 9.0, 0.0, 0.0, 0.0, 0.0, 0.0, 0.0, 0.0, 0.0, 0.0, ||,  20
623524908, 6235249085, ||, 0.0, 0.0, 1.0, 0.0, 0.0, 0.0, 1.0, 1.0, 0.0, 0.0, 2.0, 0.0, ||,  20
21200101, 0212001013, ||, 0.0, 0.0, 1.0, 1.0, 0.0, 2.0, 0.0, 0.0, 1.0, 0.0, 0.0, 1.0, ||,  20
784007507, 7840075074, ||, 0.0, 0.0, 12.0, 0.0, 12.0, 0.0, 12.0, 12.0, 18.0, 0.0, 0.0, 0.0, ||,  20
802912758, 8028778071, ||, 0.0, 0.0, 3.0, 0.0, 2.0, 0.0, 0.0, 0.0, 1.0, 0.0, 1.0, 0.0, ||,  20
27243663, 0272436633, ||, 0.0, 0.0, 5.0, 0.0, 0.0, 0.0, 0.0, 0.0, 0.0, 0.0, 0.0, 0.0, ||,  20
731072162, 7310721625, ||, 0.0, 0.0, 14.0, 0.0, 0.0, 13.0, 0.0, 0.0, 13.0, 10.0, 0.0, 0.0, ||,  20
731126555, 7311265555, ||, 0.0, 0.0, 20.0, 0.0, 0.0, 5.0, 0.0, 0.0, 0.0, 0.0, 0.0, 0.0, ||,  20
741033134, 7410331348, ||, 0.0, 0.0, 4.0, 0.0, 0.0, 0.0, 0.0, 0.0, 0.0, 0.0, 0.0, 0.0, ||,  20
741106484, 7411064847, ||, 0.0, 0.0, 15.0, 5.0, 0.0, 20.0, 5.0, 5.0, 10.0, 10.0, 1.0, 4.0, ||,  20
742120766, 7421207663, ||, 0.0, 0.0, 1.0, 0.0, 0.0, 3.0, 0.0, 10.0, 30.0, 23.0, 2.0, 0.0, ||,  20
785135847, 7851358478, ||, 0.0, 0.0, 14.0, 0.0, 6.0, 0.0, 0.0, 0.0, 13.0, 0.0, 6.0, 0.0, ||,  20
690035494, 6900354944, ||, 0.0, 0.0, 1.0, 1.0, 4.0, 0.0, 0.0, 0.0, 14.0, 0.0, 0.0, 0.0, ||,  20
42484, 0000424846, ||, 0.0, 0.0, 1.0, 0.0, 0.0, 0.0, 0.0, 0.0, 0.0, 0.0, 0.0, 0.0, ||,  20
66903, 0000669030, ||, 0.0, 0.0, 10.0, 0.0, 0.0, 0.0, 0.0, 0.0, 0.0, 5.0, 19.0, 14.0, ||,  20
376380, 0003763807, ||, 0.0, 0.0, 1.0, 0.0, 0.0, 0.0, 41.0, 10.0, 0.0, 0.0, 0.0, 1.0, ||,  20
432203, 0004322030, ||, 0.0, 0.0, 1.0, 0.0, 0.0, 0.0, 1.0, 0.0, 0.0, 0.0, 0.0, 0.0, ||,  20
7168774, 0071687748, ||, 0.0, 0.0, 4.0, 0.0, 0.0, 0.0, 0.0, 0.0, 8.0, 0.0, 0.0, 0.0, ||,  20
640053389, 6400533894, ||, 0.0, 0.0, 3.0, 0.0, 0.0, 0.0, 0.0, 0.0, 0.0, 0.0, 0.0, 0.0, ||,  20
782113153, 7821131539, ||, 0.0, 0.0, 3.0, 3.0, 4.0, 0.0, 0.0, 0.0, 0.0, 0.0, 1.0, 0.0, ||,  20
812331898, 8120189719, ||, 0.0, 0.0, 10.0, 0.0, 0.0, 0.0, 0.0, 0.0, 0.0, 0.0, 0.0, 0.0, ||,  20
805034707, 8049365148, ||, 0.0, 0.0, 18.0, 0.0, 0.0, 0.0, 29.0, 0.0, 0.0, 0.0, 1.0, 0.0, ||,  20
30179271, 0301792710, ||, 0.0, 0.0, 2.0, 1.0, 1.0, 0.0, 0.0, 3.0, 20.0, 10.0, 1.0, 0.0, ||,  20
814303533, 8139608193, ||, 0.0, 0.0, 5.0, 0.0, 0.0, 0.0, 4.0, 0.0, 0.0, 0.0, 0.0, 0.0, ||,  20
805506324, 8053961385, ||, 0.0, 0.0, 3.0, 0.0, 0.0, 0.0, 3.0, 0.0, 0.0, 0.0, 0.0, 0.0, ||,  20
670166323, 6701663230, ||, 0.0, 0.0, 1.0, 0.0, 0.0, 0.0, 0.0, 0.0, 4.0, 2.0, 2.0, 11.0, ||,  20
717064446, 7170644469, ||, 0.0, 0.0, 2.0, 0.0, 37.0, 10.0, 0.0, 0.0, 0.0, 0.0, 4.0, 0.0, ||,  20
811154170, 8109090856, ||, 0.0, 0.0, 7.0, 0.0, 0.0, 0.0, 0.0, 0.0, 0.0, 0.0, 0.0, 0.0, ||,  20
809045807, 8088421221, ||, 0.0, 0.0, 7.0, 0.0, 8.0, 0.0, 8.0, 0.0, 9.0, 0.0, 8.0, 0.0, ||,  20
810778152, 8105436928, ||, 0.0, 0.0, 1.0, 0.0, 0.0, 1.0, 0.0, 0.0, 0.0, 0.0, 0.0, 0.0, ||,  20
21085596, 0210855966, ||, 0.0, 0.0, 2.0, 1.0, 1.0, 0.0, 1.0, 0.0, 0.0, 0.0, 0.0, 9.0, ||,  20
760142103, 0760142103, ||, 0.0, 0.0, 2.0, 4.0, 47.0, 0.0, 0.0, 0.0, 0.0, 0.0, 0.0, 0.0, ||,  20
770179603, 0770179603, ||, 0.0, 0.0, 6.0, 0.0, 0.0, 0.0, 0.0, 0.0, 0.0, 0.0, 0.0, 0.0, ||,  20
810694650, 8104612600, ||, 0.0, 0.0, 15.0, 0.0, 0.0, 0.0, 0.0, 0.0, 0.0, 0.0, 0.0, 0.0, ||,  20
5312192, 0053121921, ||, 0.0, 0.0, 16.0, 0.0, 0.0, 0.0, 10.0, 0.0, 0.0, 0.0, 0.0, 0.0, ||,  20
755232465, 7552324657, ||, 0.0, 0.0, 6.0, 0.0, 0.0, 0.0, 0.0, 0.0, 8.0, 0.0, 0.0, 0.0, ||,  20
766068604, 7660686041, ||, 0.0, 0.0, 10.0, 0.0, 0.0, 0.0, 0.0, 0.0, 0.0, 0.0, 0.0, 0.0, ||,  20
697000873, 6970008738, ||, 0.0, 0.0, 4.0, 0.0, 0.0, 0.0, 0.0, 0.0, 0.0, 0.0, 0.0, 0.0, ||,  20
740065146, 0740065146, ||, 0.0, 0.0, 2.0, 4.0, 1.0, 0.0, 0.0, 0.0, 0.0, 0.0, 0.0, 1.0, ||,  20
808861113, 8086592860, ||, 0.0, 0.0, 17.0, 0.0, 0.0, 0.0, 0.0, 0.0, 0.0, 0.0, 0.0, 12.0, ||,  20
23125395, 0231253956, ||, 0.0, 0.0, 8.0, 0.0, 0.0, 0.0, 0.0, 0.0, 0.0, 0.0, 0.0, 0.0, ||,  20
711003916, 0711003916, ||, 0.0, 0.0, 2.0, 1.0, 1.0, 1.0, 0.0, 1.0, 1.0, 1.0, 0.0, 0.0, ||,  20
783142818, 7831428182, ||, 0.0, 0.0, 20.0, 0.0, 0.0, 0.0, 0.0, 0.0, 0.0, 0.0, 0.0, 0.0, ||,  20
773058564, 0773058564, ||, 0.0, 0.0, 1.0, 1.0, 0.0, 0.0, 0.0, 0.0, 0.0, 0.0, 0.0, 0.0, ||,  20
758122631, 0758122631, ||, 0.0, 0.0, 13.0, 1.0, 11.0, 12.0, 10.0, 13.0, 6.0, 8.0, 7.0, 3.0, ||,  20
--------------------------------------
	簇ID:	 计数
	21:	 1

	样本数据

27228588, 0272285886, ||, 0.0, 0.0, 211.0, 1212.0, 0.0, 0.0, 0.0, 379.0, 0.0, 0.0, 178.0, 0.0, ||,  21
--------------------------------------
	簇ID:	 计数
	22:	 1

	样本数据

30020878, 0300208784, ||, 0.0, 0.0, 596.0, 0.0, 413.0, 0.0, 383.0, 0.0, 425.0, 0.0, 351.0, 0.0, ||,  22
--------------------------------------
	簇ID:	 计数
	23:	 1

	样本数据

812851739, 8125318039, ||, 0.0, 0.0, 39.0, 0.0, 126.0, 0.0, 180.0, 0.0, 172.0, 0.0, 132.0, 0.0, ||,  23
--------------------------------------
	簇ID:	 计数
	24:	 1

	样本数据

811587813, 8113185414, ||, 0.0, 0.0, 490.0, 649.0, 116.0, 104.0, 90.0, 127.0, 125.0, 112.0, 116.0, 132.0, ||,  24
--------------------------------------
	簇ID:	 计数
	25:	 1

	样本数据

814639646, 8142845682, ||, 0.0, 0.0, 161.0, 0.0, 610.0, 174.0, 145.0, 176.0, 185.0, 191.0, 212.0, 184.0, ||,  25
--------------------------------------
	簇ID:	 计数
	26:	 1

	样本数据

2299112, 0022991124, ||, 0.0, 0.0, 72.0, 0.0, 95.0, 104.0, 0.0, 0.0, 66.0, 55.0, 113.0, 663.0, ||,  26
--------------------------------------
	簇ID:	 计数
	27:	 1

	样本数据

800238138, 8002334231, ||, 0.0, 0.0, 19.0, 89.0, 77.0, 72.0, 50.0, 0.0, 110.0, 72.0, 29.0, 0.0, ||,  27
--------------------------------------
	簇ID:	 计数
	28:	 1

	样本数据

814567982, 8142183575, ||, 0.0, 0.0, 553.0, 261.0, 358.0, 249.0, 186.0, 166.0, 185.0, 183.0, 239.0, 230.0, ||,  28
--------------------------------------
	簇ID:	 计数
	29:	 1

	样本数据

27191680, 0271916808, ||, 0.0, 0.0, 1120.0, 0.0, 297.0, 0.0, 1061.0, 0.0, 304.0, 0.0, 494.0, 0.0, ||,  29
--------------------------------------
	簇ID:	 计数
	30:	 1

	样本数据

5521262, 0055212625, ||, 0.0, 0.0, 344.0, 156.0, 77.0, 41.0, 0.0, 0.0, 0.0, 0.0, 0.0, 0.0, ||,  30
--------------------------------------
	簇ID:	 计数
	31:	 1

	样本数据

30081735, 0300817357, ||, 0.0, 0.0, 457.0, 0.0, 164.0, 0.0, 155.0, 0.0, 130.0, 0.0, 117.0, 0.0, ||,  31
--------------------------------------
	簇ID:	 计数
	32:	 1

	样本数据

30080983, 0300809831, ||, 0.0, 0.0, 852.0, 0.0, 824.0, 0.0, 608.0, 0.0, 519.0, 0.0, 599.0, 0.0, ||,  32
--------------------------------------
	簇ID:	 计数
	33:	 1

	样本数据

802038510, 8020201504, ||, 0.0, 0.0, 183.0, 0.0, 80.0, 76.0, 290.0, 738.0, 541.0, 19.0, 4.0, 4.0, ||,  33
--------------------------------------
	簇ID:	 计数
	34:	 3

	样本数据

26759623, 0267596230, ||, 0.0, 0.0, 302.0, 0.0, 289.0, 0.0, 195.0, 0.0, 239.0, 0.0, 166.0, 0.0, ||,  34
814516785, 8141701637, ||, 0.0, 0.0, 198.0, 0.0, 266.0, 0.0, 161.0, 0.0, 207.0, 0.0, 95.0, 0.0, ||,  34
31033972, 0310339728, ||, 0.0, 0.0, 315.0, 0.0, 321.0, 0.0, 183.0, 0.0, 270.0, 0.0, 266.0, 0.0, ||,  34
--------------------------------------
	簇ID:	 计数
	35:	 1

	样本数据

696087175, 6960871751, ||, 0.0, 0.0, 108.0, 322.0, 561.0, 726.0, 570.0, 652.0, 756.0, 633.0, 886.0, 873.0, ||,  35
--------------------------------------
	簇ID:	 计数
	36:	 1

	样本数据

801834266, 8018176654, ||, 0.0, 0.0, 96.0, 0.0, 0.0, 0.0, 0.0, 0.0, 0.0, 381.0, 656.0, 697.0, ||,  36
--------------------------------------
	簇ID:	 计数
	37:	 1

	样本数据

9276668, 0092766684, ||, 0.0, 0.0, 1122.0, 500.0, 0.0, 458.0, 617.0, 0.0, 683.0, 389.0, 445.0, 322.0, ||,  37
--------------------------------------
	簇ID:	 计数
	38:	 2

	样本数据

25463435, 0254634352, ||, 0.0, 0.0, 220.0, 0.0, 0.0, 0.0, 0.0, 0.0, 0.0, 0.0, 248.0, 0.0, ||,  38
5218103, 0052181030, ||, 0.0, 0.0, 238.0, 0.0, 0.0, 0.0, 0.0, 0.0, 0.0, 0.0, 330.0, 0.0, ||,  38
--------------------------------------
	簇ID:	 计数
	39:	 2

	样本数据

26882882, 0268828822, ||, 0.0, 0.0, 61.0, 0.0, 0.0, 0.0, 0.0, 0.0, 300.0, 0.0, 109.0, 0.0, ||,  39
812239198, 8119330243, ||, 0.0, 0.0, 116.0, 0.0, 0.0, 0.0, 49.0, 0.0, 289.0, 0.0, 225.0, 0.0, ||,  39
--------------------------------------
	簇ID:	 计数
	40:	 1

	样本数据

5289138, 0052891380, ||, 0.0, 0.0, 178.0, 22.0, 0.0, 0.0, 0.0, 0.0, 0.0, 110.0, 48.0, 0.0, ||,  40
--------------------------------------
	簇ID:	 计数
	41:	 2

	样本数据

25878868, 0258788688, ||, 0.0, 0.0, 1.0, 0.0, 199.0, 0.0, 0.0, 0.0, 0.0, 0.0, 0.0, 0.0, ||,  41
800325925, 8003199514, ||, 0.0, 0.0, 58.0, 0.0, 197.0, 0.0, 0.0, 0.0, 0.0, 0.0, 0.0, 0.0, ||,  41
--------------------------------------
	簇ID:	 计数
	42:	 1

	样本数据

30920458, 0309204589, ||, 0.0, 0.0, 915.0, 0.0, 597.0, 0.0, 0.0, 0.0, 1349.0, 0.0, 627.0, 0.0, ||,  42
--------------------------------------
	簇ID:	 计数
	43:	 1

	样本数据

2724644, 0027246447, ||, 0.0, 0.0, 1124.0, 1388.0, 596.0, 325.0, 58.0, 59.0, 57.0, 12.0, 1.0, 44.0, ||,  43
--------------------------------------
	簇ID:	 计数
	44:	 1

	样本数据

30188736, 0301887368, ||, 0.0, 0.0, 740.0, 0.0, 0.0, 0.0, 700.0, 380.0, 280.0, 0.0, 450.0, 490.0, ||,  44
--------------------------------------
	簇ID:	 计数
	45:	 1

	样本数据

709269926, 7092699264, ||, 0.0, 0.0, 4.0, 102.0, 21.0, 2.0, 20.0, 50.0, 1.0, 0.0, 0.0, 0.0, ||,  45
--------------------------------------
	簇ID:	 计数
	46:	 1

	样本数据

26280518, 0262805186, ||, 0.0, 0.0, 213.0, 0.0, 149.0, 0.0, 8.0, 0.0, 0.0, 0.0, 9.0, 0.0, ||,  46
--------------------------------------
	簇ID:	 计数
	47:	 3

	样本数据

807373540, 8072114175, ||, 0.0, 0.0, 17.0, 30.0, 14.0, 12.0, 8.0, 7.0, 5.0, 6.0, 36.0, 200.0, ||,  47
21218008, 0212180082, ||, 0.0, 0.0, 11.0, 0.0, 2.0, 0.0, 10.0, 9.0, 0.0, 1.0, 73.0, 191.0, ||,  47
810754153, 8105198338, ||, 0.0, 0.0, 12.0, 63.0, 11.0, 0.0, 0.0, 0.0, 0.0, 0.0, 83.0, 166.0, ||,  47
--------------------------------------
	簇ID:	 计数
	48:	 1

	样本数据

812702290, 8123867395, ||, 0.0, 0.0, 67.0, 120.0, 0.0, 478.0, 203.0, 183.0, 182.0, 236.0, 247.0, 457.0, ||,  48
--------------------------------------
	簇ID:	 计数
	49:	 3

	样本数据

30698195, 0306981951, ||, 0.0, 0.0, 113.0, 0.0, 0.0, 0.0, 0.0, 0.0, 0.0, 0.0, 234.0, 0.0, ||,  49
814255749, 8139137589, ||, 0.0, 0.0, 126.0, 0.0, 0.0, 0.0, 0.0, 0.0, 0.0, 0.0, 237.0, 0.0, ||,  49
760107541, 0760107541, ||, 0.0, 0.0, 67.0, 0.0, 0.0, 0.0, 0.0, 0.0, 0.0, 0.0, 194.0, 0.0, ||,  49
--------------------------------------
	簇ID:	 计数
	50:	 1

	样本数据

811826298, 8115457896, ||, 0.0, 0.0, 185.0, 390.0, 548.0, 639.0, 587.0, 0.0, 0.0, 200.0, 171.0, 295.0, ||,  50
--------------------------------------
	簇ID:	 计数
	51:	 1

	样本数据

11018201, 0110182014, ||, 0.0, 0.0, 36.0, 173.0, 169.0, 134.0, 175.0, 448.0, 468.0, 121.0, 149.0, 176.0, ||,  51
--------------------------------------
	簇ID:	 计数
	52:	 3

	样本数据

670261001, 6702610019, ||, 0.0, 0.0, 43.0, 54.0, 43.0, 0.0, 168.0, 112.0, 114.0, 97.0, 88.0, 47.0, ||,  52
706022011, 0706022011, ||, 0.0, 0.0, 126.0, 35.0, 49.0, 49.0, 141.0, 129.0, 123.0, 112.0, 65.0, 38.0, ||,  52
5444583, 0054445837, ||, 0.0, 0.0, 164.0, 73.0, 61.0, 0.0, 166.0, 147.0, 97.0, 83.0, 69.0, 67.0, ||,  52
--------------------------------------
	簇ID:	 计数
	53:	 1

	样本数据

27039866, 0270398669, ||, 0.0, 0.0, 1536.0, 0.0, 790.0, 0.0, 662.0, 0.0, 998.0, 0.0, 609.0, 0.0, ||,  53
--------------------------------------
	簇ID:	 计数
	54:	 1

	样本数据

2617204, 0026172040, ||, 0.0, 0.0, 2272.0, 60.0, 45.0, 0.0, 129.0, 9.0, 3.0, 9.0, 143.0, 75.0, ||,  54
--------------------------------------
	簇ID:	 计数
	55:	 2

	样本数据

811644762, 8113644236, ||, 0.0, 0.0, 38.0, 0.0, 51.0, 0.0, 50.0, 0.0, 60.0, 0.0, 42.0, 0.0, ||,  55
2246405, 0022464053, ||, 0.0, 0.0, 79.0, 0.0, 34.0, 0.0, 50.0, 0.0, 37.0, 29.0, 30.0, 28.0, ||,  55
--------------------------------------
	簇ID:	 计数
	56:	 1

	样本数据

812654782, 8123382557, ||, 0.0, 0.0, 334.0, 87.0, 286.0, 153.0, 98.0, 97.0, 115.0, 83.0, 123.0, 109.0, ||,  56
--------------------------------------
	簇ID:	 计数
	57:	 16

	样本数据

782203963, 7822039632, ||, 0.0, 0.0, 100.0, 0.0, 0.0, 0.0, 0.0, 0.0, 0.0, 0.0, 0.0, 0.0, ||,  57
773092276, 0773092276, ||, 0.0, 0.0, 100.0, 0.0, 0.0, 0.0, 1.0, 0.0, 0.0, 0.0, 0.0, 0.0, ||,  57
748031788, 7480317882, ||, 0.0, 0.0, 70.0, 0.0, 0.0, 0.0, 0.0, 0.0, 0.0, 0.0, 0.0, 0.0, ||,  57
756010144, 7560101446, ||, 0.0, 0.0, 80.0, 0.0, 0.0, 0.0, 0.0, 0.0, 0.0, 0.0, 0.0, 0.0, ||,  57
2217990, 0022179904, ||, 0.0, 0.0, 82.0, 0.0, 0.0, 0.0, 0.0, 0.0, 0.0, 0.0, 22.0, 0.0, ||,  57
695102732, 6951027325, ||, 0.0, 0.0, 75.0, 0.0, 0.0, 0.0, 0.0, 0.0, 0.0, 0.0, 0.0, 0.0, ||,  57
31423509, 0314235091, ||, 0.0, 0.0, 102.0, 0.0, 0.0, 0.0, 0.0, 0.0, 0.0, 0.0, 0.0, 0.0, ||,  57
703002024, 7030020246, ||, 0.0, 0.0, 90.0, 0.0, 0.0, 0.0, 3.0, 0.0, 0.0, 0.0, 3.0, 0.0, ||,  57
717179910, 7171799102, ||, 0.0, 0.0, 90.0, 0.0, 0.0, 0.0, 0.0, 0.0, 0.0, 1.0, 20.0, 18.0, ||,  57
770117584, 0770117584, ||, 0.0, 0.0, 107.0, 0.0, 0.0, 0.0, 0.0, 0.0, 0.0, 0.0, 0.0, 0.0, ||,  57
770132227, 0770132227, ||, 0.0, 0.0, 67.0, 0.0, 0.0, 0.0, 0.0, 0.0, 0.0, 0.0, 0.0, 0.0, ||,  57
5109918, 0051099187, ||, 0.0, 0.0, 117.0, 0.0, 0.0, 0.0, 0.0, 0.0, 0.0, 0.0, 0.0, 0.0, ||,  57
744037008, 0744037008, ||, 0.0, 0.0, 82.0, 28.0, 3.0, 0.0, 0.0, 0.0, 0.0, 0.0, 7.0, 0.0, ||,  57
755155321, 7551553216, ||, 0.0, 0.0, 115.0, 41.0, 20.0, 5.0, 18.0, 0.0, 0.0, 0.0, 0.0, 0.0, ||,  57
697009231, 6970092319, ||, 0.0, 0.0, 103.0, 0.0, 0.0, 0.0, 0.0, 0.0, 0.0, 0.0, 0.0, 0.0, ||,  57
773123338, 0773123338, ||, 0.0, 0.0, 84.0, 0.0, 0.0, 0.0, 0.0, 1.0, 0.0, 0.0, 0.0, 0.0, ||,  57
--------------------------------------
	簇ID:	 计数
	58:	 1

	样本数据

691079812, 6910798121, ||, 0.0, 0.0, 95.0, 48.0, 58.0, 41.0, 80.0, 155.0, 155.0, 155.0, 0.0, 60.0, ||,  58
--------------------------------------
	簇ID:	 计数
	59:	 1

	样本数据

734125450, 0734125450, ||, 0.0, 0.0, 734.0, 980.0, 0.0, 0.0, 0.0, 0.0, 0.0, 0.0, 0.0, 0.0, ||,  59
--------------------------------------
	簇ID:	 计数
	60:	 1

	样本数据

771091046, 0771091046, ||, 0.0, 0.0, 1.0, 0.0, 0.0, 1.0, 0.0, 2.0, 179.0, 180.0, 0.0, 0.0, ||,  60
--------------------------------------
	簇ID:	 计数
	61:	 2

	样本数据

30079606, 0300796069, ||, 0.0, 0.0, 104.0, 0.0, 105.0, 0.0, 211.0, 0.0, 140.0, 0.0, 152.0, 0.0, ||,  61
814913655, 8145453529, ||, 0.0, 0.0, 93.0, 0.0, 139.0, 0.0, 142.0, 0.0, 152.0, 0.0, 148.0, 0.0, ||,  61
--------------------------------------
	簇ID:	 计数
	62:	 1

	样本数据

30194318, 0301943189, ||, 0.0, 0.0, 9.0, 0.0, 815.0, 0.0, 737.0, 0.0, 696.0, 0.0, 647.0, 0.0, ||,  62
--------------------------------------
	簇ID:	 计数
	63:	 1

	样本数据

23082079, 0230820791, ||, 0.0, 0.0, 640.0, 54.0, 69.0, 94.0, 104.0, 87.0, 98.0, 106.0, 89.0, 74.0, ||,  63
--------------------------------------
	簇ID:	 计数
	64:	 1

	样本数据

690199948, 6901999489, ||, 0.0, 0.0, 51.0, 278.0, 98.0, 104.0, 85.0, 143.0, 215.0, 0.0, 0.0, 17.0, ||,  64
--------------------------------------
	簇ID:	 计数
	65:	 1

	样本数据

814738016, 8143805230, ||, 0.0, 0.0, 173.0, 15.0, 13.0, 32.0, 11.0, 85.0, 196.0, 88.0, 155.0, 109.0, ||,  65
--------------------------------------
	簇ID:	 计数
	66:	 1

	样本数据

748122918, 7481229180, ||, 0.0, 0.0, 305.0, 0.0, 0.0, 0.0, 107.0, 0.0, 0.0, 0.0, 0.0, 0.0, ||,  66
--------------------------------------
	簇ID:	 计数
	67:	 1

	样本数据

702097371, 0702097371, ||, 0.0, 0.0, 200.0, 200.0, 0.0, 0.0, 0.0, 100.0, 200.0, 235.0, 199.0, 245.0, ||,  67
--------------------------------------
	簇ID:	 计数
	68:	 4

	样本数据

25904582, 0259045829, ||, 0.0, 0.0, 23.0, 0.0, 104.0, 0.0, 11.0, 0.0, 1.0, 0.0, 19.0, 0.0, ||,  68
2327802, 0023278022, ||, 0.0, 0.0, 21.0, 40.0, 46.0, 23.0, 24.0, 14.0, 47.0, 21.0, 20.0, 8.0, ||,  68
703016838, 7030168380, ||, 0.0, 0.0, 18.0, 53.0, 38.0, 19.0, 14.0, 22.0, 25.0, 17.0, 33.0, 48.0, ||,  68
773072177, 0773072177, ||, 0.0, 0.0, 33.0, 40.0, 25.0, 35.0, 40.0, 1.0, 42.0, 38.0, 30.0, 0.0, ||,  68
--------------------------------------
	簇ID:	 计数
	69:	 6

	样本数据

770126482, 0770126482, ||, 0.0, 0.0, 205.0, 29.0, 11.0, 0.0, 33.0, 31.0, 31.0, 30.0, 21.0, 0.0, ||,  69
696001914, 6960019146, ||, 0.0, 0.0, 225.0, 75.0, 47.0, 0.0, 0.0, 0.0, 1.0, 0.0, 0.0, 1.0, ||,  69
781036860, 7810368607, ||, 0.0, 0.0, 209.0, 12.0, 0.0, 0.0, 0.0, 0.0, 0.0, 0.0, 0.0, 0.0, ||,  69
811967578, 8116727587, ||, 0.0, 0.0, 246.0, 0.0, 0.0, 0.0, 0.0, 0.0, 0.0, 0.0, 0.0, 0.0, ||,  69
770029048, 0770029048, ||, 0.0, 0.0, 199.0, 0.0, 0.0, 0.0, 0.0, 0.0, 0.0, 0.0, 0.0, 7.0, ||,  69
743035104, 0743035104, ||, 0.0, 0.0, 202.0, 0.0, 0.0, 0.0, 0.0, 0.0, 0.0, 0.0, 0.0, 0.0, ||,  69
--------------------------------------
	簇ID:	 计数
	70:	 1

	样本数据

812278464, 8119694080, ||, 0.0, 0.0, 486.0, 0.0, 245.0, 0.0, 217.0, 0.0, 52.0, 0.0, 404.0, 0.0, ||,  70
--------------------------------------
	簇ID:	 计数
	71:	 1

	样本数据

706022411, 0706022411, ||, 0.0, 0.0, 1179.0, 0.0, 0.0, 0.0, 0.0, 0.0, 45.0, 19.0, 23.0, 11.0, ||,  71
--------------------------------------
	簇ID:	 计数
	72:	 1

	样本数据

27222464, 0272224643, ||, 0.0, 0.0, 637.0, 0.0, 0.0, 0.0, 0.0, 460.0, 247.0, 102.0, 93.0, 0.0, ||,  72
--------------------------------------
	簇ID:	 计数
	73:	 1

	样本数据

27226811, 0272268115, ||, 0.0, 0.0, 1099.0, 123.0, 500.0, 422.0, 122.0, 188.0, 135.0, 143.0, 211.0, 90.0, ||,  73
--------------------------------------
	簇ID:	 计数
	74:	 1

	样本数据

696030301, 6960303016, ||, 0.0, 0.0, 56.0, 143.0, 190.0, 312.0, 0.0, 67.0, 87.0, 444.0, 544.0, 918.0, ||,  74
--------------------------------------
	簇ID:	 计数
	75:	 1

	样本数据

9167151, 0091671514, ||, 0.0, 0.0, 168.0, 84.0, 126.0, 53.0, 68.0, 63.0, 69.0, 76.0, 0.0, 246.0, ||,  75
--------------------------------------
	簇ID:	 计数
	76:	 5

	样本数据

27170430, 0271704300, ||, 0.0, 0.0, 21.0, 0.0, 0.0, 0.0, 0.0, 0.0, 0.0, 0.0, 45.0, 0.0, ||,  76
802910013, 8028750642, ||, 0.0, 0.0, 9.0, 0.0, 4.0, 0.0, 7.0, 0.0, 6.0, 0.0, 99.0, 0.0, ||,  76
23251008, 0232510083, ||, 0.0, 0.0, 6.0, 0.0, 0.0, 0.0, 0.0, 7.0, 29.0, 41.0, 48.0, 0.0, ||,  76
812238488, 8119323140, ||, 0.0, 0.0, 12.0, 17.0, 2.0, 3.0, 2.0, 6.0, 9.0, 3.0, 39.0, 0.0, ||,  76
814069253, 8137290804, ||, 0.0, 0.0, 54.0, 0.0, 0.0, 0.0, 0.0, 0.0, 20.0, 19.0, 49.0, 0.0, ||,  76
--------------------------------------
	簇ID:	 计数
	77:	 1

	样本数据

751045895, 7510458954, ||, 0.0, 0.0, 694.0, 446.0, 160.0, 93.0, 102.0, 130.0, 105.0, 96.0, 202.0, 149.0, ||,  77
--------------------------------------
	簇ID:	 计数
	78:	 1

	样本数据

804201854, 8041237528, ||, 0.0, 0.0, 43.0, 101.0, 159.0, 141.0, 99.0, 81.0, 94.0, 95.0, 174.0, 91.0, ||,  78
--------------------------------------
	簇ID:	 计数
	79:	 1

	样本数据

814516688, 8141700663, ||, 0.0, 0.0, 476.0, 0.0, 459.0, 0.0, 342.0, 0.0, 376.0, 0.0, 387.0, 0.0, ||,  79
--------------------------------------
	簇ID:	 计数
	80:	 1

	样本数据

812279834, 8119707780, ||, 0.0, 0.0, 633.0, 0.0, 167.0, 0.0, 430.0, 0.0, 585.0, 0.0, 645.0, 0.0, ||,  80
--------------------------------------
	簇ID:	 计数
	81:	 3

	样本数据

742072654, 7420726549, ||, 0.0, 0.0, 174.0, 66.0, 23.0, 16.0, 11.0, 13.0, 27.0, 14.0, 36.0, 13.0, ||,  81
690172796, 6901727969, ||, 0.0, 0.0, 128.0, 92.0, 0.0, 18.0, 32.0, 44.0, 32.0, 23.0, 43.0, 26.0, ||,  81
695121392, 6951213924, ||, 0.0, 0.0, 100.0, 100.0, 0.0, 0.0, 0.0, 0.0, 0.0, 0.0, 0.0, 100.0, ||,  81
--------------------------------------
	簇ID:	 计数
	82:	 1

	样本数据

806944418, 8067971699, ||, 0.0, 0.0, 28.0, 292.0, 486.0, 0.0, 201.0, 0.0, 153.0, 209.0, 0.0, 469.0, ||,  82
--------------------------------------
	簇ID:	 计数
	83:	 1

	样本数据

805046342, 8049480308, ||, 0.0, 0.0, 640.0, 0.0, 0.0, 0.0, 0.0, 0.0, 0.0, 0.0, 0.0, 0.0, ||,  83
--------------------------------------
	簇ID:	 计数
	84:	 1

	样本数据

808018100, 8078313073, ||, 0.0, 0.0, 287.0, 158.0, 219.0, 204.0, 253.0, 286.0, 251.0, 270.0, 277.0, 214.0, ||,  84
--------------------------------------
	簇ID:	 计数
	85:	 1

	样本数据

703132994, 7031329940, ||, 0.0, 0.0, 300.0, 300.0, 0.0, 625.0, 120.0, 55.0, 353.0, 94.0, 102.0, 118.0, ||,  85
--------------------------------------
	簇ID:	 计数
	86:	 1

	样本数据

757091553, 7570915534, ||, 0.0, 0.0, 100.0, 0.0, 0.0, 0.0, 0.0, 0.0, 0.0, 60.0, 70.0, 178.0, ||,  86
--------------------------------------
	簇ID:	 计数
	87:	 2

	样本数据

27182641, 0271826415, ||, 0.0, 0.0, 329.0, 119.0, 144.0, 84.0, 81.0, 101.0, 98.0, 85.0, 79.0, 0.0, ||,  87
814382199, 8140389968, ||, 0.0, 0.0, 351.0, 141.0, 173.0, 138.0, 134.0, 80.0, 15.0, 34.0, 37.0, 36.0, ||,  87
--------------------------------------
	簇ID:	 计数
	88:	 1

	样本数据

690137481, 6901374817, ||, 0.0, 0.0, 2.0, 20.0, 0.0, 238.0, 0.0, 0.0, 0.0, 4.0, 0.0, 0.0, ||,  88
--------------------------------------
	簇ID:	 计数
	89:	 1

	样本数据

814583057, 8142334120, ||, 0.0, 0.0, 400.0, 0.0, 281.0, 0.0, 360.0, 0.0, 393.0, 0.0, 297.0, 0.0, ||,  89
--------------------------------------
	簇ID:	 计数
	90:	 2

	样本数据

7138067, 0071380676, ||, 0.0, 0.0, 38.0, 48.0, 29.0, 0.0, 0.0, 0.0, 36.0, 47.0, 102.0, 95.0, ||,  90
716224109, 7162241092, ||, 0.0, 0.0, 10.0, 0.0, 0.0, 0.0, 0.0, 0.0, 34.0, 0.0, 42.0, 119.0, ||,  90
--------------------------------------
	簇ID:	 计数
	91:	 1

	样本数据

785520176, 7855201763, ||, 0.0, 0.0, 219.0, 0.0, 414.0, 0.0, 642.0, 0.0, 404.0, 0.0, 1.0, 0.0, ||,  91
--------------------------------------
	簇ID:	 计数
	92:	 2

	样本数据

814559421, 8142110319, ||, 0.0, 0.0, 32.0, 5.0, 14.0, 32.0, 53.0, 28.0, 91.0, 127.0, 195.0, 159.0, ||,  92
782039719, 7820397192, ||, 0.0, 0.0, 20.0, 20.0, 20.0, 20.0, 20.0, 20.0, 100.0, 100.0, 100.0, 165.0, ||,  92
--------------------------------------
	簇ID:	 计数
	93:	 1

	样本数据

761016908, 0761016908, ||, 0.0, 0.0, 830.0, 454.0, 604.0, 174.0, 174.0, 148.0, 107.0, 117.0, 314.0, 0.0, ||,  93
--------------------------------------
	簇ID:	 计数
	94:	 10

	样本数据

695155021, 6951550218, ||, 0.0, 0.0, 8.0, 0.0, 0.0, 0.0, 0.0, 105.0, 29.0, 18.0, 10.0, 10.0, ||,  94
756076080, 7560760809, ||, 0.0, 0.0, 10.0, 0.0, 0.0, 0.0, 0.0, 46.0, 29.0, 32.0, 46.0, 35.0, ||,  94
600024862, 6000248624, ||, 0.0, 0.0, 8.0, 17.0, 16.0, 24.0, 30.0, 21.0, 24.0, 9.0, 19.0, 15.0, ||,  94
690134804, 6901348047, ||, 0.0, 0.0, 25.0, 25.0, 15.0, 41.0, 12.0, 21.0, 47.0, 0.0, 37.0, 50.0, ||,  94
15370473, 0153704738, ||, 0.0, 0.0, 10.0, 11.0, 21.0, 24.0, 24.0, 27.0, 27.0, 24.0, 21.0, 9.0, ||,  94
702051798, 0702051798, ||, 0.0, 0.0, 13.0, 6.0, 19.0, 0.0, 57.0, 38.0, 41.0, 10.0, 37.0, 13.0, ||,  94
716090020, 7160900209, ||, 0.0, 0.0, 8.0, 5.0, 7.0, 19.0, 20.0, 26.0, 21.0, 21.0, 23.0, 28.0, ||,  94
716090737, 7160907372, ||, 0.0, 0.0, 1.0, 4.0, 44.0, 22.0, 27.0, 24.0, 35.0, 34.0, 27.0, 25.0, ||,  94
766046871, 7660468717, ||, 0.0, 0.0, 28.0, 12.0, 0.0, 0.0, 44.0, 49.0, 0.0, 0.0, 0.0, 0.0, ||,  94
784029032, 7840290325, ||, 0.0, 0.0, 2.0, 0.0, 0.0, 32.0, 78.0, 39.0, 13.0, 0.0, 0.0, 0.0, ||,  94
--------------------------------------
	簇ID:	 计数
	95:	 1

	样本数据

670041384, 6700413847, ||, 0.0, 0.0, 4.0, 3.0, 2.0, 103.0, 147.0, 107.0, 101.0, 566.0, 211.0, 173.0, ||,  95
--------------------------------------
	簇ID:	 计数
	96:	 1

	样本数据

814311698, 8139688511, ||, 0.0, 0.0, 246.0, 126.0, 77.0, 129.0, 142.0, 142.0, 131.0, 154.0, 267.0, 117.0, ||,  96
--------------------------------------
	簇ID:	 计数
	97:	 1

	样本数据

811885662, 8115934483, ||, 0.0, 0.0, 846.0, 0.0, 0.0, 0.0, 620.0, 0.0, 329.0, 0.0, 308.0, 0.0, ||,  97
--------------------------------------
	簇ID:	 计数
	98:	 1

	样本数据

814583426, 8142337738, ||, 0.0, 0.0, 457.0, 0.0, 510.0, 0.0, 412.0, 0.0, 293.0, 0.0, 109.0, 0.0, ||,  98
--------------------------------------
	簇ID:	 计数
	99:	 1

	样本数据

30043831, 0300438318, ||, 0.0, 0.0, 745.0, 0.0, 528.0, 0.0, 450.0, 0.0, 428.0, 0.0, 301.0, 0.0, ||,  99
--------------------------------------
	簇ID:	 计数
	100:	 1

	样本数据

15301095, 0153010954, ||, 0.0, 0.0, 12.0, 401.0, 513.0, 173.0, 174.0, 280.0, 225.0, 219.0, 317.0, 249.0, ||,  100
--------------------------------------
	簇ID:	 计数
	101:	 1

	样本数据

812008526, 8117118944, ||, 0.0, 0.0, 332.0, 0.0, 0.0, 0.0, 182.0, 0.0, 0.0, 0.0, 219.0, 0.0, ||,  101
--------------------------------------
	簇ID:	 计数
	102:	 3

	样本数据

702020624, 0702020624, ||, 0.0, 0.0, 136.0, 0.0, 0.0, 0.0, 0.0, 0.0, 150.0, 0.0, 50.0, 0.0, ||,  102
27149917, 0271499174, ||, 0.0, 0.0, 100.0, 0.0, 17.0, 0.0, 0.0, 0.0, 167.0, 0.0, 45.0, 0.0, ||,  102
31558503, 0315585038, ||, 0.0, 0.0, 119.0, 0.0, 0.0, 0.0, 0.0, 0.0, 106.0, 0.0, 0.0, 0.0, ||,  102
--------------------------------------
	簇ID:	 计数
	103:	 1

	样本数据

2382964, 0023829640, ||, 0.0, 0.0, 16.0, 59.0, 118.0, 56.0, 100.0, 116.0, 105.0, 60.0, 83.0, 0.0, ||,  103
--------------------------------------
	簇ID:	 计数
	104:	 1

	样本数据

732059753, 7320597539, ||, 0.0, 0.0, 214.0, 110.0, 108.0, 123.0, 0.0, 0.0, 322.0, 109.0, 111.0, 124.0, ||,  104
--------------------------------------
	簇ID:	 计数
	105:	 1

	样本数据

25715704, 0257157045, ||, 0.0, 0.0, 10.0, 0.0, 135.0, 134.0, 167.0, 235.0, 131.0, 93.0, 24.0, 71.0, ||,  105
--------------------------------------
	簇ID:	 计数
	106:	 1

	样本数据

27047842, 0270478426, ||, 0.0, 0.0, 156.0, 0.0, 0.0, 0.0, 180.0, 0.0, 0.0, 0.0, 203.0, 0.0, ||,  106
--------------------------------------
	簇ID:	 计数
	107:	 1

	样本数据

814741089, 8143835783, ||, 0.0, 0.0, 406.0, 156.0, 155.0, 128.0, 71.0, 60.0, 70.0, 85.0, 90.0, 113.0, ||,  107
--------------------------------------
	簇ID:	 计数
	108:	 1

	样本数据

26983931, 0269839319, ||, 0.0, 0.0, 237.0, 0.0, 132.0, 0.0, 70.0, 0.0, 119.0, 0.0, 131.0, 0.0, ||,  108
--------------------------------------
	簇ID:	 计数
	109:	 1

	样本数据

17132767, 0171327672, ||, 0.0, 0.0, 237.0, 74.0, 70.0, 0.0, 8.0, 50.0, 49.0, 38.0, 20.0, 84.0, ||,  109
--------------------------------------
	簇ID:	 计数
	110:	 3

	样本数据

771117285, 0771117285, ||, 0.0, 0.0, 107.0, 0.0, 60.0, 50.0, 75.0, 100.0, 60.0, 78.0, 24.0, 50.0, ||,  110
753151844, 0753151844, ||, 0.0, 0.0, 47.0, 10.0, 68.0, 20.0, 24.0, 75.0, 50.0, 63.0, 49.0, 49.0, ||,  110
774023173, 0774023173, ||, 0.0, 0.0, 86.0, 0.0, 45.0, 5.0, 67.0, 112.0, 2.0, 41.0, 43.0, 59.0, ||,  110
--------------------------------------
	簇ID:	 计数
	111:	 1

	样本数据

26193445, 0261934452, ||, 0.0, 0.0, 598.0, 0.0, 442.0, 0.0, 262.0, 0.0, 324.0, 0.0, 227.0, 0.0, ||,  111
--------------------------------------
	簇ID:	 计数
	112:	 1

	样本数据

7019038, 0070190380, ||, 0.0, 0.0, 493.0, 175.0, 244.0, 244.0, 223.0, 203.0, 207.0, 226.0, 160.0, 180.0, ||,  112
--------------------------------------
	簇ID:	 计数
	113:	 1

	样本数据

27056051, 0270560512, ||, 0.0, 0.0, 753.0, 0.0, 367.0, 0.0, 344.0, 0.0, 352.0, 0.0, 240.0, 0.0, ||,  113
--------------------------------------
	簇ID:	 计数
	114:	 1

	样本数据

703109024, 7031090244, ||, 0.0, 0.0, 129.0, 44.0, 44.0, 46.0, 46.0, 90.0, 50.0, 5.0, 82.0, 95.0, ||,  114
--------------------------------------
	簇ID:	 计数
	115:	 1

	样本数据

748168962, 7481689625, ||, 0.0, 0.0, 104.0, 0.0, 153.0, 0.0, 141.0, 0.0, 92.0, 0.0, 115.0, 0.0, ||,  115
--------------------------------------
	簇ID:	 计数
	116:	 3

	样本数据

811258202, 8110101192, ||, 0.0, 0.0, 286.0, 0.0, 96.0, 0.0, 156.0, 0.0, 193.0, 0.0, 142.0, 0.0, ||,  116
31151971, 0311519710, ||, 0.0, 0.0, 223.0, 0.0, 121.0, 0.0, 135.0, 0.0, 187.0, 0.0, 192.0, 0.0, ||,  116
30105515, 0301055150, ||, 0.0, 0.0, 295.0, 0.0, 181.0, 0.0, 165.0, 0.0, 157.0, 0.0, 145.0, 0.0, ||,  116
--------------------------------------
	簇ID:	 计数
	117:	 1

	样本数据

758093652, 0758093652, ||, 0.0, 0.0, 300.0, 200.0, 100.0, 100.0, 90.0, 110.0, 91.0, 0.0, 0.0, 0.0, ||,  117
--------------------------------------
	簇ID:	 计数
	118:	 1

	样本数据

640042926, 6400429263, ||, 0.0, 0.0, 200.0, 144.0, 0.0, 135.0, 122.0, 3.0, 300.0, 0.0, 0.0, 0.0, ||,  118
--------------------------------------
	簇ID:	 计数
	119:	 1

	样本数据

702064054, 0702064054, ||, 0.0, 0.0, 235.0, 349.0, 77.0, 175.0, 88.0, 132.0, 170.0, 171.0, 52.0, 156.0, ||,  119
--------------------------------------
	簇ID:	 计数
	120:	 3

	样本数据

691047578, 6910475785, ||, 0.0, 0.0, 56.0, 0.0, 0.0, 0.0, 0.0, 0.0, 48.0, 48.0, 40.0, 0.0, ||,  120
731173627, 7311736273, ||, 0.0, 0.0, 8.0, 21.0, 0.0, 4.0, 12.0, 0.0, 0.0, 143.0, 58.0, 47.0, ||,  120
682004355, 6820043555, ||, 0.0, 0.0, 22.0, 0.0, 0.0, 0.0, 0.0, 0.0, 150.0, 37.0, 10.0, 2.0, ||,  120
--------------------------------------
	簇ID:	 计数
	121:	 1

	样本数据

690101762, 6901017622, ||, 0.0, 0.0, 247.0, 126.0, 75.0, 87.0, 10.0, 11.0, 149.0, 80.0, 117.0, 124.0, ||,  121
--------------------------------------
	簇ID:	 计数
	122:	 2

	样本数据

21224617, 0212246177, ||, 0.0, 0.0, 219.0, 0.0, 20.0, 67.0, 61.0, 20.0, 18.0, 20.0, 26.0, 45.0, ||,  122
753150239, 0753150239, ||, 0.0, 0.0, 174.0, 7.0, 27.0, 34.0, 35.0, 43.0, 45.0, 51.0, 36.0, 30.0, ||,  122
--------------------------------------
	簇ID:	 计数
	123:	 1

	样本数据

5035904, 0050359048, ||, 0.0, 0.0, 190.0, 42.0, 40.0, 8.0, 10.0, 0.0, 0.0, 0.0, 0.0, 450.0, ||,  123
--------------------------------------
	簇ID:	 计数
	124:	 1

	样本数据

30081827, 0300818275, ||, 0.0, 0.0, 565.0, 0.0, 0.0, 0.0, 0.0, 0.0, 0.0, 0.0, 264.0, 0.0, ||,  124
--------------------------------------
	簇ID:	 计数
	125:	 1

	样本数据

27217872, 0272178722, ||, 0.0, 0.0, 301.0, 88.0, 456.0, 229.0, 0.0, 236.0, 57.0, 228.0, 170.0, 183.0, ||,  125
--------------------------------------
	簇ID:	 计数
	126:	 1

	样本数据

771123868, 0771123868, ||, 0.0, 0.0, 100.0, 60.0, 397.0, 50.0, 50.0, 83.0, 17.0, 0.0, 201.0, 50.0, ||,  126
--------------------------------------
	簇ID:	 计数
	127:	 25

	样本数据

690178565, 6901785653, ||, 0.0, 0.0, 55.0, 0.0, 0.0, 0.0, 0.0, 0.0, 0.0, 6.0, 0.0, 16.0, ||,  127
703120057, 7031200573, ||, 0.0, 0.0, 37.0, 0.0, 0.0, 0.0, 0.0, 0.0, 0.0, 0.0, 0.0, 0.0, ||,  127
761143868, 0761143868, ||, 0.0, 0.0, 47.0, 0.0, 0.0, 16.0, 0.0, 11.0, 0.0, 0.0, 19.0, 0.0, ||,  127
809531453, 8093227612, ||, 0.0, 0.0, 54.0, 0.0, 0.0, 0.0, 6.0, 0.0, 0.0, 0.0, 1.0, 0.0, ||,  127
802912999, 8028780472, ||, 0.0, 0.0, 35.0, 0.0, 15.0, 0.0, 34.0, 0.0, 11.0, 0.0, 12.0, 0.0, ||,  127
2306053, 0023060539, ||, 0.0, 0.0, 40.0, 0.0, 0.0, 0.0, 0.0, 0.0, 0.0, 0.0, 0.0, 0.0, ||,  127
811228703, 8109812210, ||, 0.0, 0.0, 60.0, 0.0, 0.0, 25.0, 0.0, 0.0, 0.0, 0.0, 0.0, 0.0, ||,  127
15076933, 0150769332, ||, 0.0, 0.0, 33.0, 0.0, 0.0, 1.0, 1.0, 2.0, 0.0, 8.0, 0.0, 0.0, ||,  127
702010811, 0702010811, ||, 0.0, 0.0, 41.0, 18.0, 13.0, 14.0, 15.0, 0.0, 23.0, 15.0, 11.0, 8.0, ||,  127
732057083, 7320570839, ||, 0.0, 0.0, 38.0, 8.0, 0.0, 3.0, 6.0, 9.0, 3.0, 8.0, 3.0, 8.0, ||,  127
814912421, 8145441968, ||, 0.0, 0.0, 48.0, 5.0, 2.0, 0.0, 1.0, 0.0, 2.0, 0.0, 0.0, 12.0, ||,  127
30082035, 0300820357, ||, 0.0, 0.0, 42.0, 0.0, 0.0, 0.0, 9.0, 0.0, 8.0, 0.0, 12.0, 0.0, ||,  127
715058359, 7150583591, ||, 0.0, 0.0, 26.0, 0.0, 0.0, 0.0, 0.0, 0.0, 0.0, 0.0, 0.0, 0.0, ||,  127
30392203, 0303922030, ||, 0.0, 0.0, 23.0, 0.0, 0.0, 0.0, 0.0, 0.0, 0.0, 0.0, 0.0, 0.0, ||,  127
670217821, 6702178216, ||, 0.0, 0.0, 24.0, 0.0, 1.0, 0.0, 2.0, 0.0, 0.0, 0.0, 0.0, 0.0, ||,  127
717124143, 7171241430, ||, 0.0, 0.0, 28.0, 1.0, 3.0, 4.0, 4.0, 2.0, 3.0, 1.0, 1.0, 0.0, ||,  127
814842522, 8144779341, ||, 0.0, 0.0, 29.0, 9.0, 3.0, 0.0, 0.0, 0.0, 0.0, 0.0, 0.0, 0.0, ||,  127
5542987, 0055429870, ||, 0.0, 0.0, 36.0, 0.0, 36.0, 22.0, 7.0, 0.0, 4.0, 7.0, 0.0, 19.0, ||,  127
814616147, 8142624131, ||, 0.0, 0.0, 33.0, 0.0, 0.0, 0.0, 0.0, 0.0, 0.0, 0.0, 0.0, 0.0, ||,  127
697051485, 6970514859, ||, 0.0, 0.0, 28.0, 7.0, 6.0, 0.0, 2.0, 8.0, 11.0, 14.0, 23.0, 15.0, ||,  127
740033747, 0740033747, ||, 0.0, 0.0, 23.0, 0.0, 0.0, 0.0, 0.0, 0.0, 1.0, 0.0, 0.0, 0.0, ||,  127
751066916, 7510669169, ||, 0.0, 0.0, 25.0, 0.0, 0.0, 0.0, 0.0, 0.0, 0.0, 2.0, 0.0, 0.0, ||,  127
801897924, 8018809051, ||, 0.0, 0.0, 25.0, 0.0, 0.0, 0.0, 0.0, 17.0, 0.0, 0.0, 11.0, 0.0, ||,  127
711033596, 0711033596, ||, 0.0, 0.0, 48.0, 0.0, 0.0, 0.0, 0.0, 0.0, 0.0, 0.0, 0.0, 0.0, ||,  127
813112793, 8127814874, ||, 0.0, 0.0, 57.0, 0.0, 0.0, 8.0, 11.0, 12.0, 11.0, 13.0, 11.0, 11.0, ||,  127
--------------------------------------
	簇ID:	 计数
	128:	 1

	样本数据

814667677, 8143124036, ||, 0.0, 0.0, 421.0, 289.0, 242.0, 127.0, 116.0, 80.0, 68.0, 50.0, 78.0, 75.0, ||,  128
--------------------------------------
	簇ID:	 计数
	129:	 1

	样本数据

30601000, 0306010000, ||, 0.0, 0.0, 23.0, 0.0, 0.0, 4.0, 0.0, 6.0, 64.0, 15.0, 373.0, 156.0, ||,  129
--------------------------------------
	簇ID:	 计数
	130:	 2

	样本数据

25876998, 0258769982, ||, 0.0, 0.0, 195.0, 0.0, 95.0, 0.0, 91.0, 0.0, 95.0, 0.0, 91.0, 0.0, ||,  130
785021558, 7850215585, ||, 0.0, 0.0, 177.0, 0.0, 0.0, 0.0, 106.0, 0.0, 106.0, 0.0, 53.0, 0.0, ||,  130
--------------------------------------
	簇ID:	 计数
	131:	 6

	样本数据

753242832, 0753242832, ||, 0.0, 0.0, 10.0, 47.0, 26.0, 30.0, 27.0, 0.0, 10.0, 0.0, 0.0, 21.0, ||,  131
709197088, 7091970885, ||, 0.0, 0.0, 1.0, 28.0, 54.0, 49.0, 0.0, 1.0, 0.0, 0.0, 0.0, 0.0, ||,  131
807596000, 8074266096, ||, 0.0, 0.0, 11.0, 31.0, 4.0, 5.0, 7.0, 3.0, 5.0, 5.0, 5.0, 7.0, ||,  131
9119967, 0091199674, ||, 0.0, 0.0, 7.0, 32.0, 5.0, 6.0, 5.0, 4.0, 6.0, 5.0, 6.0, 5.0, ||,  131
784077169, 7840771695, ||, 0.0, 0.0, 6.0, 45.0, 10.0, 16.0, 24.0, 13.0, 7.0, 7.0, 9.0, 9.0, ||,  131
758009685, 0758009685, ||, 0.0, 0.0, 20.0, 48.0, 0.0, 0.0, 0.0, 0.0, 10.0, 0.0, 5.0, 26.0, ||,  131
--------------------------------------
	簇ID:	 计数
	132:	 1

	样本数据

31576211, 0315762118, ||, 0.0, 0.0, 98.0, 0.0, 0.0, 0.0, 108.0, 0.0, 0.0, 0.0, 95.0, 0.0, ||,  132
--------------------------------------
	簇ID:	 计数
	133:	 2

	样本数据

27127467, 0271274676, ||, 0.0, 0.0, 79.0, 45.0, 44.0, 38.0, 38.0, 90.0, 90.0, 63.0, 74.0, 78.0, ||,  133
705032633, 7050326337, ||, 0.0, 0.0, 80.0, 28.0, 47.0, 50.0, 47.0, 51.0, 67.0, 44.0, 94.0, 72.0, ||,  133
--------------------------------------
	簇ID:	 计数
	134:	 1

	样本数据

773035060, 0773035060, ||, 0.0, 0.0, 59.0, 1.0, 0.0, 42.0, 0.0, 41.0, 27.0, 34.0, 0.0, 439.0, ||,  134
--------------------------------------
	簇ID:	 计数
	135:	 1

	样本数据

812279377, 8119703212, ||, 0.0, 0.0, 345.0, 0.0, 132.0, 0.0, 99.0, 0.0, 523.0, 0.0, 101.0, 0.0, ||,  135
--------------------------------------
	簇ID:	 计数
	136:	 2

	样本数据

695062952, 6950629520, ||, 0.0, 0.0, 38.0, 1.0, 0.0, 3.0, 0.0, 92.0, 101.0, 82.0, 83.0, 93.0, ||,  136
711002493, 0711002493, ||, 0.0, 0.0, 4.0, 0.0, 0.0, 19.0, 25.0, 103.0, 56.0, 109.0, 90.0, 65.0, ||,  136
--------------------------------------
	簇ID:	 计数
	137:	 1

	样本数据

812798755, 8124791327, ||, 0.0, 0.0, 310.0, 0.0, 258.0, 0.0, 252.0, 0.0, 80.0, 0.0, 214.0, 0.0, ||,  137
--------------------------------------
	簇ID:	 计数
	138:	 1

	样本数据

25841077, 0258410776, ||, 0.0, 0.0, 169.0, 0.0, 294.0, 0.0, 258.0, 0.0, 157.0, 0.0, 236.0, 0.0, ||,  138
--------------------------------------
	簇ID:	 计数
	139:	 2

	样本数据

730090054, 0730090054, ||, 0.0, 0.0, 129.0, 68.0, 35.0, 120.0, 42.0, 40.0, 20.0, 28.0, 39.0, 0.0, ||,  139
697075826, 6970758268, ||, 0.0, 0.0, 77.0, 38.0, 19.0, 134.0, 26.0, 29.0, 28.0, 36.0, 42.0, 37.0, ||,  139
--------------------------------------
	簇ID:	 计数
	140:	 6

	样本数据

27013481, 0270134812, ||, 0.0, 0.0, 12.0, 34.0, 31.0, 70.0, 63.0, 72.0, 79.0, 39.0, 78.0, 74.0, ||,  140
730017375, 0730017375, ||, 0.0, 0.0, 11.0, 35.0, 1.0, 92.0, 43.0, 43.0, 22.0, 0.0, 90.0, 41.0, ||,  140
378140, 0003781409, ||, 0.0, 0.0, 8.0, 58.0, 58.0, 57.0, 41.0, 73.0, 62.0, 55.0, 65.0, 73.0, ||,  140
515071, 0005150713, ||, 0.0, 0.0, 20.0, 31.0, 34.0, 41.0, 34.0, 35.0, 35.0, 36.0, 60.0, 53.0, ||,  140
766063527, 7660635274, ||, 0.0, 0.0, 2.0, 65.0, 43.0, 51.0, 47.0, 83.0, 53.0, 40.0, 83.0, 41.0, ||,  140
752006918, 7520069180, ||, 0.0, 0.0, 15.0, 67.0, 63.0, 60.0, 64.0, 71.0, 54.0, 35.0, 88.0, 52.0, ||,  140
--------------------------------------
	簇ID:	 计数
	141:	 1

	样本数据

808675357, 8084764232, ||, 0.0, 0.0, 444.0, 188.0, 98.0, 130.0, 105.0, 139.0, 165.0, 128.0, 75.0, 216.0, ||,  141
--------------------------------------
	簇ID:	 计数
	142:	 1

	样本数据

806673056, 8065445011, ||, 0.0, 0.0, 18.0, 106.0, 121.0, 121.0, 111.0, 211.0, 151.0, 111.0, 121.0, 121.0, ||,  142
--------------------------------------
	簇ID:	 计数
	143:	 1

	样本数据

812256314, 8119498305, ||, 0.0, 0.0, 612.0, 0.0, 166.0, 0.0, 20.0, 0.0, 342.0, 0.0, 165.0, 0.0, ||,  143
--------------------------------------
	簇ID:	 计数
	144:	 1

	样本数据

25566403, 0255664037, ||, 0.0, 0.0, 1232.0, 0.0, 646.0, 0.0, 503.0, 0.0, 504.0, 0.0, 508.0, 0.0, ||,  144
--------------------------------------
	簇ID:	 计数
	145:	 2

	样本数据

732501658, 0732501658, ||, 0.0, 0.0, 1.0, 0.0, 0.0, 0.0, 0.0, 1.0, 0.0, 0.0, 38.0, 54.0, ||,  145
743123938, 0743123938, ||, 0.0, 0.0, 32.0, 4.0, 5.0, 5.0, 3.0, 3.0, 0.0, 0.0, 0.0, 94.0, ||,  145
--------------------------------------
	簇ID:	 计数
	146:	 1

	样本数据

30978018, 0309780186, ||, 0.0, 0.0, 285.0, 0.0, 294.0, 0.0, 301.0, 0.0, 240.0, 0.0, 274.0, 0.0, ||,  146
--------------------------------------
	簇ID:	 计数
	147:	 1

	样本数据

25424392, 0254243925, ||, 0.0, 0.0, 171.0, 53.0, 0.0, 180.0, 73.0, 89.0, 0.0, 174.0, 61.0, 52.0, ||,  147
--------------------------------------
	簇ID:	 计数
	148:	 1

	样本数据

698047181, 6980471814, ||, 0.0, 0.0, 15.0, 160.0, 0.0, 0.0, 0.0, 20.0, 0.0, 0.0, 110.0, 56.0, ||,  148
--------------------------------------
	簇ID:	 计数
	149:	 1

	样本数据

5433108, 0054331088, ||, 0.0, 0.0, 286.0, 296.0, 220.0, 131.0, 94.0, 108.0, 99.0, 104.0, 152.0, 173.0, ||,  149
--------------------------------------
	簇ID:	 计数
	150:	 1

	样本数据

811605244, 8113339013, ||, 0.0, 0.0, 535.0, 0.0, 534.0, 0.0, 322.0, 0.0, 297.0, 0.0, 330.0, 0.0, ||,  150
--------------------------------------
	簇ID:	 计数
	151:	 1

	样本数据

804357523, 8042731669, ||, 0.0, 0.0, 557.0, 0.0, 524.0, 0.0, 550.0, 0.0, 357.0, 0.0, 280.0, 0.0, ||,  151
--------------------------------------
	簇ID:	 计数
	152:	 1

	样本数据

691005599, 6910055996, ||, 0.0, 0.0, 116.0, 29.0, 31.0, 41.0, 44.0, 59.0, 180.0, 0.0, 0.0, 28.0, ||,  152
--------------------------------------
	簇ID:	 计数
	153:	 2

	样本数据

26565158, 0265651580, ||, 0.0, 0.0, 73.0, 0.0, 7.0, 0.0, 232.0, 0.0, 100.0, 0.0, 129.0, 0.0, ||,  153
30917441, 0309174411, ||, 0.0, 0.0, 157.0, 0.0, 0.0, 0.0, 205.0, 0.0, 80.0, 0.0, 80.0, 0.0, ||,  153
--------------------------------------
	簇ID:	 计数
	154:	 2

	样本数据

25333192, 0253331920, ||, 0.0, 0.0, 155.0, 0.0, 43.0, 0.0, 0.0, 0.0, 0.0, 0.0, 115.0, 0.0, ||,  154
27225138, 0272251386, ||, 0.0, 0.0, 131.0, 0.0, 0.0, 0.0, 0.0, 0.0, 0.0, 0.0, 160.0, 0.0, ||,  154
--------------------------------------
	簇ID:	 计数
	155:	 1

	样本数据

340214, 0003402144, ||, 0.0, 0.0, 113.0, 362.0, 77.0, 57.0, 21.0, 87.0, 92.0, 76.0, 61.0, 70.0, ||,  155
--------------------------------------
	簇ID:	 计数
	156:	 1

	样本数据

812965855, 8126361874, ||, 0.0, 0.0, 274.0, 0.0, 126.0, 0.0, 0.0, 0.0, 285.0, 0.0, 129.0, 0.0, ||,  156
--------------------------------------
	簇ID:	 计数
	157:	 1

	样本数据

30919194, 0309191948, ||, 0.0, 0.0, 422.0, 0.0, 221.0, 0.0, 249.0, 0.0, 413.0, 0.0, 251.0, 0.0, ||,  157
--------------------------------------
	簇ID:	 计数
	158:	 1

	样本数据

30078435, 0300784352, ||, 0.0, 0.0, 255.0, 0.0, 154.0, 0.0, 48.0, 0.0, 166.0, 0.0, 2.0, 0.0, ||,  158
--------------------------------------
	簇ID:	 计数
	159:	 1

	样本数据

800013990, 8000134291, ||, 0.0, 0.0, 159.0, 173.0, 138.0, 54.0, 66.0, 63.0, 54.0, 52.0, 71.0, 36.0, ||,  159
--------------------------------------
	簇ID:	 计数
	160:	 1

	样本数据

802508301, 8024833651, ||, 0.0, 0.0, 27.0, 0.0, 9.0, 0.0, 21.0, 0.0, 429.0, 0.0, 5.0, 0.0, ||,  160
--------------------------------------
	簇ID:	 计数
	161:	 2

	样本数据

670098743, 6700987434, ||, 0.0, 0.0, 138.0, 28.0, 0.0, 102.0, 0.0, 0.0, 179.0, 54.0, 39.0, 35.0, ||,  161
5383138, 0053831385, ||, 0.0, 0.0, 98.0, 29.0, 20.0, 47.0, 31.0, 21.0, 90.0, 35.0, 52.0, 32.0, ||,  161
--------------------------------------
	簇ID:	 计数
	162:	 3

	样本数据

812123048, 8118227744, ||, 0.0, 0.0, 50.0, 0.0, 11.0, 0.0, 3.0, 0.0, 98.0, 0.0, 161.0, 0.0, ||,  162
802672534, 8026423474, ||, 0.0, 0.0, 9.0, 0.0, 66.0, 0.0, 99.0, 0.0, 93.0, 0.0, 124.0, 0.0, ||,  162
753085895, 0753085895, ||, 0.0, 0.0, 6.0, 36.0, 30.0, 0.0, 88.0, 0.0, 88.0, 0.0, 89.0, 0.0, ||,  162
--------------------------------------
	簇ID:	 计数
	163:	 1

	样本数据

812798420, 8124787975, ||, 0.0, 0.0, 242.0, 0.0, 200.0, 0.0, 215.0, 0.0, 184.0, 0.0, 201.0, 0.0, ||,  163
--------------------------------------
	簇ID:	 计数
	164:	 2

	样本数据

25088716, 0250887169, ||, 0.0, 0.0, 136.0, 0.0, 53.0, 0.0, 0.0, 0.0, 0.0, 0.0, 0.0, 0.0, ||,  164
814255764, 8139137736, ||, 0.0, 0.0, 136.0, 0.0, 31.0, 0.0, 0.0, 0.0, 0.0, 0.0, 0.0, 0.0, ||,  164
--------------------------------------
	簇ID:	 计数
	165:	 1

	样本数据

11050729, 0110507299, ||, 0.0, 0.0, 685.0, 459.0, 313.0, 121.0, 176.0, 133.0, 98.0, 67.0, 90.0, 0.0, ||,  165
--------------------------------------
	簇ID:	 计数
	166:	 1

	样本数据

7071585, 0070715851, ||, 0.0, 0.0, 89.0, 0.0, 30.0, 14.0, 0.0, 57.0, 9.0, 6.0, 201.0, 316.0, ||,  166
--------------------------------------
	簇ID:	 计数
	167:	 5

	样本数据

701100353, 7011003538, ||, 0.0, 0.0, 50.0, 50.0, 20.0, 30.0, 30.0, 20.0, 10.0, 0.0, 0.0, 0.0, ||,  167
785101666, 7851016668, ||, 0.0, 0.0, 71.0, 60.0, 0.0, 10.0, 18.0, 20.0, 38.0, 30.0, 19.0, 20.0, ||,  167
814477232, 8141320810, ||, 0.0, 0.0, 75.0, 54.0, 40.0, 0.0, 4.0, 8.0, 0.0, 0.0, 0.0, 0.0, ||,  167
5166020, 0051660202, ||, 0.0, 0.0, 70.0, 23.0, 0.0, 50.0, 0.0, 51.0, 0.0, 54.0, 0.0, 0.0, ||,  167
13165395, 0131653957, ||, 0.0, 0.0, 67.0, 39.0, 32.0, 20.0, 0.0, 0.0, 0.0, 0.0, 1.0, 1.0, ||,  167
--------------------------------------
	簇ID:	 计数
	168:	 1

	样本数据

807596329, 8074269271, ||, 0.0, 0.0, 451.0, 0.0, 376.0, 0.0, 255.0, 0.0, 248.0, 0.0, 274.0, 0.0, ||,  168
--------------------------------------
	簇ID:	 计数
	169:	 3

	样本数据

730055069, 0730055069, ||, 0.0, 0.0, 132.0, 76.0, 63.0, 73.0, 70.0, 85.0, 68.0, 82.0, 69.0, 61.0, ||,  169
703104359, 7031043596, ||, 0.0, 0.0, 187.0, 86.0, 84.0, 55.0, 79.0, 71.0, 56.0, 63.0, 60.0, 62.0, ||,  169
814100199, 8137593046, ||, 0.0, 0.0, 149.0, 70.0, 70.0, 74.0, 78.0, 39.0, 73.0, 83.0, 68.0, 63.0, ||,  169
--------------------------------------
	簇ID:	 计数
	170:	 2

	样本数据

808259036, 8080652140, ||, 0.0, 0.0, 83.0, 123.0, 122.0, 115.0, 137.0, 134.0, 123.0, 143.0, 74.0, 124.0, ||,  170
716095448, 7160954482, ||, 0.0, 0.0, 128.0, 97.0, 125.0, 104.0, 122.0, 122.0, 114.0, 87.0, 123.0, 102.0, ||,  170
--------------------------------------
	簇ID:	 计数
	171:	 2

	样本数据

7183461, 0071834610, ||, 0.0, 0.0, 115.0, 0.0, 14.0, 0.0, 9.0, 3.0, 27.0, 42.0, 17.0, 35.0, ||,  171
783028242, 7830282428, ||, 0.0, 0.0, 108.0, 33.0, 3.0, 0.0, 0.0, 7.0, 46.0, 46.0, 47.0, 58.0, ||,  171
--------------------------------------
	簇ID:	 计数
	172:	 2

	样本数据

30105215, 0301052151, ||, 0.0, 0.0, 483.0, 0.0, 346.0, 0.0, 295.0, 0.0, 319.0, 0.0, 319.0, 0.0, ||,  172
30045338, 0300453386, ||, 0.0, 0.0, 553.0, 0.0, 339.0, 0.0, 308.0, 0.0, 346.0, 0.0, 316.0, 0.0, ||,  172
--------------------------------------
	簇ID:	 计数
	173:	 2

	样本数据

690142111, 6901421119, ||, 0.0, 0.0, 69.0, 29.0, 139.0, 40.0, 70.0, 61.0, 59.0, 5.0, 6.0, 0.0, ||,  173
691038680, 6910386803, ||, 0.0, 0.0, 71.0, 0.0, 128.0, 28.0, 28.0, 100.0, 8.0, 21.0, 14.0, 32.0, ||,  173
--------------------------------------
	簇ID:	 计数
	174:	 3

	样本数据

30863138, 0308631382, ||, 0.0, 0.0, 98.0, 0.0, 0.0, 0.0, 91.0, 0.0, 0.0, 0.0, 0.0, 0.0, ||,  174
31053551, 0310535517, ||, 0.0, 0.0, 170.0, 0.0, 0.0, 0.0, 87.0, 0.0, 0.0, 0.0, 0.0, 0.0, ||,  174
783106221, 7831062216, ||, 0.0, 0.0, 100.0, 0.0, 0.0, 0.0, 132.0, 1.0, 1.0, 10.0, 0.0, 1.0, ||,  174
--------------------------------------
	簇ID:	 计数
	175:	 1

	样本数据

30919198, 0309191980, ||, 0.0, 0.0, 486.0, 0.0, 370.0, 0.0, 358.0, 0.0, 220.0, 0.0, 400.0, 0.0, ||,  175
--------------------------------------
	簇ID:	 计数
	176:	 1

	样本数据

9096450, 0090964507, ||, 0.0, 0.0, 297.0, 97.0, 95.0, 74.0, 32.0, 82.0, 23.0, 79.0, 71.0, 51.0, ||,  176
--------------------------------------
	簇ID:	 计数
	177:	 1

	样本数据

19142072, 0191420726, ||, 0.0, 0.0, 169.0, 0.0, 10.0, 166.0, 59.0, 0.0, 105.0, 58.0, 64.0, 58.0, ||,  177
--------------------------------------
	簇ID:	 计数
	178:	 1

	样本数据

30121425, 0301214250, ||, 0.0, 0.0, 521.0, 0.0, 412.0, 0.0, 200.0, 0.0, 212.0, 0.0, 226.0, 0.0, ||,  178
--------------------------------------
	簇ID:	 计数
	179:	 1

	样本数据

31084783, 0310847832, ||, 0.0, 0.0, 212.0, 0.0, 100.0, 0.0, 0.0, 0.0, 128.0, 0.0, 0.0, 0.0, ||,  179
--------------------------------------
	簇ID:	 计数
	180:	 1

	样本数据

30121122, 0301211222, ||, 0.0, 0.0, 428.0, 0.0, 308.0, 0.0, 211.0, 0.0, 219.0, 0.0, 119.0, 0.0, ||,  180
--------------------------------------
	簇ID:	 计数
	181:	 1

	样本数据

26201438, 0262014382, ||, 0.0, 0.0, 408.0, 0.0, 198.0, 0.0, 0.0, 0.0, 259.0, 0.0, 0.0, 0.0, ||,  181
--------------------------------------
	簇ID:	 计数
	182:	 1

	样本数据

715041868, 7150418684, ||, 0.0, 0.0, 9.0, 25.0, 57.0, 113.0, 142.0, 171.0, 165.0, 110.0, 99.0, 61.0, ||,  182
--------------------------------------
	簇ID:	 计数
	183:	 1

	样本数据

812783010, 8124636323, ||, 0.0, 0.0, 659.0, 105.0, 124.0, 98.0, 93.0, 92.0, 81.0, 79.0, 69.0, 92.0, ||,  183
--------------------------------------
	簇ID:	 计数
	184:	 2

	样本数据

785041086, 7850410863, ||, 0.0, 0.0, 146.0, 0.0, 84.0, 0.0, 71.0, 0.0, 86.0, 0.0, 94.0, 0.0, ||,  184
30670884, 0306708844, ||, 0.0, 0.0, 127.0, 0.0, 108.0, 0.0, 94.0, 0.0, 98.0, 0.0, 94.0, 0.0, ||,  184
--------------------------------------
	簇ID:	 计数
	185:	 1

	样本数据

670159259, 6701592598, ||, 0.0, 0.0, 340.0, 11.0, 9.0, 38.0, 0.0, 42.0, 0.0, 0.0, 10.0, 32.0, ||,  185
--------------------------------------
	簇ID:	 计数
	186:	 1

	样本数据

9224554, 0092245541, ||, 0.0, 0.0, 111.0, 167.0, 136.0, 121.0, 117.0, 134.0, 152.0, 92.0, 179.0, 217.0, ||,  186
--------------------------------------
	簇ID:	 计数
	187:	 1

	样本数据

30913491, 0309134912, ||, 0.0, 0.0, 153.0, 0.0, 160.0, 0.0, 131.0, 0.0, 146.0, 0.0, 0.0, 0.0, ||,  187
--------------------------------------
	簇ID:	 计数
	188:	 1

	样本数据

26200834, 0262008341, ||, 0.0, 0.0, 770.0, 0.0, 328.0, 0.0, 339.0, 0.0, 269.0, 0.0, 333.0, 0.0, ||,  188
--------------------------------------
	簇ID:	 计数
	189:	 2

	样本数据

15352658, 0153526583, ||, 0.0, 0.0, 34.0, 33.0, 19.0, 31.0, 60.0, 73.0, 74.0, 54.0, 41.0, 27.0, ||,  189
702167518, 0702167518, ||, 0.0, 0.0, 72.0, 51.0, 50.0, 2.0, 55.0, 130.0, 100.0, 34.0, 30.0, 58.0, ||,  189
--------------------------------------
	簇ID:	 计数
	190:	 1

	样本数据

748160827, 7481608275, ||, 0.0, 0.0, 25.0, 0.0, 324.0, 0.0, 25.0, 0.0, 22.0, 0.0, 49.0, 0.0, ||,  190
--------------------------------------
	簇ID:	 计数
	191:	 2

	样本数据

670235727, 6702357275, ||, 0.0, 0.0, 80.0, 152.0, 0.0, 0.0, 7.0, 0.0, 0.0, 0.0, 0.0, 0.0, ||,  191
760118239, 0760118239, ||, 0.0, 0.0, 58.0, 136.0, 31.0, 53.0, 0.0, 0.0, 0.0, 0.0, 0.0, 0.0, ||,  191
--------------------------------------
	簇ID:	 计数
	192:	 1

	样本数据

2616002, 0026160027, ||, 0.0, 0.0, 16.0, 18.0, 17.0, 67.0, 60.0, 44.0, 53.0, 85.0, 0.0, 0.0, ||,  192
--------------------------------------
	簇ID:	 计数
	193:	 1

	样本数据

771080024, 0771080024, ||, 0.0, 0.0, 102.0, 100.0, 215.0, 165.0, 42.0, 30.0, 112.0, 81.0, 65.0, 76.0, ||,  193
--------------------------------------
	簇ID:	 计数
	194:	 1

	样本数据

696019975, 6960199756, ||, 0.0, 0.0, 6.0, 6.0, 3.0, 28.0, 96.0, 133.0, 139.0, 86.0, 86.0, 42.0, ||,  194
--------------------------------------
	簇ID:	 计数
	195:	 1

	样本数据

30107851, 0301078513, ||, 0.0, 0.0, 310.0, 0.0, 246.0, 0.0, 113.0, 0.0, 113.0, 0.0, 81.0, 0.0, ||,  195
--------------------------------------
	簇ID:	 计数
	196:	 1

	样本数据

701300485, 7013004852, ||, 0.0, 0.0, 64.0, 82.0, 111.0, 94.0, 77.0, 94.0, 71.0, 49.0, 81.0, 2.0, ||,  196
--------------------------------------
	簇ID:	 计数
	197:	 1

	样本数据

808296755, 8081002382, ||, 0.0, 0.0, 1.0, 0.0, 0.0, 9.0, 112.0, 125.0, 142.0, 156.0, 145.0, 127.0, ||,  197
--------------------------------------
	簇ID:	 计数
	198:	 1

	样本数据

706013458, 0706013458, ||, 0.0, 0.0, 100.0, 151.0, 150.0, 90.0, 100.0, 75.0, 0.0, 135.0, 204.0, 96.0, ||,  198
=====================================================================================