
======================================================================================
----------------------------------------------------------------------------
	簇个数:	 20
--------------------------------------
	簇ID:	 计数

	0:	 1245
	1:	 1
	2:	 1
	3:	 1
	4:	 1
	5:	 1
	6:	 2
	7:	 88
	8:	 1
	9:	 11330
	10:	 1
	11:	 9
	12:	 1
	13:	 1
	14:	 1
	15:	 46
	16:	 1
	17:	 4
	18:	 18
	19:	 5
--------------------------------------
	 簇中心 

0,1245,||,547.6674698795181,281.204016064257,542.8329317269076,286.76385542168674,513.9726907630522,236.69718875502008,407.13734939759036,257.3574297188755,448.37911646586343,213.17911646586344,405.6706827309237,248.00963855421688
1,1,||,558000.0,312000.0,366000.0,300000.0,216000.0,270000.0,294000.0,456000.0,312000.0,288000.0,318000.0,378000.0
2,1,||,215229.0,75064.0,233488.0,133804.0,188099.0,70589.0,66091.0,171483.0,212247.0,191060.0,200116.0,290741.0
3,1,||,5661.0,3059.0,13885.0,99836.0,115663.0,115663.0,101150.0,165853.0,136648.0,140374.0,148898.0,161630.0
4,1,||,221516.0,128608.0,106800.0,104568.0,62528.0,58424.0,61864.0,65596.0,52444.0,51440.0,98368.0,45788.0
5,1,||,2408.0,688.0,7920.0,16800.0,30400.0,168000.0,132000.0,123200.0,104000.0,118400.0,58168.0,22152.0
6,2,||,86127.0,63008.5,72249.0,40623.0,33290.0,37260.0,39352.5,34692.5,29945.5,29636.5,52793.5,33019.5
7,88,||,2331.3636363636365,1923.9772727272727,2063.5454545454545,2091.9772727272725,1976.6363636363637,1906.3181818181818,2062.534090909091,2465.9204545454545,2773.840909090909,2652.3522727272725,2137.1022727272725,2199.215909090909
8,1,||,6048.0,6048.0,12213.0,11753.0,10904.0,19247.0,14382.0,20799.0,11232.0,4927.0,6595.0,5230.0
9,11330,||,115.25781112091792,78.71376875551633,117.93768755516328,81.82674315975287,106.93230361871139,72.94545454545455,92.55127978817299,79.39382171226832,102.0351279788173,72.53971756398941,101.15375110326566,77.65260370697264
10,1,||,167780.0,129280.0,126860.0,117880.0,90880.0,82440.0,151720.0,205020.0,121220.0,108740.0,137540.0,151200.0
11,9,||,25406.11111111111,21408.88888888889,22931.333333333332,19958.666666666668,19619.0,21253.444444444445,20423.88888888889,21370.88888888889,24106.222222222223,21541.11111111111,23764.0,27462.11111111111
12,1,||,547.0,547.0,36659.0,114223.0,79087.0,74838.0,72046.0,81580.0,83137.0,94912.0,139435.0,110339.0
13,1,||,132000.0,104000.0,64000.0,76000.0,69600.0,77200.0,102800.0,136000.0,83600.0,70400.0,60000.0,82800.0
14,1,||,91520.0,111030.0,76514.0,33003.0,12001.0,12000.0,10500.0,7500.0,12001.0,6000.0,30002.0,57008.0
15,46,||,7759.282608695652,5068.804347826087,5279.934782608696,4924.565217391304,5065.304347826087,4594.695652173913,4462.413043478261,4280.065217391304,4320.45652173913,3814.1739130434785,4800.478260869565,4923.630434782609
16,1,||,39988.0,6964.0,4311.0,58559.0,64874.0,70175.0,55797.0,62785.0,62984.0,63832.0,63852.0,22089.0
17,4,||,43150.0,48950.0,35710.0,38110.0,20528.5,17450.75,16935.0,15350.0,18610.0,12240.0,15070.0,21449.75
18,18,||,9972.388888888889,8957.444444444445,8117.722222222223,8981.611111111111,8440.833333333334,8247.833333333334,8743.777777777777,10823.333333333334,15454.055555555555,11109.277777777777,11944.888888888889,10117.222222222223
19,5,||,41657.4,22381.0,20920.6,13692.6,5973.8,4846.4,1804.8,1212.2,824.8,1465.8,5403.6,15756.2
----------------------------------------------------------------------------
	 打印每个簇及其样本信息 

----------------------------------------------------------------------------
	 簇及其样本 

--------------------------------------
	簇ID:	 计数
	0:	 1245

	样本数据

25390269, 0253902696, ||, 375.0, 325.0, 344.0, 402.0, 380.0, 443.0, 373.0, 409.0, 133.0, 764.0, 401.0, 297.0, ||,  0
25378752, 0253787521, ||, 1448.0, 1179.0, 808.0, 881.0, 1060.0, 1182.0, 1136.0, 2083.0, 1718.0, 942.0, 1120.0, 1321.0, ||,  0
25401774, 0254017742, ||, 977.0, 891.0, 693.0, 875.0, 856.0, 817.0, 977.0, 1132.0, 889.0, 590.0, 662.0, 694.0, ||,  0
25399014, 0253990149, ||, 592.0, 503.0, 333.0, 509.0, 579.0, 579.0, 562.0, 571.0, 679.0, 578.0, 552.0, 519.0, ||,  0
25403696, 0254036969, ||, 838.0, 738.0, 859.0, 871.0, 699.0, 668.0, 675.0, 1132.0, 849.0, 607.0, 435.0, 896.0, ||,  0
25379920, 0253799209, ||, 1866.0, 1640.0, 0.0, 0.0, 0.0, 0.0, 0.0, 0.0, 0.0, 0.0, 102.0, 76.0, ||,  0
25552492, 0255524926, ||, 891.0, 538.0, 965.0, 788.0, 876.0, 788.0, 577.0, 599.0, 830.0, 538.0, 572.0, 504.0, ||,  0
25552155, 0255521552, ||, 555.0, 480.0, 597.0, 815.0, 1104.0, 517.0, 566.0, 799.0, 673.0, 608.0, 770.0, 907.0, ||,  0
25554790, 0255547901, ||, 1326.0, 1341.0, 1009.0, 457.0, 220.0, 191.0, 13.0, 379.0, 282.0, 181.0, 194.0, 198.0, ||,  0
25650757, 0256507575, ||, 212.0, 68.0, 0.0, 202.0, 208.0, 320.0, 520.0, 518.0, 489.0, 518.0, 526.0, 440.0, ||,  0
25710531, 0257105318, ||, 543.0, 601.0, 639.0, 1113.0, 910.0, 613.0, 369.0, 522.0, 886.0, 1037.0, 1201.0, 473.0, ||,  0
25713111, 0257131117, ||, 224.0, 240.0, 289.0, 282.0, 299.0, 99.0, 745.0, 504.0, 468.0, 394.0, 338.0, 314.0, ||,  0
25712925, 0257129253, ||, 719.0, 607.0, 645.0, 751.0, 766.0, 1041.0, 491.0, 411.0, 193.0, 165.0, 221.0, 224.0, ||,  0
25713573, 0257135731, ||, 870.0, 879.0, 608.0, 920.0, 897.0, 782.0, 721.0, 758.0, 624.0, 616.0, 682.0, 774.0, ||,  0
25716214, 0257162142, ||, 1289.0, 957.0, 557.0, 576.0, 573.0, 811.0, 1871.0, 529.0, 776.0, 982.0, 419.0, 429.0, ||,  0
25717951, 0257179519, ||, 111.0, 679.0, 30.0, 849.0, 10.0, 530.0, 145.0, 900.0, 101.0, 354.0, 401.0, 750.0, ||,  0
25717273, 0257172736, ||, 733.0, 716.0, 500.0, 612.0, 756.0, 0.0, 1701.0, 1252.0, 775.0, 990.0, 1125.0, 864.0, ||,  0
26007689, 0260076890, ||, 568.0, 546.0, 525.0, 0.0, 353.0, 183.0, 194.0, 206.0, 291.0, 240.0, 0.0, 370.0, ||,  0
26019229, 0260192297, ||, 827.0, 657.0, 843.0, 584.0, 524.0, 340.0, 281.0, 318.0, 285.0, 335.0, 509.0, 604.0, ||,  0
26042616, 0260426161, ||, 930.0, 1170.0, 780.0, 1560.0, 1530.0, 900.0, 630.0, 540.0, 330.0, 240.0, 1200.0, 2580.0, ||,  0
26062200, 0260622006, ||, 328.0, 279.0, 255.0, 369.0, 356.0, 460.0, 477.0, 656.0, 544.0, 429.0, 407.0, 325.0, ||,  0
26107943, 0261079438, ||, 64.0, 834.0, 438.0, 1077.0, 591.0, 691.0, 642.0, 789.0, 910.0, 768.0, 382.0, 514.0, ||,  0
26083981, 0260839815, ||, 554.0, 0.0, 547.0, 358.0, 335.0, 381.0, 446.0, 541.0, 0.0, 974.0, 464.0, 438.0, ||,  0
26161273, 0261612732, ||, 64.0, 0.0, 40.0, 0.0, 0.0, 0.0, 142.0, 0.0, 1598.0, 0.0, 1334.0, 0.0, ||,  0
26304594, 0263045943, ||, 1220.0, 0.0, 1413.0, 0.0, 764.0, 0.0, 929.0, 0.0, 1069.0, 0.0, 837.0, 0.0, ||,  0
26522674, 0265226740, ||, 7.0, 797.0, 286.0, 448.0, 527.0, 184.0, 244.0, 480.0, 506.0, 261.0, 384.0, 351.0, ||,  0
26560418, 0265604180, ||, 849.0, 978.0, 531.0, 0.0, 0.0, 1466.0, 266.0, 295.0, 268.0, 211.0, 339.0, 625.0, ||,  0
26596917, 0265969177, ||, 422.0, 559.0, 299.0, 496.0, 416.0, 335.0, 253.0, 343.0, 261.0, 249.0, 283.0, 263.0, ||,  0
26737088, 0267370885, ||, 802.0, 713.0, 985.0, 924.0, 888.0, 724.0, 630.0, 614.0, 620.0, 676.0, 554.0, 593.0, ||,  0
26802389, 0268023894, ||, 1299.0, 1668.0, 1268.0, 1466.0, 1090.0, 1045.0, 634.0, 497.0, 652.0, 464.0, 939.0, 993.0, ||,  0
800298874, 8002932116, ||, 2407.0, 2277.0, 885.0, 1186.0, 640.0, 491.0, 476.0, 484.0, 411.0, 383.0, 457.0, 749.0, ||,  0
26973666, 0269736665, ||, 584.0, 0.0, 631.0, 0.0, 629.0, 0.0, 728.0, 0.0, 818.0, 0.0, 692.0, 0.0, ||,  0
512011549, 5120115492, ||, 598.0, 815.0, 534.0, 622.0, 606.0, 396.0, 284.0, 330.0, 351.0, 236.0, 339.0, 216.0, ||,  0
803460758, 8034052617, ||, 2990.0, 0.0, 0.0, 0.0, 0.0, 0.0, 3600.0, 0.0, 0.0, 0.0, 0.0, 0.0, ||,  0
27131661, 0271316611, ||, 170.0, 130.0, 120.0, 160.0, 1500.0, 1580.0, 1470.0, 1130.0, 1340.0, 1360.0, 1040.0, 1110.0, ||,  0
27269450, 0272694509, ||, 420.0, 0.0, 800.0, 700.0, 700.0, 200.0, 200.0, 300.0, 300.0, 400.0, 700.0, 700.0, ||,  0
27268156, 0272681567, ||, 2500.0, 0.0, 0.0, 0.0, 0.0, 0.0, 0.0, 0.0, 0.0, 0.0, 5000.0, 2000.0, ||,  0
701120453, 7011204537, ||, 281.0, 483.0, 155.0, 488.0, 0.0, 470.0, 388.0, 0.0, 114.0, 208.0, 458.0, 315.0, ||,  0
709225155, 7092251554, ||, 100.0, 150.0, 120.0, 140.0, 230.0, 680.0, 1320.0, 1860.0, 1800.0, 790.0, 490.0, 0.0, ||,  0
741000215, 7410002150, ||, 269.0, 284.0, 344.0, 2585.0, 1990.0, 0.0, 110.0, 110.0, 110.0, 110.0, 110.0, 110.0, ||,  0
741005968, 7410059680, ||, 832.0, 822.0, 512.0, 801.0, 189.0, 432.0, 470.0, 376.0, 486.0, 200.0, 526.0, 545.0, ||,  0
741002838, 7410028381, ||, 602.0, 209.0, 8047.0, 1082.0, 454.0, 366.0, 359.0, 449.0, 667.0, 209.0, -7.0, 0.0, ||,  0
741087727, 7410877273, ||, 551.0, 550.0, 403.0, 437.0, 462.0, 395.0, 443.0, 532.0, 513.0, 563.0, 462.0, 441.0, ||,  0
741121569, 7411215694, ||, 300.0, 300.0, 300.0, 300.0, 300.0, 300.0, 300.0, 300.0, 300.0, 300.0, 300.0, 300.0, ||,  0
741117472, 7411174724, ||, 433.0, 353.0, 316.0, 286.0, 288.0, 241.0, 230.0, 219.0, 196.0, 190.0, 205.0, 238.0, ||,  0
748005409, 7480054093, ||, 831.0, 410.0, 440.0, 470.0, 1072.0, 861.0, 1071.0, 951.0, 681.0, 531.0, 861.0, 230.0, ||,  0
756005172, 7560051725, ||, 4712.0, 5087.0, 500.0, 0.0, 674.0, 331.0, 0.0, 0.0, 0.0, 0.0, 0.0, 0.0, ||,  0
748159758, 7481597584, ||, 1071.0, 0.0, 961.0, 0.0, 872.0, 0.0, 1305.0, 0.0, 246.0, 0.0, 0.0, 0.0, ||,  0
756092477, 7560924773, ||, 2259.0, 603.0, 52.0, 4.0, 0.0, 375.0, 0.0, 440.0, 16.0, 714.0, 1112.0, 940.0, ||,  0
785528956, 7855289563, ||, 1035.0, 0.0, 1203.0, 0.0, 1294.0, 0.0, 1445.0, 0.0, 1909.0, 0.0, 395.0, 0.0, ||,  0
807787245, 8076133396, ||, 336.0, 400.0, 300.0, 50.0, 200.0, 183.0, 220.0, 314.0, 308.0, 239.0, 223.0, 221.0, ||,  0
807787439, 8076135334, ||, 241.0, 0.0, 259.0, 209.0, 358.0, 451.0, 411.0, 574.0, 525.0, 403.0, 299.0, 243.0, ||,  0
809834132, 8096161810, ||, 280.0, 280.0, 280.0, 680.0, 280.0, 280.0, 240.0, 320.0, 280.0, 320.0, 240.0, 340.0, ||,  0
2031841, 0020318417, ||, 205.0, 664.0, 339.0, 392.0, 505.0, 423.0, 404.0, 404.0, 436.0, 348.0, 404.0, 425.0, ||,  0
2278898, 0022788984, ||, 707.0, 613.0, 648.0, 725.0, 750.0, 1019.0, 974.0, 1280.0, 1372.0, 1114.0, 871.0, 956.0, ||,  0
2278968, 0022789684, ||, 441.0, 445.0, 359.0, 367.0, 313.0, 419.0, 356.0, 323.0, 337.0, 400.0, 526.0, 432.0, ||,  0
2346125, 0023461257, ||, 510.0, 600.0, 540.0, 705.0, 735.0, 645.0, 540.0, 525.0, 720.0, 630.0, 630.0, 495.0, ||,  0
2348039, 0023480399, ||, 276.0, 322.0, 260.0, 317.0, 263.0, 267.0, 262.0, 256.0, 248.0, 226.0, 267.0, 250.0, ||,  0
2387442, 0023874422, ||, 179.0, 112.0, 155.0, 164.0, 693.0, 795.0, 644.0, 631.0, 2521.0, 515.0, 406.0, 321.0, ||,  0
2451590, 0024515900, ||, 630.0, 690.0, 540.0, 810.0, 750.0, 450.0, 960.0, 690.0, 660.0, 450.0, 420.0, 360.0, ||,  0
2587875, 0025878758, ||, 501.0, 500.0, 401.0, 0.0, 999.0, 600.0, 1000.0, 1000.0, 700.0, 600.0, 366.0, 634.0, ||,  0
2610990, 0026109901, ||, 304.0, 289.0, 1166.0, 712.0, 501.0, 481.0, 407.0, 322.0, 320.0, 419.0, 359.0, 351.0, ||,  0
2609969, 0026099691, ||, 523.0, 227.0, 699.0, 414.0, 343.0, 327.0, 308.0, 348.0, 367.0, 275.0, 31.0, 0.0, ||,  0
2709115, 0027091151, ||, 254.0, 176.0, 264.0, 234.0, 237.0, 384.0, 801.0, 1207.0, 1047.0, 492.0, 353.0, 262.0, ||,  0
2724008, 0027240087, ||, 136.0, 70.0, 393.0, 224.0, 218.0, 308.0, 267.0, 302.0, 270.0, 395.0, 196.0, 424.0, ||,  0
2723651, 0027236518, ||, 300.0, 300.0, 300.0, 300.0, 300.0, 300.0, 300.0, 300.0, 300.0, 300.0, 300.0, 300.0, ||,  0
2724635, 0027246359, ||, 7110.0, 2760.0, 0.0, 0.0, 0.0, 0.0, 0.0, 0.0, 0.0, 0.0, 0.0, 0.0, ||,  0
2765151, 0027651517, ||, 1011.0, 766.0, 825.0, 824.0, 370.0, 93.0, 121.0, 285.0, 281.0, 90.0, 166.0, 254.0, ||,  0
600016812, 6000168128, ||, 618.0, 714.0, 768.0, 770.0, 620.0, 1220.0, 1260.0, 940.0, 1000.0, 780.0, 600.0, 580.0, ||,  0
600033155, 6000331553, ||, 71.0, 1730.0, 352.0, 177.0, 228.0, 115.0, 381.0, 760.0, 420.0, 70.0, 98.0, 116.0, ||,  0
690130926, 6901309264, ||, 390.0, 0.0, 979.0, 690.0, 848.0, 855.0, 893.0, 1344.0, 732.0, 1024.0, 1034.0, 931.0, ||,  0
690242040, 6902420407, ||, 205.0, 279.0, 257.0, 288.0, 257.0, 281.0, 385.0, 156.0, 303.0, 247.0, 276.0, 257.0, ||,  0
690263487, 6902634871, ||, 1230.0, 900.0, 1562.0, 1562.0, 1472.0, 905.0, 0.0, 0.0, 0.0, 0.0, 0.0, 0.0, ||,  0
691110749, 6911107496, ||, 710.0, 720.0, 370.0, 457.0, 386.0, 537.0, 450.0, 549.0, 551.0, 549.0, 386.0, 413.0, ||,  0
808049441, 8078621729, ||, 997.0, 2555.0, 938.0, 128.0, 233.0, 103.0, 104.0, 92.0, 559.0, 0.0, 0.0, 63.0, ||,  0
15063418, 0150634184, ||, 778.0, 1422.0, 564.0, 1130.0, 452.0, 213.0, 138.0, 137.0, 115.0, 80.0, 359.0, 361.0, ||,  0
15136338, 0151363388, ||, 890.0, 691.0, 570.0, 690.0, 476.0, 336.0, 397.0, 476.0, 469.0, 559.0, 689.0, 882.0, ||,  0
15120297, 0151202979, ||, 1244.0, 1217.0, 1095.0, 898.0, 412.0, 550.0, 470.0, 433.0, 432.0, 443.0, 403.0, 1407.0, ||,  0
15158750, 0151587506, ||, 775.0, 589.0, 449.0, 426.0, 539.0, 161.0, 130.0, 135.0, 141.0, 136.0, 210.0, 140.0, ||,  0
15188066, 0151880663, ||, 1375.0, 1176.0, 1011.0, 809.0, 802.0, 791.0, 921.0, 1097.0, 1179.0, 0.0, 757.0, 1182.0, ||,  0
15181299, 0151812994, ||, 624.0, 823.0, 699.0, 897.0, 731.0, 770.0, 719.0, 720.0, 678.0, 1472.0, 1217.0, 603.0, ||,  0
15222367, 0152223672, ||, 278.0, 224.0, 142.0, 272.0, 251.0, 296.0, 317.0, 385.0, 383.0, 279.0, 298.0, 268.0, ||,  0
15289139, 0152891394, ||, 380.0, 365.0, 363.0, 372.0, 401.0, 385.0, 385.0, 505.0, 577.0, 410.0, 466.0, 421.0, ||,  0
15343386, 0153433869, ||, 449.0, 238.0, 351.0, 511.0, 481.0, 424.0, 363.0, 300.0, 390.0, 468.0, 561.0, 487.0, ||,  0
702002593, 0702002593, ||, 559.0, 318.0, 258.0, 108.0, 1618.0, 1618.0, 418.0, 2880.0, 2455.0, 816.0, 332.0, 583.0, ||,  0
802937943, 8029012048, ||, 856.0, 713.0, 869.0, 839.0, 786.0, 760.0, 0.0, 0.0, 0.0, 156.0, 137.0, 916.0, ||,  0
801884569, 8018677102, ||, 315.0, 317.0, 311.0, 347.0, 324.0, 329.0, 314.0, 357.0, 374.0, 282.0, 355.0, 296.0, ||,  0
702111726, 0702111726, ||, 710.0, 1020.0, 916.0, 781.0, 718.0, 851.0, 942.0, 997.0, 931.0, 885.0, 693.0, 820.0, ||,  0
805851988, 8057280912, ||, 235.0, 185.0, 326.0, 213.0, 192.0, 284.0, 619.0, 734.0, 684.0, 546.0, 543.0, 532.0, ||,  0
732025461, 7320254612, ||, 528.0, 296.0, 580.0, 484.0, 2092.0, 573.0, 681.0, 1015.0, 779.0, 416.0, 1507.0, 537.0, ||,  0
732500719, 0732500719, ||, 511.0, 571.0, 520.0, 508.0, 538.0, 543.0, 507.0, 562.0, 548.0, 556.0, 507.0, 480.0, ||,  0
732500748, 0732500748, ||, 537.0, 447.0, 1138.0, 597.0, 927.0, 1108.0, 657.0, 717.0, 417.0, 356.0, 417.0, 657.0, ||,  0
732513919, 0732513919, ||, 377.0, 491.0, 461.0, 407.0, 312.0, 643.0, 613.0, 555.0, 583.0, 680.0, 446.0, 657.0, ||,  0
747003140, 0747003140, ||, 94.0, 94.0, 94.0, 96.0, 100.0, 2515.0, 1223.0, 1174.0, 1092.0, 372.0, 351.0, 292.0, ||,  0
747012110, 0747012110, ||, 673.0, 652.0, 60.0, 377.0, 221.0, 463.0, 527.0, 420.0, 611.0, 740.0, 319.0, 410.0, ||,  0
747031197, 0747031197, ||, 488.0, 752.0, 182.0, 172.0, 259.0, 400.0, 304.0, 200.0, 150.0, 136.0, 13.0, 3.0, ||,  0
807962825, 8077772556, ||, 1254.0, 1193.0, 1374.0, 883.0, 1244.0, 1414.0, 1394.0, 1605.0, 1287.0, 1392.0, 1221.0, 1085.0, ||,  0
809340303, 8091335937, ||, 418.0, 310.0, 483.0, 385.0, 358.0, 271.0, 294.0, 417.0, 325.0, 234.0, 287.0, 389.0, ||,  0
62287, 0000622875, ||, 337.0, 246.0, 697.0, 500.0, 475.0, 437.0, 0.0, 0.0, 1135.0, 671.0, 66.0, 388.0, ||,  0
87821, 0000878210, ||, 1100.0, 610.0, 0.0, 210.0, 220.0, 1640.0, 460.0, 460.0, 470.0, 460.0, 490.0, 500.0, ||,  0
--------------------------------------
	簇ID:	 计数
	1:	 1

	样本数据

25572428, 0255724283, ||, 558000.0, 312000.0, 366000.0, 300000.0, 216000.0, 270000.0, 294000.0, 456000.0, 312000.0, 288000.0, 318000.0, 378000.0, ||,  1
--------------------------------------
	簇ID:	 计数
	2:	 1

	样本数据

745096675, 0745096675, ||, 215229.0, 75064.0, 233488.0, 133804.0, 188099.0, 70589.0, 66091.0, 171483.0, 212247.0, 191060.0, 200116.0, 290741.0, ||,  2
--------------------------------------
	簇ID:	 计数
	3:	 1

	样本数据

811532574, 8112649201, ||, 5661.0, 3059.0, 13885.0, 99836.0, 115663.0, 115663.0, 101150.0, 165853.0, 136648.0, 140374.0, 148898.0, 161630.0, ||,  3
--------------------------------------
	簇ID:	 计数
	4:	 1

	样本数据

17144158, 0171441581, ||, 221516.0, 128608.0, 106800.0, 104568.0, 62528.0, 58424.0, 61864.0, 65596.0, 52444.0, 51440.0, 98368.0, 45788.0, ||,  4
--------------------------------------
	簇ID:	 计数
	5:	 1

	样本数据

782002940, 7820029408, ||, 2408.0, 688.0, 7920.0, 16800.0, 30400.0, 168000.0, 132000.0, 123200.0, 104000.0, 118400.0, 58168.0, 22152.0, ||,  5
--------------------------------------
	簇ID:	 计数
	6:	 2

	样本数据

716180940, 7161809406, ||, 122254.0, 85017.0, 73498.0, 49746.0, 23580.0, 42020.0, 29205.0, 31885.0, 27574.0, 23426.0, 56726.0, 24472.0, ||,  6
27005818, 0270058187, ||, 50000.0, 41000.0, 71000.0, 31500.0, 43000.0, 32500.0, 49500.0, 37500.0, 32317.0, 35847.0, 48861.0, 41567.0, ||,  6
--------------------------------------
	簇ID:	 计数
	7:	 88

	样本数据

25390190, 0253901909, ||, 3349.0, 2274.0, 2581.0, 2780.0, 2939.0, 2759.0, 671.0, 0.0, 7.0, 90.0, 6.0, 2379.0, ||,  7
25388242, 0253882428, ||, 1828.0, 1516.0, 1798.0, 1705.0, 1731.0, 2281.0, 2853.0, 3718.0, 3050.0, 2084.0, 1727.0, 1660.0, ||,  7
25552621, 0255526212, ||, 2003.0, 2009.0, 2221.0, 5134.0, 4496.0, 1745.0, 1521.0, 2280.0, 2520.0, 4699.0, 1800.0, 1601.0, ||,  7
26006220, 0260062204, ||, 2000.0, 2000.0, 2000.0, 3054.0, 2070.0, 1634.0, 1131.0, 1458.0, 1350.0, 851.0, 1297.0, 1238.0, ||,  7
26044225, 0260442259, ||, 2432.0, 3410.0, 2602.0, 2108.0, 2904.0, 2327.0, 815.0, 23.0, 1540.0, 2238.0, 4205.0, 2937.0, ||,  7
26107088, 0261070880, ||, 1349.0, 1119.0, 476.0, 928.0, 1672.0, 1293.0, 1145.0, 1223.0, 1525.0, 1482.0, 2123.0, 1521.0, ||,  7
802092463, 8020734833, ||, 2939.0, 2803.0, 2225.0, 3011.0, 3126.0, 3184.0, 3462.0, 3992.0, 3844.0, 2675.0, 2671.0, 2667.0, ||,  7
27131412, 0271314123, ||, 376.0, 3345.0, 2702.0, 2542.0, 1584.0, 741.0, 960.0, 796.0, 714.0, 847.0, 1131.0, 1360.0, ||,  7
731001280, 7310012802, ||, 2210.0, 2330.0, 2904.0, 1216.0, 795.0, 1366.0, 3914.0, 8195.0, 9698.0, 6393.0, 3025.0, 1366.0, ||,  7
731006354, 7310063549, ||, 2029.0, 4049.0, 4810.0, 1827.0, 1895.0, 1124.0, 1174.0, 1235.0, 1425.0, 533.0, 723.0, 823.0, ||,  7
756750128, 7567501285, ||, 1868.0, 2201.0, 2062.0, 1965.0, 1608.0, 1307.0, 1729.0, 2286.0, 1687.0, 1820.0, 1500.0, 1463.0, ||,  7
2180576, 0021805761, ||, 3529.0, 1208.0, 1208.0, 4715.0, 3685.0, 1715.0, 1715.0, 2439.0, 2423.0, 1327.0, 1208.0, 2895.0, ||,  7
690003232, 6900032325, ||, 629.0, 539.0, 569.0, 569.0, 3611.0, 519.0, 218.0, 238.0, 248.0, 24714.0, 428.0, 2881.0, ||,  7
690003866, 6900038668, ||, 1065.0, 825.0, 1455.0, 1005.0, 510.0, 6690.0, 2970.0, 840.0, 2055.0, 675.0, 765.0, 0.0, ||,  7
691003115, 6910031152, ||, 462.0, 201.0, 300.0, 929.0, 757.0, 901.0, 688.0, 2830.0, 4458.0, 4337.0, 4821.0, 4972.0, ||,  7
808605045, 8084079471, ||, 310.0, 0.0, 4030.0, 1940.0, 3610.0, 1830.0, 1960.0, 2930.0, 2170.0, 1220.0, 2320.0, 1860.0, ||,  7
15090110, 0150901107, ||, 1800.0, 1905.0, 3405.0, 2835.0, 1755.0, 1320.0, 855.0, 780.0, 1095.0, 1485.0, 1710.0, 2055.0, ||,  7
15104559, 0151045598, ||, 1455.0, 1471.0, 1082.0, 1455.0, 1494.0, 2411.0, 2721.0, 2797.0, 2934.0, 2561.0, 2008.0, 1782.0, ||,  7
15338485, 0153384851, ||, 4146.0, 3612.0, 3216.0, 3036.0, 3042.0, 3012.0, 3000.0, 3048.0, 3060.0, 3660.0, 3540.0, 3300.0, ||,  7
15339396, 0153393963, ||, 3317.0, 2186.0, 4073.0, 2616.0, 1574.0, 973.0, 865.0, 1008.0, 956.0, 689.0, 1264.0, 1892.0, ||,  7
702001827, 0702001827, ||, 4802.0, 4837.0, 1375.0, 1420.0, 1327.0, 1903.0, 2186.0, 2307.0, 2337.0, 2202.0, 2195.0, 2260.0, ||,  7
732516009, 0732516009, ||, 1322.0, 1109.0, 2376.0, 2034.0, 1978.0, 1636.0, 1328.0, 1492.0, 1171.0, 1617.0, 1456.0, 1501.0, ||,  7
807524983, 8073574103, ||, 1338.0, 1054.0, 891.0, 840.0, 886.0, 969.0, 1638.0, 2789.0, 1861.0, 966.0, 1047.0, 1008.0, ||,  7
285834, 0002858340, ||, -1620.0, 180.0, 930.0, 750.0, 8925.0, 735.0, 690.0, 1303.0, 1051.0, 1004.0, 2173.0, 3129.0, ||,  7
296537, 0002965374, ||, 3160.0, 3060.0, 2790.0, 2760.0, 1800.0, 2460.0, 2100.0, 2240.0, 8340.0, 5410.0, 4720.0, 4220.0, ||,  7
512393, 0005123937, ||, 1326.0, 2528.0, 3351.0, 2622.0, 1759.0, 1554.0, 1490.0, 3014.0, 2674.0, 1340.0, 1594.0, 1093.0, ||,  7
705009543, 7050095433, ||, 2097.0, 2201.0, 2583.0, 79.0, 1966.0, 2236.0, 2519.0, 2238.0, 2756.0, 1951.0, 1729.0, 1874.0, ||,  7
705045901, 7050459013, ||, 20.0, 0.0, 780.0, 1040.0, 1540.0, 1000.0, 4940.0, 3380.0, 3300.0, 2300.0, 1400.0, 720.0, ||,  7
17035528, 0170355287, ||, 1736.0, 1811.0, 1500.0, 1789.0, 1835.0, 2027.0, 2535.0, 2687.0, 2185.0, 1649.0, 1626.0, 1689.0, ||,  7
733097911, 0733097911, ||, 1358.0, 1639.0, 1403.0, 1474.0, 1849.0, 1963.0, 1774.0, 1920.0, 2029.0, 1881.0, 1747.0, 1906.0, ||,  7
734100433, 0734100433, ||, 2270.0, 1216.0, 1517.0, 1487.0, 1968.0, 945.0, 4423.0, 194.0, 12731.0, 2803.0, 6525.0, 2039.0, ||,  7
700082876, 7000828766, ||, 403.0, 587.0, 446.0, 88.0, 308.0, 1576.0, 5609.0, 9333.0, 8965.0, 6758.0, 2087.0, 85.0, ||,  7
692002913, 6920029132, ||, 4809.0, 2200.0, 508.0, 1322.0, 649.0, 262.0, 298.0, 253.0, 28.0, 0.0, 702.0, 5291.0, ||,  7
807600281, 8074308679, ||, 1990.0, 1579.0, 801.0, 645.0, 999.0, 902.0, 625.0, 1464.0, 2909.0, 2041.0, 1046.0, 288.0, ||,  7
695000099, 6950000998, ||, 94.0, 109.0, 94.0, 169.0, 469.0, 94.0, 8286.0, 3507.0, 2655.0, 4757.0, 3881.0, 99.0, ||,  7
696067206, 6960672064, ||, 2276.0, 2919.0, 1183.0, 448.0, 869.0, 1377.0, 4548.0, 11496.0, 13309.0, 12296.0, 2913.0, 319.0, ||,  7
696119366, 6961193661, ||, 7823.0, 3488.0, 1729.0, 1164.0, 1035.0, 723.0, 738.0, 825.0, 816.0, 614.0, 903.0, 801.0, ||,  7
19019777, 0190197779, ||, 2877.0, 45.0, 1125.0, 1100.0, 1425.0, 0.0, 1693.0, 1927.0, 5801.0, 5076.0, 2524.0, 849.0, ||,  7
19042345, 0190423450, ||, 3880.0, 4070.0, 1790.0, 2200.0, 3080.0, 1330.0, 850.0, 2180.0, 870.0, 1780.0, 2510.0, 2160.0, ||,  7
30738067, 0307380674, ||, 1182.0, 1553.0, 3359.0, 3138.0, 1349.0, 706.0, 577.0, 911.0, 723.0, 482.0, 1064.0, 1502.0, ||,  7
31020727, 0310207276, ||, 2247.0, 2587.0, 2718.0, 3038.0, 2743.0, 2997.0, 2835.0, 3941.0, 4145.0, 2644.0, 2870.0, 2810.0, ||,  7
31117902, 0311179020, ||, 1467.0, 962.0, 1726.0, 1589.0, 1667.0, 1246.0, 1484.0, 1780.0, 1717.0, 1256.0, 1448.0, 1360.0, ||,  7
31265992, 0312659923, ||, 3124.0, 2982.0, 2261.0, 2153.0, 1576.0, 1136.0, 886.0, 940.0, 1496.0, 2395.0, 1682.0, 1834.0, ||,  7
31385303, 0313853036, ||, 1599.0, 1520.0, 1880.0, 1919.0, 2033.0, 1880.0, 1428.0, 1880.0, 1695.0, 0.0, 3234.0, 1564.0, ||,  7
31651592, 0316515928, ||, 560.0, 1206.0, 230.0, 9039.0, 600.0, 833.0, 818.0, 150.0, 0.0, 510.0, 500.0, 3359.0, ||,  7
31653643, 0316536431, ||, 5910.0, 4830.0, 4110.0, 2670.0, 210.0, 60.0, 60.0, 90.0, 90.0, 30.0, 1380.0, 3360.0, ||,  7
803369595, 8033232753, ||, 2445.0, 175.0, 505.0, 2986.0, 2206.0, 1451.0, 1693.0, 3020.0, 3202.0, 4292.0, 3472.0, 5075.0, ||,  7
30150901, 0301509019, ||, 4023.0, 0.0, 5367.0, 1983.0, 2613.0, 1965.0, 2006.0, 3395.0, 3400.0, 2608.0, 2405.0, 890.0, ||,  7
30150996, 0301509963, ||, 1202.0, 0.0, 1820.0, 2169.0, 0.0, 3022.0, 0.0, 2872.0, 0.0, 2511.0, 0.0, 2986.0, ||,  7
715080714, 7150807145, ||, 870.0, 1215.0, 2265.0, 720.0, 1920.0, 2070.0, 2010.0, 1815.0, 1395.0, 2370.0, 1530.0, 2265.0, ||,  7
30150212, 0301502122, ||, 920.0, 520.0, 600.0, 2040.0, 6640.0, 5040.0, 3720.0, 3400.0, 4480.0, 3480.0, 4520.0, 9520.0, ||,  7
30288735, 0302887356, ||, 7501.0, 1089.0, 0.0, 0.0, 0.0, 0.0, 0.0, 49.0, 755.0, 2361.0, 8883.0, 11386.0, ||,  7
30403423, 0304034233, ||, 2999.0, 2678.0, 2800.0, 2694.0, 2677.0, 2450.0, 2615.0, 2655.0, 2805.0, 2790.0, 2598.0, 2453.0, ||,  7
716111689, 7161116898, ||, 2290.0, 2319.0, 2417.0, 2777.0, 3036.0, 2280.0, 2584.0, 3100.0, 3120.0, 3029.0, 1325.0, 2052.0, ||,  7
716111990, 7161119901, ||, 3663.0, 3800.0, 3872.0, 3832.0, 3863.0, 3533.0, 3904.0, 4632.0, 4123.0, 4126.0, 1885.0, 3063.0, ||,  7
30431033, 0304310339, ||, 1593.0, 1245.0, 1261.0, 1754.0, 1621.0, 1120.0, 1124.0, 1321.0, 1433.0, 940.0, 1088.0, 1354.0, ||,  7
670122095, 6701220958, ||, 1382.0, 980.0, 1246.0, 1288.0, 1266.0, 1216.0, 1236.0, 1667.0, 2525.0, 2348.0, 1379.0, 968.0, ||,  7
670211404, 6702114045, ||, 318.0, 3132.0, 883.0, 279.0, 7963.0, 6668.0, 4206.0, 4497.0, 5016.0, 8675.0, 4909.0, 4824.0, ||,  7
703000250, 7030002501, ||, 3271.0, 1752.0, 3473.0, 4503.0, 2926.0, 2589.0, 4429.0, 2714.0, 3693.0, 4312.0, 3768.0, 2479.0, ||,  7
30589570, 0305895703, ||, 3906.0, 2666.0, 2612.0, 1704.0, 838.0, 719.0, 742.0, 1137.0, 1307.0, 1228.0, 0.0, 0.0, ||,  7
622028802, 6220288020, ||, 807.0, 577.0, 346.0, 871.0, 925.0, 1100.0, 1277.0, 1110.0, 2644.0, 2841.0, 2336.0, 2175.0, ||,  7
801437602, 8014230925, ||, 1652.0, 1033.0, 1795.0, 2673.0, 1923.0, 1828.0, 1848.0, 1518.0, 1302.0, 882.0, 1350.0, 1473.0, ||,  7
5271000, 0052710009, ||, 2791.0, 2121.0, 6631.0, 2331.0, 253.0, 4370.0, 2675.0, 3775.0, 3625.0, 2355.0, 2442.0, 2244.0, ||,  7
9128986, 0091289865, ||, 2553.0, 2151.0, 2127.0, 2554.0, 2564.0, 3028.0, 3459.0, 4358.0, 3578.0, 2398.0, 2433.0, 2271.0, ||,  7
9264699, 0092646995, ||, 2110.0, 2498.0, 2377.0, 1870.0, 0.0, 0.0, 2857.0, 3146.0, 3178.0, 2573.0, 3041.0, 2465.0, ||,  7
9414254, 0094142541, ||, 1860.0, 1621.0, 1497.0, 0.0, 3206.0, 1276.0, 1996.0, 2527.0, 1707.0, 1043.0, 1709.0, 1858.0, ||,  7
802737676, 8027065516, ||, 3743.0, 2577.0, 2230.0, 1122.0, 0.0, 3867.0, 1122.0, 1454.0, 788.0, 1740.0, 2051.0, 1187.0, ||,  7
713000123, 7130001235, ||, 761.0, 226.0, 478.0, 3513.0, 3432.0, 3291.0, 2746.0, 4322.0, 4951.0, 6415.0, 2071.0, 1850.0, ||,  7
755153706, 7551537069, ||, 3897.0, 3296.0, 1787.0, 2047.0, 3107.0, 1912.0, 1703.0, 2552.0, 1770.0, 4352.0, 2138.0, 2410.0, ||,  7
740002332, 0740002332, ||, 308.0, 158.0, 158.0, 311.0, 1323.0, 10977.0, 3693.0, 3180.0, 2972.0, 1410.0, 336.0, 495.0, ||,  7
740048894, 0740048894, ||, 780.0, 580.0, 720.0, 300.0, 480.0, 360.0, 420.0, 3567.0, 4697.0, 2182.0, 3415.0, 172.0, ||,  7
751022521, 7510225217, ||, 886.0, 126.0, 86.0, 0.0, 0.0, 578.0, 1061.0, 3259.0, 3700.0, 3734.0, 1038.0, 22.0, ||,  7
808038157, 8078509076, ||, 1495.0, 1501.0, 1471.0, 1575.0, 1676.0, 1840.0, 2308.0, 3436.0, 3144.0, 1816.0, 1825.0, 1577.0, ||,  7
23195102, 0231951023, ||, 1997.0, 1766.0, 1930.0, 1908.0, 1848.0, 1913.0, 2114.0, 2578.0, 2237.0, 1495.0, 1664.0, 1610.0, ||,  7
773002309, 0773002309, ||, 935.0, 800.0, 1446.0, 3119.0, 3647.0, 2847.0, 7566.0, 2787.0, 3104.0, 3028.0, 2968.0, 2289.0, ||,  7
758001066, 0758001066, ||, 1943.0, 1598.0, 1355.0, 1325.0, 1730.0, 2085.0, 2330.0, 4532.0, 4802.0, 2605.0, 2238.0, 2105.0, ||,  7
758080951, 0758080951, ||, 2956.0, 1599.0, 1425.0, 1414.0, 1442.0, 1605.0, 1326.0, 1363.0, 1446.0, 1745.0, 2335.0, 2014.0, ||,  7
25047048, 0250470484, ||, 7661.0, 6395.0, 5441.0, 2979.0, 1226.0, 377.0, 989.0, 1916.0, 982.0, 401.0, 764.0, 3819.0, ||,  7
25110536, 0251105367, ||, 7121.0, 6134.0, 6454.0, 4616.0, 0.0, 0.0, 0.0, 0.0, 0.0, 0.0, 3209.0, 3536.0, ||,  7
27000553, 0270005532, ||, 7039.0, 7173.0, 5477.0, 4230.0, 1579.0, 229.0, 145.0, 188.0, 205.0, 146.0, 495.0, 2150.0, ||,  7
2730273, 0027302734, ||, 1660.0, 1214.0, 1372.0, 1592.0, 1330.0, 1437.0, 1584.0, 2463.0, 2177.0, 1370.0, 1608.0, 1235.0, ||,  7
31553421, 0315534216, ||, 4060.0, 0.0, 0.0, 9100.0, 3280.0, 2940.0, 3520.0, 6520.0, 7300.0, 4040.0, 3000.0, 2840.0, ||,  7
13180064, 0131800643, ||, 1580.0, 2334.0, 1403.0, 2993.0, 423.0, 1928.0, 1803.0, 2514.0, 2176.0, 1490.0, 1778.0, 1826.0, ||,  7
13147525, 0131475252, ||, 4293.0, 2917.0, 3036.0, 2714.0, 1929.0, 2211.0, 2475.0, 3204.0, 3215.0, 2043.0, 2372.0, 2518.0, ||,  7
697033411, 6970334116, ||, 933.0, 1534.0, 1261.0, 563.0, 2585.0, 2123.0, 1921.0, 0.0, 2377.0, 2172.0, 1139.0, 1546.0, ||,  7
697110824, 6971108240, ||, 2029.0, 3353.0, 1794.0, 2901.0, 1624.0, 3334.0, 3139.0, 3417.0, 936.0, 934.0, 918.0, 1427.0, ||,  7
23254453, 0232544538, ||, 2510.0, 2500.0, 5706.0, 3339.0, 3456.0, 3165.0, 3228.0, 3294.0, 3860.0, 4010.0, 4597.0, 5301.0, ||,  7
758104425, 0758104425, ||, 1271.0, 682.0, 3493.0, 1058.0, 1684.0, 1330.0, 1204.0, 1390.0, 1558.0, 975.0, 1805.0, 2029.0, ||,  7
--------------------------------------
	簇ID:	 计数
	8:	 1

	样本数据

761003341, 0761003341, ||, 6048.0, 6048.0, 12213.0, 11753.0, 10904.0, 19247.0, 14382.0, 20799.0, 11232.0, 4927.0, 6595.0, 5230.0, ||,  8
--------------------------------------
	簇ID:	 计数
	9:	 11330

	样本数据

25348900, 0253489007, ||, 265.0, 0.0, 327.0, 0.0, 330.0, 0.0, 231.0, 0.0, 161.0, 0.0, 461.0, 0.0, ||,  9
25240591, 0252405918, ||, 203.0, 0.0, 167.0, 0.0, 209.0, 0.0, 173.0, 0.0, 199.0, 0.0, 168.0, 0.0, ||,  9
25399309, 0253993092, ||, 87.0, 83.0, 95.0, 193.0, 443.0, 119.0, 123.0, 161.0, 131.0, 122.0, 374.0, 134.0, ||,  9
25400916, 0254009167, ||, 57.0, 52.0, 41.0, 62.0, 53.0, 37.0, 19.0, 17.0, 20.0, 23.0, 61.0, 62.0, ||,  9
25456400, 0254564004, ||, 186.0, 110.0, 43.0, 66.0, 117.0, 38.0, 51.0, 169.0, 170.0, 50.0, 81.0, 84.0, ||,  9
25504528, 0255045287, ||, 202.0, 0.0, 0.0, 0.0, 303.0, 0.0, 121.0, 0.0, 0.0, 196.0, 0.0, 0.0, ||,  9
25600075, 0256000755, ||, 271.0, 189.0, 140.0, 207.0, 185.0, 182.0, 187.0, 172.0, 206.0, 190.0, 202.0, 202.0, ||,  9
25632689, 0256326897, ||, 392.0, 0.0, 297.0, 0.0, 338.0, 0.0, 300.0, 0.0, 267.0, 0.0, 269.0, 0.0, ||,  9
800279648, 8002742892, ||, 122.0, 0.0, 106.0, 0.0, 82.0, 0.0, 120.0, 0.0, 427.0, 0.0, 177.0, 0.0, ||,  9
800509398, 8004983347, ||, 244.0, 204.0, 191.0, 245.0, 236.0, 202.0, 200.0, 182.0, 177.0, 171.0, 262.0, 236.0, ||,  9
25707885, 0257078858, ||, 175.0, 125.0, 185.0, 144.0, 206.0, 175.0, 133.0, 182.0, 135.0, 127.0, 125.0, 121.0, ||,  9
25712279, 0257122799, ||, 147.0, 0.0, 111.0, 459.0, 109.0, 111.0, 104.0, 87.0, 98.0, 81.0, 116.0, 134.0, ||,  9
25712802, 0257128029, ||, 268.0, 244.0, 292.0, 283.0, 393.0, 385.0, 40.0, 35.0, 0.0, 42.0, 13.0, 87.0, ||,  9
25713361, 0257133618, ||, 8.0, 5.0, 83.0, 31.0, 20.0, 18.0, 22.0, 22.0, 22.0, 7.0, 0.0, 67.0, ||,  9
25716094, 0257160944, ||, 234.0, 99.0, 102.0, 272.0, 393.0, 85.0, 123.0, 101.0, 86.0, 120.0, 156.0, 210.0, ||,  9
25827547, 0258275478, ||, 220.0, 242.0, 176.0, 123.0, 135.0, 61.0, 18.0, 31.0, 0.0, 0.0, 374.0, 50.0, ||,  9
25398117, 0253981170, ||, 34.0, 1.0, 1.0, 1.0, 0.0, 0.0, 20.0, 70.0, 357.0, 0.0, 232.0, 173.0, ||,  9
26006890, 0260068909, ||, 165.0, 146.0, 170.0, 141.0, 200.0, 213.0, 209.0, 208.0, 204.0, 128.0, 237.0, 167.0, ||,  9
26061770, 0260617707, ||, 5.0, 0.0, 0.0, 0.0, 0.0, 0.0, 1245.0, 0.0, 0.0, 113.0, 0.0, 0.0, ||,  9
26102320, 0261023204, ||, 405.0, 0.0, 279.0, 0.0, 305.0, 0.0, 312.0, 0.0, 294.0, 0.0, 293.0, 0.0, ||,  9
26560458, 0265604584, ||, 95.0, 54.0, 36.0, 70.0, 59.0, 68.0, 82.0, 79.0, 69.0, 74.0, 82.0, 90.0, ||,  9
26559090, 0265590908, ||, 305.0, 0.0, 165.0, 0.0, 355.0, 0.0, 278.0, 0.0, 215.0, 0.0, 210.0, 0.0, ||,  9
26702696, 0267026964, ||, 31.0, 0.0, 17.0, 0.0, 42.0, 0.0, 35.0, 0.0, 28.0, 0.0, 33.0, 0.0, ||,  9
26857314, 0268573142, ||, 275.0, 0.0, 258.0, 0.0, 310.0, 0.0, 260.0, 0.0, 429.0, 0.0, 416.0, 0.0, ||,  9
26856159, 0268561594, ||, 174.0, 0.0, 236.0, 0.0, 256.0, 0.0, 194.0, 0.0, 268.0, 0.0, 456.0, 0.0, ||,  9
26829179, 0268291790, ||, 54.0, 192.0, 208.0, 202.0, 226.0, 220.0, 178.0, 167.0, 169.0, 226.0, 274.0, 224.0, ||,  9
26846757, 0268467573, ||, 343.0, 0.0, 266.0, 0.0, 249.0, 0.0, 212.0, 0.0, 188.0, 0.0, 205.0, 0.0, ||,  9
800542897, 8005312539, ||, 217.0, 0.0, 364.0, 188.0, 152.0, 160.0, 159.0, 175.0, 186.0, 162.0, 184.0, 0.0, ||,  9
808752033, 8085520143, ||, 47.0, 49.0, 31.0, 37.0, 20.0, 24.0, 35.0, 121.0, 71.0, 24.0, 28.0, 33.0, ||,  9
26940043, 0269400434, ||, 29.0, 0.0, 32.0, 24.0, 28.0, 429.0, 536.0, 426.0, 171.0, 276.0, 118.0, 33.0, ||,  9
26948562, 0269485626, ||, 185.0, 0.0, 199.0, 0.0, 195.0, 0.0, 186.0, 0.0, 194.0, 0.0, 224.0, 0.0, ||,  9
26952964, 0269529641, ||, 384.0, 195.0, 229.0, 44.0, 80.0, 22.0, 101.0, 47.0, 52.0, 133.0, 128.0, 132.0, ||,  9
802259271, 8022381350, ||, 71.0, 0.0, 70.0, 0.0, 64.0, 0.0, 71.0, 0.0, 75.0, 0.0, 70.0, 0.0, ||,  9
805233475, 8051331395, ||, 217.0, 197.0, 185.0, 190.0, 0.0, 372.0, 5.0, 1.0, 0.0, 49.0, 140.0, 129.0, ||,  9
811851028, 8115609398, ||, 74.0, 53.0, 0.0, 0.0, 0.0, 0.0, 0.0, 0.0, 0.0, 0.0, 0.0, 0.0, ||,  9
27142655, 0271426556, ||, 1.0, 25.0, 0.0, 0.0, 0.0, 0.0, 0.0, 0.0, 0.0, 71.0, 0.0, 103.0, ||,  9
27201783, 0272017834, ||, 175.0, 0.0, 366.0, 133.0, 150.0, 169.0, 220.0, 242.0, 252.0, 0.0, 0.0, 0.0, ||,  9
27224485, 0272244850, ||, 24.0, 0.0, 58.0, 234.0, 188.0, 153.0, 142.0, 94.0, 38.0, 28.0, 83.0, 150.0, ||,  9
27221253, 0272212532, ||, 147.0, 140.0, 71.0, 157.0, 149.0, 0.0, 109.0, 28.0, 25.0, 28.0, 28.0, 0.0, ||,  9
27221403, 0272214033, ||, 133.0, 0.0, 0.0, 0.0, 0.0, 0.0, 0.0, 0.0, 0.0, 0.0, 1145.0, 1196.0, ||,  9
27238907, 0272389070, ||, 370.0, 0.0, 232.0, 114.0, 142.0, 107.0, 89.0, 104.0, 126.0, 157.0, 164.0, 168.0, ||,  9
701102578, 7011025783, ||, 12.0, 10.0, 16.0, 17.0, 10.0, 10.0, 1.0, 6.0, 0.0, 0.0, 0.0, 3.0, ||,  9
701101371, 7011013715, ||, 3.0, 232.0, 3.0, 3.0, 2.0, 150.0, 5.0, 5.0, 9.0, 6.0, 5.0, 6.0, ||,  9
701118472, 7011184721, ||, 13.0, 31.0, 15.0, 14.0, 7.0, 17.0, 18.0, 20.0, 19.0, 18.0, 15.0, 0.0, ||,  9
701103689, 7011036891, ||, 55.0, 230.0, 40.0, 40.0, 20.0, 2.0, 7.0, 0.0, 10.0, 0.0, 0.0, 0.0, ||,  9
701201018, 7012010182, ||, 178.0, 180.0, 262.0, 299.0, 47.0, 420.0, 17.0, 146.0, 449.0, 200.0, 236.0, 400.0, ||,  9
701407739, 7014077396, ||, 44.0, 76.0, 278.0, 54.0, 38.0, 0.0, 0.0, 0.0, 0.0, 0.0, 0.0, 0.0, ||,  9
709127714, 7091277146, ||, 351.0, 463.0, 256.0, 254.0, 214.0, 315.0, 117.0, 745.0, 115.0, 0.0, 0.0, 440.0, ||,  9
709147484, 7091474840, ||, 260.0, 0.0, 0.0, 0.0, 0.0, 640.0, 0.0, 30.0, 30.0, 30.0, 0.0, 110.0, ||,  9
709198043, 7091980437, ||, 43.0, 21.0, 40.0, 43.0, 32.0, 28.0, 10.0, 1.0, 10.0, 1.0, 5.0, 27.0, ||,  9
709290996, 7092909961, ||, 550.0, 700.0, 350.0, 182.0, 86.0, 61.0, 60.0, 80.0, 89.0, 61.0, 68.0, 144.0, ||,  9
731122372, 7311223728, ||, 2.0, 2.0, 2.0, 2.0, 1.0, 1.0, 1.0, 1.0, 1.0, 1.0, 1.0, 21.0, ||,  9
731147002, 7311470023, ||, 38.0, 243.0, 32.0, 1.0, 12.0, 74.0, 19.0, 5.0, 70.0, 19.0, 11.0, 29.0, ||,  9
731155610, 7311556107, ||, 10.0, 80.0, 50.0, 50.0, 20.0, 50.0, 0.0, 0.0, 50.0, 0.0, 0.0, 0.0, ||,  9
731191015, 7311910152, ||, 66.0, 0.0, 0.0, 0.0, 0.0, 15.0, 5.0, 0.0, 0.0, 0.0, 6.0, 0.0, ||,  9
731193386, 7311933863, ||, 11.0, 11.0, 16.0, 15.0, 9.0, 9.0, 7.0, 4.0, 5.0, 17.0, 20.0, 20.0, ||,  9
741058870, 7410588702, ||, 213.0, 212.0, 223.0, 195.0, 232.0, 136.0, 92.0, 96.0, 171.0, 51.0, 73.0, 56.0, ||,  9
741090892, 7410908924, ||, 2.0, 3.0, 2.0, 2.0, 1.0, 1.0, 0.0, 0.0, 0.0, 2.0, 2.0, 5.0, ||,  9
748022744, 7480227444, ||, 108.0, 0.0, 0.0, 0.0, 0.0, 0.0, 0.0, 0.0, 0.0, 0.0, 313.0, 0.0, ||,  9
742141769, 7421417699, ||, 174.0, 77.0, 87.0, 82.0, 40.0, 123.0, 71.0, 72.0, 57.0, 67.0, 80.0, 0.0, ||,  9
748003496, 7480034961, ||, 300.0, 180.0, 180.0, 180.0, 226.0, 180.0, 180.0, 180.0, 180.0, 180.0, 180.0, 180.0, ||,  9
748133947, 7481339474, ||, 2.0, 0.0, 9.0, 0.0, 11.0, 0.0, 29.0, 0.0, 0.0, 0.0, 0.0, 0.0, ||,  9
785065062, 7850650629, ||, 8.0, 0.0, 0.0, 0.0, 50.0, 0.0, 0.0, 96.0, 0.0, 0.0, 137.0, 48.0, ||,  9
785020545, 7850205454, ||, 279.0, 0.0, 244.0, 0.0, 293.0, 0.0, 386.0, 0.0, 559.0, 0.0, 484.0, 0.0, ||,  9
785501032, 7855010329, ||, 56.0, 0.0, 48.0, 0.0, 10.0, 0.0, 1.0, 0.0, 17.0, 0.0, 23.0, 0.0, ||,  9
785111362, 7851113620, ||, 303.0, 0.0, 260.0, 0.0, 600.0, 0.0, 550.0, 0.0, 0.0, 0.0, 0.0, 0.0, ||,  9
2068213, 0020682138, ||, 66.0, 54.0, 35.0, 76.0, 81.0, 77.0, 99.0, 95.0, 111.0, 117.0, 109.0, 102.0, ||,  9
2115358, 0021153583, ||, 653.0, 652.0, 497.0, 389.0, 0.0, 0.0, 0.0, 0.0, 0.0, 0.0, 0.0, 0.0, ||,  9
2230534, 0022305347, ||, 302.0, 227.0, 213.0, 327.0, 239.0, 201.0, 155.0, 201.0, 202.0, 154.0, 216.0, 206.0, ||,  9
2363442, 0023634422, ||, 6.0, 17.0, 110.0, 107.0, 64.0, 84.0, 20.0, 168.0, 0.0, 37.0, 0.0, 0.0, ||,  9
2426102, 0024261021, ||, 46.0, 44.0, 37.0, 73.0, 94.0, 142.0, 147.0, 183.0, 179.0, 144.0, 107.0, 91.0, ||,  9
2435312, 0024353120, ||, 199.0, 234.0, 183.0, 200.0, 189.0, 152.0, 115.0, 107.0, 74.0, 102.0, 170.0, 197.0, ||,  9
2506564, 0025065640, ||, 172.0, 97.0, 168.0, 131.0, 0.0, 281.0, 382.0, 200.0, 198.0, 162.0, 210.0, 190.0, ||,  9
2609407, 0026094074, ||, 105.0, 129.0, 75.0, 164.0, 87.0, 114.0, 112.0, 61.0, 134.0, 79.0, 74.0, 117.0, ||,  9
2612882, 0026128825, ||, 48.0, 35.0, 33.0, 33.0, 22.0, 16.0, 19.0, 16.0, 13.0, 13.0, 29.0, 43.0, ||,  9
2613207, 0026132075, ||, 24.0, 9.0, 0.0, 48.0, 29.0, 30.0, 33.0, 37.0, 22.0, 21.0, 6.0, 0.0, ||,  9
2628978, 0026289784, ||, 126.0, 131.0, 139.0, 145.0, 145.0, 181.0, 168.0, 171.0, 179.0, 153.0, 144.0, 147.0, ||,  9
2710770, 0027107704, ||, 44.0, 0.0, 15.0, 37.0, 42.0, 57.0, 0.0, 0.0, 0.0, 0.0, 83.0, 0.0, ||,  9
2769205, 0027692051, ||, 159.0, 29.0, 156.0, 140.0, 131.0, 109.0, 98.0, 111.0, 108.0, 93.0, 42.0, 196.0, ||,  9
2769727, 0027697274, ||, 3.0, 4.0, 4.0, 17.0, 116.0, 87.0, 113.0, 14.0, 33.0, 7.0, 2.0, 10.0, ||,  9
2792916, 0027929168, ||, 200.0, 315.0, 195.0, 287.0, 306.0, 182.0, 183.0, 189.0, 128.0, 70.0, 95.0, 84.0, ||,  9
600015990, 6000159902, ||, 1.0, 0.0, 1.0, 0.0, 0.0, 1.0, 0.0, 0.0, 0.0, 1.0, 0.0, 0.0, ||,  9
600021116, 6000211167, ||, 10.0, 30.0, 34.0, 16.0, 20.0, 20.0, 10.0, 1.0, 0.0, 10.0, 20.0, 39.0, ||,  9
600028317, 6000283173, ||, 52.0, 0.0, 0.0, 0.0, 0.0, 45.0, 0.0, 0.0, 0.0, 0.0, 92.0, 100.0, ||,  9
600028935, 6000289357, ||, 1.0, 29.0, 0.0, 0.0, 0.0, 0.0, 20.0, 7.0, 0.0, 428.0, 5.0, 20.0, ||,  9
600091110, 6000911100, ||, 313.0, 200.0, 145.0, 160.0, 156.0, 96.0, 63.0, 98.0, 91.0, 54.0, 94.0, 160.0, ||,  9
600099008, 6000990088, ||, 8.0, 7.0, 12.0, 10.0, 8.0, 13.0, 5.0, 6.0, 9.0, 6.0, 9.0, 10.0, ||,  9
600120162, 6001201620, ||, 201.0, 755.0, 122.0, 144.0, 111.0, 128.0, 17.0, 0.0, 0.0, 55.0, 127.0, 140.0, ||,  9
600129632, 6001296321, ||, 2.0, 0.0, 0.0, 0.0, 0.0, 0.0, 0.0, 0.0, 0.0, 0.0, 0.0, 0.0, ||,  9
690059452, 6900594524, ||, 174.0, 94.0, 0.0, 0.0, 0.0, 0.0, 0.0, 0.0, 0.0, 0.0, 0.0, 0.0, ||,  9
690120689, 6901206897, ||, 210.0, 204.0, 274.0, 199.0, 243.0, 126.0, 118.0, 141.0, 141.0, 92.0, 224.0, 165.0, ||,  9
690128046, 6901280464, ||, 22.0, 28.0, 30.0, 20.0, 53.0, 47.0, 20.0, 20.0, 20.0, 40.0, 26.0, 9.0, ||,  9
690136907, 6901369071, ||, 105.0, 88.0, 139.0, 67.0, 84.0, 114.0, 100.0, 0.0, 0.0, 49.0, 1.0, 227.0, ||,  9
690178096, 6901780964, ||, 6.0, 10.0, 13.0, 7.0, 16.0, 5.0, 3.0, 0.0, 3.0, 4.0, 10.0, 7.0, ||,  9
690267986, 6902679867, ||, 439.0, 1.0, 4.0, 156.0, 55.0, 45.0, 5.0, 44.0, 39.0, 62.0, 51.0, 10.0, ||,  9
690275413, 6902754137, ||, 710.0, 0.0, 0.0, 100.0, 311.0, 230.0, 197.0, 210.0, 42.0, 158.0, 219.0, 200.0, ||,  9
691010279, 6910102793, ||, 67.0, 10.0, 142.0, 0.0, 0.0, 0.0, 0.0, 0.0, 20.0, 109.0, 108.0, 557.0, ||,  9
691049557, 6910495572, ||, 339.0, 153.0, 28.0, 82.0, 59.0, 130.0, 181.0, 0.0, 150.0, 45.0, 325.0, 0.0, ||,  9
691102651, 6911026519, ||, 118.0, 100.0, 135.0, 285.0, 51.0, 90.0, 114.0, 13.0, 10.0, 202.0, 204.0, 308.0, ||,  9
15084937, 0150849375, ||, 10.0, 1.0, 2.0, 2.0, 31.0, 42.0, 28.0, 15.0, 51.0, 83.0, 93.0, 85.0, ||,  9
--------------------------------------
	簇ID:	 计数
	10:	 1

	样本数据

2032996, 0020329961, ||, 167780.0, 129280.0, 126860.0, 117880.0, 90880.0, 82440.0, 151720.0, 205020.0, 121220.0, 108740.0, 137540.0, 151200.0, ||,  10
--------------------------------------
	簇ID:	 计数
	11:	 9

	样本数据

25703909, 0257039091, ||, 31408.0, 28110.0, 30648.0, 26950.0, 17806.0, 14532.0, 18394.0, 25895.0, 20137.0, 14120.0, 22037.0, 26985.0, ||,  11
26098255, 0260982551, ||, 23660.0, 1080.0, 40320.0, 24770.0, 19620.0, 19620.0, 19620.0, 19620.0, 19620.0, 17130.0, 24790.0, 20930.0, ||,  11
756002266, 7560022666, ||, 9000.0, 6000.0, 8000.0, 11000.0, 12000.0, 25400.0, 25800.0, 28600.0, 26800.0, 17000.0, 21400.0, 30200.0, ||,  11
809171881, 8089679386, ||, 12974.0, 24605.0, 16235.0, 14152.0, 17922.0, 21882.0, 18987.0, 13873.0, 35912.0, 26643.0, 11184.0, 31195.0, ||,  11
807860086, 8076811676, ||, 7842.0, 8706.0, 29040.0, 19308.0, 23592.0, 20508.0, 9102.0, 6258.0, 17124.0, 18150.0, 31230.0, 26400.0, ||,  11
31267035, 0312670351, ||, 33516.0, 33849.0, 29940.0, 21687.0, 14027.0, 14341.0, 13866.0, 15649.0, 7847.0, 12164.0, 27107.0, 32209.0, ||,  11
698188161, 6981881616, ||, 40978.0, 33414.0, 21028.0, 38281.0, 36804.0, 15172.0, 23112.0, 36483.0, 38410.0, 38249.0, 40343.0, 40795.0, ||,  11
698203459, 6982034590, ||, 47200.0, 36400.0, 10000.0, 3200.0, 15600.0, 40800.0, 35600.0, 23080.0, 30000.0, 25600.0, 22800.0, 20400.0, ||,  11
30319569, 0303195696, ||, 22077.0, 20516.0, 21171.0, 20280.0, 19200.0, 19026.0, 19334.0, 22880.0, 21106.0, 24814.0, 12985.0, 18045.0, ||,  11
--------------------------------------
	簇ID:	 计数
	12:	 1

	样本数据

732501122, 0732501122, ||, 547.0, 547.0, 36659.0, 114223.0, 79087.0, 74838.0, 72046.0, 81580.0, 83137.0, 94912.0, 139435.0, 110339.0, ||,  12
--------------------------------------
	簇ID:	 计数
	13:	 1

	样本数据

25598481, 0255984810, ||, 132000.0, 104000.0, 64000.0, 76000.0, 69600.0, 77200.0, 102800.0, 136000.0, 83600.0, 70400.0, 60000.0, 82800.0, ||,  13
--------------------------------------
	簇ID:	 计数
	14:	 1

	样本数据

807881354, 8077011396, ||, 91520.0, 111030.0, 76514.0, 33003.0, 12001.0, 12000.0, 10500.0, 7500.0, 12001.0, 6000.0, 30002.0, 57008.0, ||,  14
--------------------------------------
	簇ID:	 计数
	15:	 46

	样本数据

25395286, 0253952864, ||, 12979.0, 2179.0, 2271.0, 5412.0, 3703.0, 3983.0, 2503.0, 2863.0, 3102.0, 3181.0, 2897.0, 3722.0, ||,  15
25387546, 0253875468, ||, 7680.0, 5640.0, 5145.0, 0.0, 9332.0, 2173.0, 2520.0, 2685.0, 4560.0, 1963.0, 3602.0, 3225.0, ||,  15
25389302, 0253893028, ||, 13802.0, 12002.0, 6702.0, 1152.0, 742.0, 1345.0, 5684.0, 11819.0, 10154.0, 4075.0, 2269.0, 1872.0, ||,  15
25404179, 0254041792, ||, 6630.0, 4391.0, 6796.0, 4629.0, 4012.0, 4721.0, 5629.0, 8034.0, 6719.0, 4772.0, 6064.0, 3333.0, ||,  15
25458137, 0254581371, ||, 3913.0, 3558.0, 4172.0, 3811.0, 3437.0, 3584.0, 4161.0, 5006.0, 4039.0, 3037.0, 3111.0, 3526.0, ||,  15
25506349, 0255063498, ||, 6987.0, 4835.0, 6912.0, 5206.0, 2821.0, 1378.0, 2700.0, 1860.0, 2050.0, 2090.0, 5070.0, 6590.0, ||,  15
25599130, 0255991304, ||, 10016.0, 10772.0, 9829.0, 8745.0, 6097.0, 6871.0, 6493.0, 6120.0, 6669.0, 6748.0, 6849.0, 8570.0, ||,  15
25701127, 0257011271, ||, 6268.0, 4200.0, 5000.0, 7800.0, 4800.0, 3600.0, 3400.0, 4000.0, 3800.0, 3200.0, 5200.0, 5000.0, ||,  15
805674706, 8055584171, ||, 10687.0, 3207.0, 3464.0, 5070.0, 2773.0, 2918.0, 3228.0, 4501.0, 3171.0, 1858.0, 1658.0, 2460.0, ||,  15
814136233, 8137963973, ||, 5370.0, 0.0, 16140.0, 0.0, 11490.0, 0.0, 9870.0, 0.0, 11228.0, 0.0, 9172.0, 0.0, ||,  15
26715899, 0267158995, ||, 17880.0, 3020.0, 2500.0, 2600.0, 3780.0, 4260.0, 14120.0, 4380.0, 7020.0, 5880.0, 2080.0, 6100.0, ||,  15
26966761, 0269667613, ||, 26116.0, 4210.0, 2947.0, 4065.0, 4403.0, 4350.0, 2733.0, 3112.0, 2950.0, 3002.0, 2077.0, 1296.0, ||,  15
27147165, 0271471657, ||, 12875.0, 5953.0, 7136.0, 4047.0, 2841.0, 6954.0, 6044.0, 5105.0, 5559.0, 5105.0, 6802.0, 10579.0, ||,  15
26994106, 0269941061, ||, 610.0, 1011.0, 9554.0, 5385.0, 3332.0, 1622.0, 1204.0, 3182.0, 5078.0, 4543.0, 7068.0, 8424.0, ||,  15
748003085, 7480030855, ||, 9169.0, 8413.0, 10458.0, 4338.0, 7053.0, 7053.0, 4941.0, 4639.0, 7053.0, 7657.0, 6449.0, 7355.0, ||,  15
748004147, 7480041471, ||, 4417.0, 4751.0, 2602.0, 3508.0, 4721.0, 4417.0, 3508.0, 3508.0, 4114.0, 4417.0, 4114.0, 4721.0, ||,  15
2061105, 0020611053, ||, 5124.0, 1876.0, 1950.0, 7037.0, 6826.0, 6539.0, 8019.0, 10156.0, 9807.0, 5958.0, 7484.0, 6475.0, ||,  15
2104995, 0021049952, ||, 4222.0, 4279.0, 4232.0, 3571.0, 2951.0, 1622.0, 4167.0, 6388.0, 5024.0, 4114.0, 4434.0, 3853.0, ||,  15
2710914, 0027109146, ||, 10632.0, 2611.0, 7953.0, 5790.0, 6431.0, 7931.0, 7390.0, 8505.0, 7760.0, 7169.0, 6313.0, 5269.0, ||,  15
600109177, 6001091779, ||, 4970.0, 5450.0, 6140.0, 3410.0, 7900.0, 8290.0, 7790.0, 6730.0, 3560.0, 2690.0, 2660.0, 2900.0, ||,  15
691002127, 6910021278, ||, 9340.0, 0.0, 8043.0, 4874.0, 6258.0, 6328.0, 4278.0, 5716.0, 5670.0, 5444.0, 5716.0, 663.0, ||,  15
811812190, 8115235674, ||, 9125.0, 346.0, 346.0, 19722.0, 11096.0, 4386.0, 2740.0, 2306.0, 3109.0, 6742.0, 9354.0, 346.0, ||,  15
732500654, 0732500654, ||, 407.0, 437.0, 512.0, 6374.0, 7828.0, 11142.0, 9042.0, 6374.0, 6837.0, 5112.0, 7565.0, 617.0, ||,  15
732500792, 0732500792, ||, 3937.0, 2368.0, 5118.0, 5906.0, 5451.0, 6361.0, 5451.0, 6240.0, 5815.0, 5118.0, 5967.0, 4300.0, ||,  15
17138538, 0171385382, ||, 4126.0, 3553.0, 4139.0, 5667.0, 5264.0, 5031.0, 2913.0, 11175.0, 4618.0, 7156.0, 3648.0, 5006.0, ||,  15
17287448, 0172874485, ||, 8967.0, 3379.0, 3806.0, 3927.0, 3082.0, 2720.0, 2479.0, 3444.0, 3685.0, 3203.0, 855.0, 1694.0, ||,  15
733100720, 0733100720, ||, 2600.0, 2200.0, 1000.0, 5000.0, 6800.0, 10000.0, 6000.0, 1000.0, 1400.0, 1200.0, 8400.0, 5600.0, ||,  15
734033982, 0734033982, ||, 8790.0, 7890.0, 7800.0, 3450.0, 5850.0, 5880.0, 5850.0, 3570.0, 4560.0, 7440.0, 0.0, 11107.0, ||,  15
734100373, 0734100373, ||, 5797.0, 3300.0, 3704.0, 5981.0, 9037.0, 10441.0, 6430.0, 883.0, 503.0, 383.0, 543.0, 443.0, ||,  15
30737977, 0307379771, ||, 6483.0, 0.0, 7005.0, 3632.0, 5450.0, 4684.0, 4232.0, 2163.0, 2078.0, 3509.0, 4668.0, 3846.0, ||,  15
800287506, 8002820060, ||, 8949.0, 0.0, 8507.0, 3635.0, 0.0, 0.0, 0.0, 0.0, 0.0, 0.0, 0.0, 22455.0, ||,  15
30457532, 0304575323, ||, 5981.0, 3567.0, 3149.0, 4632.0, 4093.0, 2284.0, 3366.0, 1730.0, 1605.0, 2148.0, 3805.0, 4861.0, ||,  15
670211242, 6702112427, ||, 5436.0, 4983.0, 6731.0, 4722.0, 3451.0, 2819.0, 3552.0, 3792.0, 4055.0, 3734.0, 3833.0, 5009.0, ||,  15
806859587, 8067200513, ||, 7051.0, 6624.0, 3371.0, 5334.0, 6000.0, 6120.0, 2400.0, 2250.0, 2100.0, 2220.0, 1290.0, 7740.0, ||,  15
761005425, 0761005425, ||, 7339.0, 7339.0, 705.0, 6576.0, 7839.0, 8469.0, 4104.0, 3146.0, 314.0, 5906.0, 7920.0, 3811.0, ||,  15
5118335, 0051183354, ||, 4400.0, 5200.0, 5200.0, 4800.0, 4400.0, 4320.0, 4000.0, 4640.0, 4720.0, 4400.0, 4640.0, 4000.0, ||,  15
5109388, 0051093886, ||, 3390.0, 28080.0, 4110.0, 7800.0, 6990.0, 7050.0, 8190.0, 8790.0, 4890.0, 2790.0, 8310.0, 3000.0, ||,  15
5494628, 0054946284, ||, 16760.0, 8680.0, 9240.0, 0.0, 2700.0, 20.0, 0.0, 20.0, 0.0, 100.0, 120.0, 540.0, ||,  15
9121352, 0091213525, ||, 5280.0, 5220.0, 4110.0, 3960.0, 3200.0, 2950.0, 2930.0, 2163.0, 2877.0, 4054.0, 4396.0, 4294.0, ||,  15
9122119, 0091221197, ||, 8838.0, 5331.0, 2681.0, 5419.0, 2412.0, 1949.0, 2321.0, 3530.0, 3624.0, 1959.0, 3438.0, 2926.0, ||,  15
9133825, 0091338251, ||, 4615.0, 5148.0, 2593.0, 7687.0, 7549.0, 8109.0, 6113.0, 7035.0, 6821.0, 5388.0, 8832.0, 7257.0, ||,  15
13209017, 0132090173, ||, 7222.0, 5074.0, 3757.0, 2957.0, 2520.0, 2053.0, 139.0, 146.0, 2762.0, 6798.0, 6419.0, 6104.0, ||,  15
800534662, 8005244870, ||, 11547.0, 12054.0, 9382.0, 1956.0, 834.0, 514.0, 514.0, 454.0, 514.0, 634.0, 8312.0, 11182.0, ||,  15
2180586, 0021805862, ||, 8130.0, 8340.0, 6015.0, 6195.0, 6690.0, 3330.0, 3930.0, 6645.0, 5595.0, 2805.0, 5865.0, 5910.0, ||,  15
733088627, 0733088627, ||, 4850.0, 4694.0, 3950.0, 4508.0, 5645.0, 3585.0, 3793.0, 3218.0, 3372.0, 3070.0, 4613.0, 4206.0, ||,  15
5356854, 0053568540, ||, 7220.0, 7000.0, 6000.0, 6240.0, 3120.0, 7200.0, 4400.0, 3860.0, 3800.0, 2680.0, 6940.0, 4300.0, ||,  15
--------------------------------------
	簇ID:	 计数
	16:	 1

	样本数据

682013084, 6820130848, ||, 39988.0, 6964.0, 4311.0, 58559.0, 64874.0, 70175.0, 55797.0, 62785.0, 62984.0, 63832.0, 63852.0, 22089.0, ||,  16
--------------------------------------
	簇ID:	 计数
	17:	 4

	样本数据

670167707, 6701677073, ||, 56520.0, 44880.0, 35160.0, 33960.0, 18000.0, 14400.0, 17220.0, 19920.0, 20400.0, 14760.0, 23040.0, 24759.0, ||,  17
13095722, 0130957221, ||, 60480.0, 61280.0, 55680.0, 42560.0, 14314.0, 29163.0, 15840.0, 17200.0, 20160.0, 23200.0, 29200.0, 31360.0, ||,  17
26043093, 0260430933, ||, 27600.0, 37640.0, 28800.0, 33120.0, 23800.0, 12240.0, 14680.0, 12280.0, 23480.0, 11000.0, 8040.0, 29680.0, ||,  17
756005742, 7560057420, ||, 28000.0, 52000.0, 23200.0, 42800.0, 26000.0, 14000.0, 20000.0, 12000.0, 10400.0, 0.0, 0.0, 0.0, ||,  17
--------------------------------------
	簇ID:	 计数
	18:	 18

	样本数据

25378807, 0253788074, ||, 13321.0, 14280.0, 10937.0, 10628.0, 9202.0, 5114.0, 7578.0, 16034.0, 14189.0, 6141.0, 8254.0, 10862.0, ||,  18
25651557, 0256515570, ||, 5092.0, 6319.0, 6872.0, 6251.0, 6521.0, 6412.0, 6826.0, 19333.0, 10320.0, 7262.0, 8126.0, 8365.0, ||,  18
731004768, 7310047682, ||, 450.0, 3038.0, 1081.0, 486.0, 1893.0, 3260.0, 13345.0, 20571.0, 31705.0, 27355.0, 16389.0, 1201.0, ||,  18
748000536, 7480005365, ||, 15148.0, 15361.0, 7221.0, 8262.0, 9835.0, 8080.0, 7808.0, 7385.0, 5785.0, 7838.0, 8231.0, 12109.0, ||,  18
748006617, 7480066175, ||, 13902.0, 16009.0, 12604.0, 14004.0, 15810.0, 15411.0, 13305.0, 12603.0, 10597.0, 12707.0, 12802.0, 13101.0, ||,  18
785004365, 7850043658, ||, 12381.0, 7724.0, 6786.0, 11558.0, 8938.0, 10068.0, 12148.0, 7519.0, 9830.0, 12541.0, 11620.0, 11040.0, ||,  18
807968544, 8077827416, ||, 12686.0, 7929.0, 7597.0, 15848.0, 15970.0, 11078.0, 8957.0, 9865.0, 13567.0, 11229.0, 9230.0, 13384.0, ||,  18
15021193, 0150211934, ||, 15722.0, 9229.0, 9000.0, 17427.0, 9585.0, 7733.0, 8586.0, 12277.0, 10171.0, 7112.0, 7718.0, 9038.0, ||,  18
7000359, 0070003592, ||, 19356.0, 12581.0, 13778.0, 13762.0, 9389.0, 12073.0, 14034.0, 15939.0, 9045.0, 9473.0, 11403.0, 13698.0, ||,  18
700071457, 7000714571, ||, 389.0, 389.0, 389.0, 389.0, 389.0, 389.0, 389.0, 389.0, 38733.0, 8586.0, 11251.0, 12034.0, ||,  18
30957132, 0309571326, ||, 12719.0, 10398.0, 11334.0, 10645.0, 10020.0, 8030.0, 7285.0, 9282.0, 11103.0, 7338.0, 11431.0, 11195.0, ||,  18
807288413, 8071291088, ||, 9603.0, 8016.0, 8642.0, 8620.0, 7533.0, 7431.0, 7124.0, 7620.0, 9932.0, 8933.0, 8444.0, 9114.0, ||,  18
710024975, 0710024975, ||, 3266.0, 1758.0, 675.0, 645.0, 503.0, 0.0, 227.0, 194.0, 41551.0, 23220.0, 29162.0, 8073.0, ||,  18
13203012, 0132030122, ||, 9322.0, 8159.0, 8673.0, 8049.0, 7862.0, 7609.0, 9326.0, 11039.0, 10321.0, 6857.0, 7121.0, 6979.0, ||,  18
13095187, 0130951874, ||, 4332.0, 4820.0, 1972.0, 2208.0, 4308.0, 14048.0, 12604.0, 12612.0, 14048.0, 12320.0, 17836.0, 9792.0, ||,  18
660021105, 6600211059, ||, 6326.0, 8394.0, 18410.0, 9252.0, 10608.0, 9515.0, 4750.0, 4496.0, 8667.0, 11624.0, 13374.0, 7794.0, ||,  18
804632577, 8045466850, ||, 8889.0, 8429.0, 8132.0, 9210.0, 9242.0, 9826.0, 9110.0, 9394.0, 12456.0, 8328.0, 9580.0, 13047.0, ||,  18
697061126, 6970611260, ||, 16599.0, 18401.0, 12016.0, 14425.0, 14327.0, 12384.0, 13986.0, 18268.0, 16153.0, 11103.0, 13036.0, 11284.0, ||,  18
--------------------------------------
	簇ID:	 计数
	19:	 5

	样本数据

810960004, 8107195432, ||, 36484.0, 38698.0, 40188.0, 19735.0, 42.0, 42.0, 88.0, 0.0, 0.0, 0.0, 5804.0, 20520.0, ||,  19
26006780, 0260067805, ||, 42600.0, 41650.0, 38550.0, 17950.0, 0.0, 0.0, 0.0, 0.0, 0.0, 0.0, 9350.0, 32550.0, ||,  19
600131636, 6001316368, ||, 60800.0, 0.0, 0.0, 0.0, 0.0, 0.0, 0.0, 0.0, 0.0, 0.0, 0.0, 0.0, ||,  19
696130901, 6961309015, ||, 43863.0, 7137.0, 6545.0, 13198.0, 22807.0, 22090.0, 5636.0, 1321.0, 224.0, 3489.0, 5924.0, 9511.0, ||,  19
5104011, 0051040114, ||, 24540.0, 24420.0, 19320.0, 17580.0, 7020.0, 2100.0, 3300.0, 4740.0, 3900.0, 3840.0, 5940.0, 16200.0, ||,  19
=====================================================================================