
======================================================================================
----------------------------------------------------------------------------
	簇个数:	 20
--------------------------------------
	簇ID:	 计数

	0:	 4041
	1:	 1
	2:	 1
	3:	 1
	4:	 1
	5:	 1
	6:	 1
	7:	 2
	8:	 1
	9:	 15
	10:	 1
	11:	 1
	12:	 1
	13:	 1
	14:	 1
	15:	 8
	16:	 8
	17:	 1
	18:	 1
	19:	 290
--------------------------------------
	 簇中心 

0,4041,||,0.0,0.0,0.0,3.661469933184855,4.623360554318238,4.93170007423905,5.402870576589953,5.6886909180895815,6.408067310071765,6.338035139816877,9.187329868844346,10.512249443207127
1,1,||,0.0,0.0,0.0,0.0,0.0,0.0,0.0,0.0,0.0,0.0,0.0,79500.0
2,1,||,0.0,0.0,0.0,0.0,0.0,0.0,0.0,0.0,33600.0,70200.0,83400.0,75000.0
3,1,||,0.0,0.0,0.0,0.0,0.0,31824.0,17956.0,20300.0,33232.0,17078.0,9585.0,8383.0
4,1,||,0.0,0.0,0.0,0.0,1979.0,1095.0,489.0,20420.0,7287.0,4667.0,23116.0,24529.0
5,1,||,0.0,0.0,0.0,0.0,0.0,0.0,0.0,27006.0,20212.0,16068.0,403.0,0.0
6,1,||,0.0,0.0,0.0,0.0,0.0,0.0,0.0,0.0,0.0,0.0,0.0,50400.0
7,2,||,0.0,0.0,0.0,0.0,0.0,0.0,226.5,170.0,893.0,8391.0,3339.5,126.0
8,1,||,0.0,0.0,0.0,0.0,0.0,1360.0,6460.0,10600.0,10420.0,2400.0,0.0,0.0
9,15,||,0.0,0.0,0.0,425.1333333333333,12.466666666666667,1521.4666666666667,1525.0,780.7333333333333,555.0666666666667,806.8666666666667,150.86666666666667,570.6
10,1,||,0.0,0.0,0.0,0.0,126.0,9781.0,8985.0,8170.0,8970.0,12194.0,12191.0,3071.0
11,1,||,0.0,0.0,0.0,0.0,0.0,0.0,0.0,0.0,0.0,21454.0,15939.0,108.0
12,1,||,0.0,0.0,0.0,0.0,149.0,11484.0,194.0,26053.0,6089.0,52.0,0.0,0.0
13,1,||,0.0,0.0,0.0,0.0,6685.0,2745.0,0.0,6207.0,3288.0,0.0,4883.0,0.0
14,1,||,0.0,0.0,0.0,9391.0,6135.0,5651.0,5652.0,6366.0,5545.0,7013.0,8144.0,7546.0
15,8,||,0.0,0.0,0.0,0.0,552.875,130.875,639.5,1878.75,3135.0,1662.625,1446.25,958.375
16,8,||,0.0,0.0,0.0,0.0,542.75,7204.5,3601.75,2081.375,2087.375,744.625,10.125,0.0
17,1,||,0.0,0.0,0.0,0.0,0.0,0.0,5850.0,4020.0,1380.0,0.0,0.0,0.0
18,1,||,0.0,0.0,0.0,0.0,0.0,0.0,0.0,0.0,10775.0,0.0,4847.0,0.0
19,290,||,0.0,0.0,0.0,143.24827586206897,66.8896551724138,145.1793103448276,78.54827586206896,165.83448275862068,137.23103448275862,223.95862068965516,155.03793103448277,278.8448275862069
----------------------------------------------------------------------------
	 打印每个簇及其样本信息 

----------------------------------------------------------------------------
	 簇及其样本 

--------------------------------------
	簇ID:	 计数
	0:	 4041

	样本数据

810897266, 8106586565, ||, 0.0, 0.0, 0.0, 0.0, 0.0, 0.0, 0.0, 0.0, 0.0, 0.0, 0.0, 0.0, ||,  0
25036749, 0250367494, ||, 0.0, 0.0, 0.0, 0.0, 0.0, 0.0, 0.0, 0.0, 0.0, 0.0, 0.0, 0.0, ||,  0
25390210, 0253902104, ||, 0.0, 0.0, 0.0, 0.0, 0.0, 0.0, 0.0, 0.0, 0.0, 0.0, 0.0, 0.0, ||,  0
25399248, 0253992480, ||, 0.0, 0.0, 0.0, 0.0, 0.0, 7.0, 0.0, 0.0, 0.0, 0.0, 0.0, 0.0, ||,  0
25388668, 0253886680, ||, 0.0, 0.0, 0.0, 0.0, 0.0, 0.0, 0.0, 0.0, 0.0, 0.0, 0.0, 0.0, ||,  0
25599747, 0255997474, ||, 0.0, 0.0, 0.0, 0.0, 0.0, 0.0, 0.0, 0.0, 0.0, 0.0, 0.0, 0.0, ||,  0
25439553, 0254395538, ||, 0.0, 0.0, 0.0, 0.0, 0.0, 0.0, 0.0, 0.0, 0.0, 0.0, 0.0, 0.0, ||,  0
25439577, 0254395772, ||, 0.0, 0.0, 0.0, 0.0, 0.0, 0.0, 0.0, 0.0, 0.0, 0.0, 0.0, 0.0, ||,  0
25456839, 0254568396, ||, 0.0, 0.0, 0.0, 0.0, 0.0, 0.0, 0.0, 0.0, 0.0, 0.0, 0.0, 0.0, ||,  0
25456549, 0254565498, ||, 0.0, 0.0, 0.0, 0.0, 0.0, 0.0, 0.0, 0.0, 0.0, 0.0, 0.0, 0.0, ||,  0
25457259, 0254572591, ||, 0.0, 0.0, 0.0, 0.0, 0.0, 0.0, 0.0, 0.0, 0.0, 0.0, 0.0, 0.0, ||,  0
25433429, 0254334294, ||, 0.0, 0.0, 0.0, 0.0, 0.0, 0.0, 0.0, 0.0, 0.0, 0.0, 0.0, 0.0, ||,  0
25504753, 0255047531, ||, 0.0, 0.0, 0.0, 0.0, 0.0, 0.0, 0.0, 0.0, 0.0, 0.0, 0.0, 0.0, ||,  0
25553370, 0255533706, ||, 0.0, 0.0, 0.0, 0.0, 0.0, 0.0, 0.0, 0.0, 0.0, 0.0, 0.0, 0.0, ||,  0
25553857, 0255538570, ||, 0.0, 0.0, 0.0, 0.0, 0.0, 0.0, 0.0, 0.0, 0.0, 0.0, 0.0, 0.0, ||,  0
25700400, 0257004006, ||, 0.0, 0.0, 0.0, 0.0, 0.0, 0.0, 0.0, 0.0, 0.0, 0.0, 0.0, 0.0, ||,  0
25700724, 0257007249, ||, 0.0, 0.0, 0.0, 0.0, 0.0, 0.0, 0.0, 0.0, 0.0, 0.0, 0.0, 0.0, ||,  0
810506688, 8102796089, ||, 0.0, 0.0, 0.0, 0.0, 0.0, 0.0, 0.0, 0.0, 0.0, 0.0, 0.0, 0.0, ||,  0
25697852, 0256978522, ||, 0.0, 0.0, 0.0, 0.0, 0.0, 0.0, 0.0, 0.0, 0.0, 0.0, 0.0, 0.0, ||,  0
25713734, 0257137346, ||, 0.0, 0.0, 0.0, 0.0, 0.0, 0.0, 0.0, 0.0, 0.0, 0.0, 157.0, 0.0, ||,  0
806810337, 8066742520, ||, 0.0, 0.0, 0.0, 0.0, 0.0, 0.0, 0.0, 0.0, 0.0, 0.0, 0.0, 0.0, ||,  0
25987425, 0259874256, ||, 0.0, 0.0, 0.0, 0.0, 0.0, 0.0, 0.0, 0.0, 0.0, 0.0, 0.0, 0.0, ||,  0
26004200, 0260042000, ||, 0.0, 0.0, 0.0, 0.0, 0.0, 0.0, 0.0, 0.0, 0.0, 0.0, 0.0, 0.0, ||,  0
26018459, 0260184595, ||, 0.0, 0.0, 0.0, 0.0, 0.0, 0.0, 0.0, 0.0, 0.0, 0.0, 0.0, 0.0, ||,  0
26044085, 0260440859, ||, 0.0, 0.0, 0.0, 0.0, 0.0, 0.0, 0.0, 0.0, 0.0, 0.0, 0.0, 0.0, ||,  0
26061900, 0260619006, ||, 0.0, 0.0, 0.0, 0.0, 0.0, 0.0, 0.0, 0.0, 0.0, 0.0, 0.0, 0.0, ||,  0
26061673, 0260616733, ||, 0.0, 0.0, 0.0, 0.0, 0.0, 0.0, 0.0, 0.0, 0.0, 0.0, 0.0, 0.0, ||,  0
26061081, 0260610810, ||, 0.0, 0.0, 0.0, 0.0, 0.0, 0.0, 0.0, 0.0, 0.0, 0.0, 0.0, 0.0, ||,  0
26223103, 0262231033, ||, 0.0, 0.0, 0.0, 0.0, 0.0, 0.0, 0.0, 0.0, 0.0, 0.0, 0.0, 0.0, ||,  0
807369060, 8072071528, ||, 0.0, 0.0, 0.0, 0.0, 0.0, 0.0, 0.0, 0.0, 0.0, 0.0, 0.0, 0.0, ||,  0
814146232, 8138061984, ||, 0.0, 0.0, 0.0, 0.0, 0.0, 0.0, 0.0, 0.0, 0.0, 0.0, 0.0, 0.0, ||,  0
815779632, 8153548396, ||, 0.0, 0.0, 0.0, 0.0, 0.0, 0.0, 0.0, 0.0, 0.0, 0.0, 0.0, 0.0, ||,  0
26484878, 0264848787, ||, 0.0, 0.0, 0.0, 0.0, 0.0, 0.0, 0.0, 0.0, 0.0, 0.0, 0.0, 0.0, ||,  0
26575530, 0265755309, ||, 0.0, 0.0, 0.0, 0.0, 0.0, 0.0, 0.0, 0.0, 0.0, 0.0, 0.0, 0.0, ||,  0
26596248, 0265962482, ||, 0.0, 0.0, 0.0, 0.0, 0.0, 0.0, 0.0, 0.0, 0.0, 0.0, 0.0, 0.0, ||,  0
26763054, 0267630545, ||, 0.0, 0.0, 0.0, 0.0, 0.0, 0.0, 0.0, 0.0, 0.0, 0.0, 0.0, 0.0, ||,  0
803322952, 8032774425, ||, 0.0, 0.0, 0.0, 0.0, 0.0, 0.0, 0.0, 0.0, 0.0, 0.0, 0.0, 0.0, ||,  0
802314615, 8022932079, ||, 0.0, 0.0, 0.0, 0.0, 0.0, 0.0, 0.0, 0.0, 0.0, 0.0, 0.0, 0.0, ||,  0
812677753, 8123609940, ||, 0.0, 0.0, 0.0, 41.0, 0.0, 132.0, 0.0, 90.0, 0.0, 57.0, 0.0, 0.0, ||,  0
26939038, 0269390384, ||, 0.0, 0.0, 0.0, 0.0, 0.0, 0.0, 0.0, 0.0, 0.0, 0.0, 0.0, 0.0, ||,  0
26966208, 0269662083, ||, 0.0, 0.0, 0.0, 0.0, 0.0, 0.0, 0.0, 0.0, 0.0, 0.0, 0.0, 0.0, ||,  0
26967548, 0269675487, ||, 0.0, 0.0, 0.0, 0.0, 0.0, 0.0, 0.0, 0.0, 0.0, 0.0, 0.0, 0.0, ||,  0
808110490, 8079221353, ||, 0.0, 0.0, 0.0, 0.0, 0.0, 0.0, 0.0, 0.0, 0.0, 0.0, 0.0, 0.0, ||,  0
802580235, 8025536896, ||, 0.0, 0.0, 0.0, 0.0, 0.0, 59.0, 0.0, 0.0, 127.0, 0.0, 0.0, 24.0, ||,  0
27147603, 0271476030, ||, 0.0, 0.0, 0.0, 0.0, 0.0, 0.0, 0.0, 0.0, 0.0, 0.0, 0.0, 0.0, ||,  0
27175324, 0271753243, ||, 0.0, 0.0, 0.0, 0.0, 0.0, 0.0, 0.0, 0.0, 0.0, 0.0, 0.0, 0.0, ||,  0
805062520, 8049639638, ||, 0.0, 0.0, 0.0, 0.0, 0.0, 0.0, 0.0, 0.0, 0.0, 0.0, 0.0, 0.0, ||,  0
812928953, 8126002250, ||, 0.0, 0.0, 0.0, 0.0, 0.0, 0.0, 0.0, 0.0, 0.0, 0.0, 0.0, 0.0, ||,  0
27004694, 0270046946, ||, 0.0, 0.0, 0.0, 0.0, 0.0, 0.0, 0.0, 0.0, 0.0, 0.0, 0.0, 0.0, ||,  0
27004783, 0270047835, ||, 0.0, 0.0, 0.0, 0.0, 0.0, 0.0, 0.0, 0.0, 0.0, 0.0, 0.0, 0.0, ||,  0
27003294, 0270032943, ||, 0.0, 0.0, 0.0, 0.0, 0.0, 0.0, 0.0, 0.0, 0.0, 0.0, 0.0, 0.0, ||,  0
27013593, 0270135932, ||, 0.0, 0.0, 0.0, 0.0, 324.0, 0.0, 0.0, 274.0, 0.0, 0.0, 233.0, 71.0, ||,  0
27117261, 0271172619, ||, 0.0, 0.0, 0.0, 0.0, 165.0, 0.0, 0.0, 0.0, 0.0, 0.0, 68.0, 9.0, ||,  0
27144279, 0271442790, ||, 0.0, 0.0, 0.0, 0.0, 0.0, 0.0, 0.0, 0.0, 0.0, 0.0, 0.0, 0.0, ||,  0
27139347, 0271393476, ||, 0.0, 0.0, 0.0, 0.0, 0.0, 0.0, 0.0, 0.0, 0.0, 0.0, 0.0, 0.0, ||,  0
815092314, 8147134448, ||, 0.0, 0.0, 0.0, 0.0, 0.0, 115.0, 72.0, 72.0, 72.0, 72.0, 0.0, 0.0, ||,  0
27226941, 0272269411, ||, 0.0, 0.0, 0.0, 0.0, 0.0, 0.0, 0.0, 0.0, 0.0, 0.0, 0.0, 0.0, ||,  0
27267121, 0272671218, ||, 0.0, 0.0, 0.0, 0.0, 0.0, 0.0, 0.0, 0.0, 0.0, 0.0, 0.0, 0.0, ||,  0
701001777, 7010017774, ||, 0.0, 0.0, 0.0, 0.0, 0.0, 0.0, 0.0, 0.0, 0.0, 0.0, 0.0, 0.0, ||,  0
701300147, 7013001475, ||, 0.0, 0.0, 0.0, 0.0, 0.0, 0.0, 0.0, 0.0, 0.0, 0.0, 0.0, 0.0, ||,  0
701418501, 7014185017, ||, 0.0, 0.0, 0.0, 0.0, 0.0, 0.0, 0.0, 0.0, 0.0, 0.0, 2.0, 0.0, ||,  0
709006980, 7090069809, ||, 0.0, 0.0, 0.0, 0.0, 0.0, 0.0, 0.0, 0.0, 0.0, 0.0, 0.0, 0.0, ||,  0
709002073, 7090020736, ||, 0.0, 0.0, 0.0, 0.0, 0.0, 0.0, 0.0, 0.0, 0.0, 0.0, 0.0, 0.0, ||,  0
709122870, 7091228708, ||, 0.0, 0.0, 0.0, 0.0, 0.0, 0.0, 0.0, 0.0, 0.0, 0.0, 0.0, 0.0, ||,  0
709143118, 7091431182, ||, 0.0, 0.0, 0.0, 0.0, 70.0, 20.0, 30.0, 30.0, 30.0, 30.0, 150.0, 30.0, ||,  0
709230972, 7092309729, ||, 0.0, 0.0, 0.0, 0.0, 54.0, 55.0, 13.0, 0.0, 80.0, 0.0, 64.0, 0.0, ||,  0
709229598, 7092295983, ||, 0.0, 0.0, 0.0, 0.0, 0.0, 4.0, 0.0, 0.0, 0.0, 0.0, 0.0, 0.0, ||,  0
709261260, 7092612601, ||, 0.0, 0.0, 0.0, 0.0, 0.0, 0.0, 0.0, 0.0, 0.0, 0.0, 0.0, 0.0, ||,  0
804605777, 8045199938, ||, 0.0, 0.0, 0.0, 20.0, 0.0, 0.0, 0.0, 0.0, 0.0, 10.0, 0.0, 0.0, ||,  0
709287208, 7092872081, ||, 0.0, 0.0, 0.0, 0.0, 0.0, 0.0, 0.0, 0.0, 0.0, 0.0, 0.0, 0.0, ||,  0
803936710, 8038610622, ||, 0.0, 0.0, 0.0, 0.0, 0.0, 0.0, 0.0, 0.0, 0.0, 0.0, 0.0, 0.0, ||,  0
731007417, 7310074178, ||, 0.0, 0.0, 0.0, 0.0, 0.0, 0.0, 0.0, 0.0, 0.0, 0.0, 0.0, 0.0, ||,  0
731138785, 7311387859, ||, 0.0, 0.0, 0.0, 0.0, 0.0, 0.0, 0.0, 0.0, 0.0, 0.0, 0.0, 0.0, ||,  0
731139223, 7311392233, ||, 0.0, 0.0, 0.0, 170.0, 20.0, 0.0, 0.0, 20.0, 0.0, 0.0, 0.0, 0.0, ||,  0
731188859, 7311888596, ||, 0.0, 0.0, 0.0, 0.0, 0.0, 250.0, 136.0, 0.0, 0.0, 0.0, 0.0, 0.0, ||,  0
741024668, 7410246686, ||, 0.0, 0.0, 0.0, 5.0, 0.0, 0.0, 0.0, 0.0, 0.0, 0.0, 0.0, 0.0, ||,  0
741018732, 7410187329, ||, 0.0, 0.0, 0.0, 0.0, 0.0, 0.0, 0.0, 0.0, 0.0, 0.0, 0.0, 0.0, ||,  0
741058129, 7410581293, ||, 0.0, 0.0, 0.0, 0.0, 0.0, 0.0, 21.0, 37.0, 12.0, 20.0, 3.0, 0.0, ||,  0
741058200, 7410582007, ||, 0.0, 0.0, 0.0, 0.0, 0.0, 0.0, 0.0, 0.0, 0.0, 0.0, 0.0, 0.0, ||,  0
741061853, 7410618535, ||, 0.0, 0.0, 0.0, 0.0, 0.0, 0.0, 0.0, 0.0, 0.0, 0.0, 0.0, 0.0, ||,  0
741068852, 7410688529, ||, 0.0, 0.0, 0.0, 0.0, 0.0, 0.0, 831.0, 0.0, 0.0, 0.0, 0.0, 0.0, ||,  0
741092134, 7410921345, ||, 0.0, 0.0, 0.0, 0.0, 0.0, 8.0, 0.0, 0.0, 0.0, 0.0, 0.0, 34.0, ||,  0
742013229, 7420132292, ||, 0.0, 0.0, 0.0, 0.0, 0.0, 0.0, 0.0, 0.0, 0.0, 0.0, 0.0, 0.0, ||,  0
742001192, 7420011920, ||, 0.0, 0.0, 0.0, 0.0, 0.0, 0.0, 0.0, 0.0, 0.0, 0.0, 0.0, 0.0, ||,  0
742001476, 7420014769, ||, 0.0, 0.0, 0.0, 0.0, 0.0, 0.0, 0.0, 0.0, 0.0, 0.0, 0.0, 0.0, ||,  0
742021066, 7420210662, ||, 0.0, 0.0, 0.0, 0.0, 0.0, 0.0, 0.0, 0.0, 0.0, 0.0, 0.0, 0.0, ||,  0
748001704, 7480017043, ||, 0.0, 0.0, 0.0, 0.0, 0.0, 0.0, 0.0, 0.0, 0.0, 0.0, 0.0, 0.0, ||,  0
748000304, 7480003040, ||, 0.0, 0.0, 0.0, 0.0, 0.0, 0.0, 0.0, 0.0, 0.0, 0.0, 0.0, 0.0, ||,  0
742127657, 7421276579, ||, 0.0, 0.0, 0.0, 0.0, 0.0, 0.0, 0.0, 0.0, 0.0, 0.0, 0.0, 0.0, ||,  0
748107390, 7481073905, ||, 0.0, 0.0, 0.0, 0.0, 0.0, 0.0, 0.0, 0.0, 0.0, 0.0, 0.0, 0.0, ||,  0
748090008, 7480900080, ||, 0.0, 0.0, 0.0, 0.0, 0.0, 0.0, 0.0, 0.0, 0.0, 0.0, 0.0, 0.0, ||,  0
748097347, 7480973477, ||, 0.0, 0.0, 0.0, 0.0, 0.0, 0.0, 0.0, 0.0, 0.0, 0.0, 0.0, 0.0, ||,  0
748128866, 7481288662, ||, 0.0, 0.0, 0.0, 0.0, 0.0, 0.0, 0.0, 0.0, 0.0, 0.0, 0.0, 0.0, ||,  0
748145103, 7481451039, ||, 0.0, 0.0, 0.0, 0.0, 0.0, 0.0, 0.0, 0.0, 0.0, 0.0, 191.0, 0.0, ||,  0
748149850, 7481498500, ||, 0.0, 0.0, 0.0, 0.0, 0.0, 0.0, 0.0, 0.0, 0.0, 0.0, 0.0, 0.0, ||,  0
756050039, 7560500399, ||, 0.0, 0.0, 0.0, 0.0, 0.0, 0.0, 0.0, 0.0, 0.0, 0.0, 0.0, 0.0, ||,  0
756038039, 7560380391, ||, 0.0, 0.0, 0.0, 0.0, 0.0, 0.0, 0.0, 0.0, 0.0, 0.0, 0.0, 0.0, ||,  0
785001055, 7850010555, ||, 0.0, 0.0, 0.0, 0.0, 0.0, 0.0, 0.0, 0.0, 0.0, 0.0, 0.0, 0.0, ||,  0
785005293, 7850052933, ||, 0.0, 0.0, 0.0, 0.0, 0.0, 0.0, 0.0, 0.0, 0.0, 0.0, 0.0, 0.0, ||,  0
785111341, 7851113415, ||, 0.0, 0.0, 0.0, 0.0, 0.0, 0.0, 0.0, 0.0, 0.0, 0.0, 0.0, 0.0, ||,  0
--------------------------------------
	簇ID:	 计数
	1:	 1

	样本数据

816032561, 8155814738, ||, 0.0, 0.0, 0.0, 0.0, 0.0, 0.0, 0.0, 0.0, 0.0, 0.0, 0.0, 79500.0, ||,  1
--------------------------------------
	簇ID:	 计数
	2:	 1

	样本数据

816282613, 8158196734, ||, 0.0, 0.0, 0.0, 0.0, 0.0, 0.0, 0.0, 0.0, 33600.0, 70200.0, 83400.0, 75000.0, ||,  2
--------------------------------------
	簇ID:	 计数
	3:	 1

	样本数据

815164599, 8147801708, ||, 0.0, 0.0, 0.0, 0.0, 0.0, 31824.0, 17956.0, 20300.0, 33232.0, 17078.0, 9585.0, 8383.0, ||,  3
--------------------------------------
	簇ID:	 计数
	4:	 1

	样本数据

702002069, 0702002069, ||, 0.0, 0.0, 0.0, 0.0, 1979.0, 1095.0, 489.0, 20420.0, 7287.0, 4667.0, 23116.0, 24529.0, ||,  4
--------------------------------------
	簇ID:	 计数
	5:	 1

	样本数据

709002331, 7090023315, ||, 0.0, 0.0, 0.0, 0.0, 0.0, 0.0, 0.0, 27006.0, 20212.0, 16068.0, 403.0, 0.0, ||,  5
--------------------------------------
	簇ID:	 计数
	6:	 1

	样本数据

785529768, 7855297685, ||, 0.0, 0.0, 0.0, 0.0, 0.0, 0.0, 0.0, 0.0, 0.0, 0.0, 0.0, 50400.0, ||,  6
--------------------------------------
	簇ID:	 计数
	7:	 2

	样本数据

816536754, 8160647817, ||, 0.0, 0.0, 0.0, 0.0, 0.0, 0.0, 0.0, 0.0, 0.0, 7211.0, 4541.0, 252.0, ||,  7
696133317, 6961333179, ||, 0.0, 0.0, 0.0, 0.0, 0.0, 0.0, 453.0, 340.0, 1786.0, 9571.0, 2138.0, 0.0, ||,  7
--------------------------------------
	簇ID:	 计数
	8:	 1

	样本数据

23191398, 0231913982, ||, 0.0, 0.0, 0.0, 0.0, 0.0, 1360.0, 6460.0, 10600.0, 10420.0, 2400.0, 0.0, 0.0, ||,  8
--------------------------------------
	簇ID:	 计数
	9:	 15

	样本数据

25374088, 0253740887, ||, 0.0, 0.0, 0.0, 24.0, 0.0, 161.0, 0.0, 2125.0, 0.0, 3115.0, 0.0, 2694.0, ||,  9
25708462, 0257084626, ||, 0.0, 0.0, 0.0, 4410.0, 0.0, 1200.0, 510.0, 930.0, 0.0, 3540.0, 0.0, 720.0, ||,  9
709004577, 7090045775, ||, 0.0, 0.0, 0.0, 0.0, 0.0, 2373.0, 1563.0, 1200.0, 1066.0, 815.0, 0.0, 0.0, ||,  9
709203796, 7092037961, ||, 0.0, 0.0, 0.0, 0.0, 0.0, 0.0, 3770.0, 0.0, 1.0, 0.0, 0.0, 1.0, ||,  9
748071540, 7480715400, ||, 0.0, 0.0, 0.0, 1748.0, 0.0, 800.0, 0.0, 719.0, 0.0, 1164.0, 0.0, 3397.0, ||,  9
785002265, 7850022653, ||, 0.0, 0.0, 0.0, 0.0, 0.0, 3361.0, 2004.0, 38.0, 435.0, 608.0, -67.0, 0.0, ||,  9
800254261, 8002493237, ||, 0.0, 0.0, 0.0, 0.0, 0.0, 1688.0, 788.0, 828.0, 996.0, 741.0, 1147.0, 982.0, ||,  9
690004110, 6900041105, ||, 0.0, 0.0, 0.0, 0.0, 0.0, 2202.0, 1436.0, 559.0, 328.0, 85.0, 0.0, 0.0, ||,  9
690003841, 6900038411, ||, 0.0, 0.0, 0.0, 0.0, 0.0, 1918.0, 1298.0, 224.0, 584.0, 94.0, 16.0, 130.0, ||,  9
757039577, 7570395778, ||, 0.0, 0.0, 0.0, 0.0, 187.0, 895.0, 1056.0, 1373.0, 1108.0, 718.0, 291.0, 154.0, ||,  9
755006035, 7550060355, ||, 0.0, 0.0, 0.0, 0.0, 0.0, 1780.0, 962.0, 287.0, 587.0, 0.0, 27.0, 137.0, ||,  9
766001072, 7660010729, ||, 0.0, 0.0, 0.0, 195.0, 0.0, 3430.0, 2718.0, 1507.0, 1130.0, 274.0, -201.0, 0.0, ||,  9
698186536, 6981865368, ||, 0.0, 0.0, 0.0, 0.0, 0.0, 3014.0, 1298.0, 1549.0, 1377.0, 492.0, -3.0, 0.0, ||,  9
812650586, 8123340919, ||, 0.0, 0.0, 0.0, 0.0, 0.0, 0.0, 2867.0, 0.0, 293.0, 0.0, 670.0, 0.0, ||,  9
814532630, 8141854575, ||, 0.0, 0.0, 0.0, 0.0, 0.0, 0.0, 2605.0, 372.0, 421.0, 457.0, 383.0, 344.0, ||,  9
--------------------------------------
	簇ID:	 计数
	10:	 1

	样本数据

27269578, 0272695788, ||, 0.0, 0.0, 0.0, 0.0, 126.0, 9781.0, 8985.0, 8170.0, 8970.0, 12194.0, 12191.0, 3071.0, ||,  10
--------------------------------------
	簇ID:	 计数
	11:	 1

	样本数据

816453928, 8159852323, ||, 0.0, 0.0, 0.0, 0.0, 0.0, 0.0, 0.0, 0.0, 0.0, 21454.0, 15939.0, 108.0, ||,  11
--------------------------------------
	簇ID:	 计数
	12:	 1

	样本数据

761004488, 0761004488, ||, 0.0, 0.0, 0.0, 0.0, 149.0, 11484.0, 194.0, 26053.0, 6089.0, 52.0, 0.0, 0.0, ||,  12
--------------------------------------
	簇ID:	 计数
	13:	 1

	样本数据

26004315, 0260043159, ||, 0.0, 0.0, 0.0, 0.0, 6685.0, 2745.0, 0.0, 6207.0, 3288.0, 0.0, 4883.0, 0.0, ||,  13
--------------------------------------
	簇ID:	 计数
	14:	 1

	样本数据

717245687, 7172456879, ||, 0.0, 0.0, 0.0, 9391.0, 6135.0, 5651.0, 5652.0, 6366.0, 5545.0, 7013.0, 8144.0, 7546.0, ||,  14
--------------------------------------
	簇ID:	 计数
	15:	 8

	样本数据

26876274, 0268762740, ||, 0.0, 0.0, 0.0, 0.0, 0.0, 694.0, 0.0, 3602.0, 3385.0, 1777.0, 1670.0, 2176.0, ||,  15
809397567, 8091907000, ||, 0.0, 0.0, 0.0, 0.0, 0.0, 39.0, 204.0, 248.0, 3257.0, 1458.0, 1872.0, 1833.0, ||,  15
702153783, 0702153783, ||, 0.0, 0.0, 0.0, 0.0, 0.0, 0.0, 1646.0, 2443.0, 2807.0, 2226.0, 1312.0, 1540.0, ||,  15
733095477, 0733095477, ||, 0.0, 0.0, 0.0, 0.0, 0.0, 0.0, 0.0, 3012.0, 3011.0, 3190.0, 3102.0, 1110.0, ||,  15
31386892, 0313868928, ||, 0.0, 0.0, 0.0, 0.0, 2846.0, 0.0, 1266.0, 2084.0, 1496.0, 560.0, 983.0, 1008.0, ||,  15
30249016, 0302490165, ||, 0.0, 0.0, 0.0, 0.0, 0.0, 0.0, 0.0, 0.0, 5223.0, 4090.0, 2631.0, 0.0, ||,  15
761122835, 0761122835, ||, 0.0, 0.0, 0.0, 0.0, 1577.0, 314.0, 0.0, 3641.0, 1901.0, 0.0, 0.0, 0.0, ||,  15
748082890, 7480828908, ||, 0.0, 0.0, 0.0, 0.0, 0.0, 0.0, 2000.0, 0.0, 4000.0, 0.0, 0.0, 0.0, ||,  15
--------------------------------------
	簇ID:	 计数
	16:	 8

	样本数据

709003684, 7090036849, ||, 0.0, 0.0, 0.0, 0.0, 0.0, 4400.0, 3438.0, 815.0, 1947.0, 1471.0, 0.0, 0.0, ||,  16
731003263, 7310032631, ||, 0.0, 0.0, 0.0, 0.0, 0.0, 4095.0, 2652.0, 1496.0, 2244.0, 863.0, 0.0, 0.0, ||,  16
731002001, 7310020012, ||, 0.0, 0.0, 0.0, 0.0, 0.0, 9089.0, 8574.0, 1733.0, 3965.0, 2702.0, 0.0, 0.0, ||,  16
690003807, 6900038075, ||, 0.0, 0.0, 0.0, 0.0, 0.0, 4596.0, 3090.0, 491.0, 1206.0, -7.0, 0.0, 0.0, ||,  16
702002637, 0702002637, ||, 0.0, 0.0, 0.0, 0.0, 2962.0, 6245.0, 670.0, 3003.0, 3101.0, 212.0, 64.0, 0.0, ||,  16
713001995, 7130019953, ||, 0.0, 0.0, 0.0, 0.0, 0.0, 11823.0, 2342.0, 2997.0, 194.0, 58.0, 0.0, 0.0, ||,  16
784002414, 7840024148, ||, 0.0, 0.0, 0.0, 0.0, 1380.0, 11071.0, 3433.0, 2051.0, 730.0, 340.0, 17.0, 0.0, ||,  16
697015520, 6970155203, ||, 0.0, 0.0, 0.0, 0.0, 0.0, 6317.0, 4615.0, 4065.0, 3312.0, 318.0, 0.0, 0.0, ||,  16
--------------------------------------
	簇ID:	 计数
	17:	 1

	样本数据

755006201, 7550062016, ||, 0.0, 0.0, 0.0, 0.0, 0.0, 0.0, 5850.0, 4020.0, 1380.0, 0.0, 0.0, 0.0, ||,  17
--------------------------------------
	簇ID:	 计数
	18:	 1

	样本数据

804199486, 8041213999, ||, 0.0, 0.0, 0.0, 0.0, 0.0, 0.0, 0.0, 0.0, 10775.0, 0.0, 4847.0, 0.0, ||,  18
--------------------------------------
	簇ID:	 计数
	19:	 290

	样本数据

25645983, 0256459834, ||, 0.0, 0.0, 0.0, 1369.0, 0.0, 888.0, 0.0, 0.0, 0.0, 1471.0, 0.0, 512.0, ||,  19
26004694, 0260046943, ||, 0.0, 0.0, 0.0, 0.0, 0.0, 0.0, 0.0, 0.0, 1741.0, 453.0, 831.0, 636.0, ||,  19
815072250, 8146945432, ||, 0.0, 0.0, 0.0, 0.0, 0.0, 0.0, 0.0, 0.0, 0.0, 0.0, 0.0, 710.0, ||,  19
815073902, 8146961386, ||, 0.0, 0.0, 0.0, 0.0, 0.0, 0.0, 0.0, 0.0, 804.0, 125.0, 369.0, 158.0, ||,  19
801559692, 8015442394, ||, 0.0, 0.0, 0.0, 1950.0, 0.0, 540.0, 120.0, 492.0, 582.0, 522.0, 126.0, 126.0, ||,  19
748066173, 7480661732, ||, 0.0, 0.0, 0.0, 0.0, 0.0, 0.0, 0.0, 0.0, 0.0, 222.0, 0.0, 317.0, ||,  19
748090513, 7480905131, ||, 0.0, 0.0, 0.0, 0.0, 0.0, 0.0, 0.0, 0.0, 0.0, 0.0, 0.0, 3075.0, ||,  19
785521900, 7855219003, ||, 0.0, 0.0, 0.0, 1050.0, 0.0, 0.0, 0.0, 795.0, 0.0, 375.0, 0.0, 360.0, ||,  19
785537858, 7855378588, ||, 0.0, 0.0, 0.0, 0.0, 0.0, 0.0, 0.0, 0.0, 0.0, 0.0, 0.0, 500.0, ||,  19
2386880, 0023868801, ||, 0.0, 0.0, 0.0, 0.0, 86.0, 126.0, 110.0, 130.0, 100.0, 245.0, 229.0, 176.0, ||,  19
2783659, 0027836590, ||, 0.0, 0.0, 0.0, 754.0, 113.0, 121.0, 237.0, 189.0, 205.0, 165.0, 216.0, 182.0, ||,  19
2809752, 0028097525, ||, 0.0, 0.0, 0.0, 0.0, 0.0, 0.0, 0.0, 0.0, 0.0, 0.0, 732.0, 430.0, ||,  19
690063400, 6900634000, ||, 0.0, 0.0, 0.0, 0.0, 0.0, 0.0, 187.0, 150.0, 300.0, 407.0, 30.0, 18.0, ||,  19
15000058, 0150000585, ||, 0.0, 0.0, 0.0, 443.0, 90.0, 82.0, 75.0, 55.0, 212.0, 35.0, 297.0, 391.0, ||,  19
15021993, 0150219938, ||, 0.0, 0.0, 0.0, 407.0, 105.0, 112.0, 102.0, 119.0, 141.0, 139.0, 219.0, 198.0, ||,  19
816068692, 8156166410, ||, 0.0, 0.0, 0.0, 0.0, 0.0, 0.0, 0.0, 0.0, 0.0, 1682.0, 807.0, 936.0, ||,  19
757067712, 7570677120, ||, 0.0, 0.0, 0.0, 0.0, 446.0, 967.0, 567.0, 373.0, 684.0, 654.0, 216.0, 0.0, ||,  19
17057384, 0170573843, ||, 0.0, 0.0, 0.0, 2.0, 31.0, 40.0, 269.0, 389.0, 384.0, 421.0, 425.0, 377.0, ||,  19
682512420, 6825124206, ||, 0.0, 0.0, 0.0, 0.0, 0.0, 364.0, 0.0, 37.0, 243.0, 17.0, 188.0, 61.0, ||,  19
640049754, 6400497541, ||, 0.0, 0.0, 0.0, 0.0, 0.0, 0.0, 0.0, 0.0, 490.0, 0.0, 330.0, 300.0, ||,  19
640049845, 6400498456, ||, 0.0, 0.0, 0.0, 0.0, 0.0, 713.0, 0.0, 0.0, 0.0, 0.0, 263.0, 0.0, ||,  19
695100751, 6951007512, ||, 0.0, 0.0, 0.0, 134.0, 88.0, 225.0, 0.0, 60.0, 0.0, 0.0, 0.0, 240.0, ||,  19
696070288, 6960702884, ||, 0.0, 0.0, 0.0, 4.0, 0.0, 9.0, 143.0, 267.0, 321.0, 248.0, 0.0, 0.0, ||,  19
815599878, 8151926659, ||, 0.0, 0.0, 0.0, 0.0, 0.0, 0.0, 431.0, 526.0, 498.0, 295.0, 394.0, 255.0, ||,  19
19014247, 0190142476, ||, 0.0, 0.0, 0.0, 0.0, 0.0, 0.0, 0.0, 0.0, 36.0, 16.0, 83.0, 502.0, ||,  19
811717509, 8114336943, ||, 0.0, 0.0, 0.0, 640.0, 223.0, 20.0, 443.0, 203.0, 167.0, 203.0, 359.0, 225.0, ||,  19
814973816, 8145999672, ||, 0.0, 0.0, 0.0, 0.0, 0.0, 0.0, 0.0, 0.0, 217.0, 75.0, 188.0, 302.0, ||,  19
813107086, 8127759186, ||, 0.0, 0.0, 0.0, 0.0, 0.0, 0.0, 0.0, 0.0, 0.0, 1600.0, 2400.0, 2400.0, ||,  19
716215194, 7162151944, ||, 0.0, 0.0, 0.0, 0.0, 0.0, 183.0, 295.0, 324.0, 912.0, 219.0, 345.0, 388.0, ||,  19
703117112, 7031171121, ||, 0.0, 0.0, 0.0, 0.0, 0.0, 0.0, 0.0, 0.0, 0.0, 178.0, 303.0, 813.0, ||,  19
813263859, 8129273839, ||, 0.0, 0.0, 0.0, 0.0, 0.0, 0.0, 0.0, 0.0, 127.0, 198.0, 198.0, 867.0, ||,  19
753124320, 0753124320, ||, 0.0, 0.0, 0.0, 135.0, 93.0, 106.0, 99.0, 94.0, 123.0, 88.0, 120.0, 98.0, ||,  19
761003811, 0761003811, ||, 0.0, 0.0, 0.0, 0.0, 0.0, 0.0, 0.0, 3093.0, 1085.0, 0.0, 0.0, 0.0, ||,  19
761122602, 0761122602, ||, 0.0, 0.0, 0.0, 0.0, 0.0, 0.0, 0.0, 202.0, 1179.0, 842.0, 0.0, 0.0, ||,  19
770020010, 0770020010, ||, 0.0, 0.0, 0.0, 0.0, 1850.0, 161.0, 99.0, 0.0, 0.0, 0.0, 0.0, 0.0, ||,  19
816190609, 8157310153, ||, 0.0, 0.0, 0.0, 0.0, 0.0, 0.0, 0.0, 0.0, 0.0, 0.0, 0.0, 747.0, ||,  19
743048690, 0743048690, ||, 0.0, 0.0, 0.0, 0.0, 0.0, 0.0, 200.0, 100.0, 500.0, 67.0, 1065.0, 361.0, ||,  19
743087324, 0743087324, ||, 0.0, 0.0, 0.0, 0.0, 0.0, 0.0, 0.0, 0.0, 0.0, 770.0, 0.0, 0.0, ||,  19
9269711, 0092697111, ||, 0.0, 0.0, 0.0, 0.0, 0.0, 0.0, 0.0, 0.0, 0.0, 1896.0, 258.0, 390.0, ||,  19
784002622, 7840026229, ||, 0.0, 0.0, 0.0, 0.0, 0.0, 533.0, 218.0, 258.0, 118.0, 76.0, 0.0, 0.0, ||,  19
784037297, 7840372973, ||, 0.0, 0.0, 0.0, 0.0, 0.0, 511.0, 436.0, 173.0, 51.0, 174.0, 0.0, 0.0, ||,  19
815488777, 8150952486, ||, 0.0, 0.0, 0.0, 0.0, 0.0, 0.0, 0.0, 0.0, 0.0, 605.0, 49.0, 53.0, ||,  19
13087030, 0130870304, ||, 0.0, 0.0, 0.0, 0.0, 62.0, 149.0, 188.0, 211.0, 239.0, 210.0, 182.0, 145.0, ||,  19
740002981, 0740002981, ||, 0.0, 0.0, 0.0, 0.0, 0.0, 48.0, 135.0, 348.0, 294.0, 251.0, 205.0, 167.0, ||,  19
23085403, 0230854031, ||, 0.0, 0.0, 0.0, 0.0, 0.0, 0.0, 0.0, 0.0, 0.0, 595.0, 45.0, 37.0, ||,  19
773003278, 0773003278, ||, 0.0, 0.0, 0.0, 0.0, 0.0, 0.0, 0.0, 900.0, 0.0, 0.0, 0.0, 0.0, ||,  19
25015740, 0250157400, ||, 0.0, 0.0, 0.0, 4.0, 0.0, 398.0, 0.0, 369.0, 0.0, 383.0, 0.0, 373.0, ||,  19
25350214, 0253502144, ||, 0.0, 0.0, 0.0, 353.0, 0.0, 241.0, 0.0, 262.0, 0.0, 255.0, 0.0, 275.0, ||,  19
25392926, 0253929266, ||, 0.0, 0.0, 0.0, 0.0, 0.0, 0.0, 115.0, 0.0, 517.0, 0.0, 358.0, 0.0, ||,  19
807722358, 8075496995, ||, 0.0, 0.0, 0.0, 0.0, 0.0, 0.0, 0.0, 101.0, 0.0, 93.0, 0.0, 561.0, ||,  19
25013207, 0250132070, ||, 0.0, 0.0, 0.0, 180.0, 0.0, 190.0, 0.0, 145.0, 0.0, 129.0, 0.0, 125.0, ||,  19
25163019, 0251630197, ||, 0.0, 0.0, 0.0, 187.0, 0.0, 420.0, 0.0, 325.0, 0.0, 371.0, 0.0, 488.0, ||,  19
25261031, 0252610314, ||, 0.0, 0.0, 0.0, 118.0, 0.0, 167.0, 0.0, 158.0, 0.0, 168.0, 0.0, 160.0, ||,  19
25411317, 0254113176, ||, 0.0, 0.0, 0.0, 615.0, 0.0, 210.0, 0.0, 95.0, 0.0, 134.0, 0.0, 76.0, ||,  19
25432824, 0254328240, ||, 0.0, 0.0, 0.0, 414.0, 0.0, 151.0, 0.0, 202.0, 0.0, 136.0, 0.0, 249.0, ||,  19
25482525, 0254825259, ||, 0.0, 0.0, 0.0, 390.0, 0.0, 158.0, 0.0, 160.0, 0.0, 103.0, 0.0, 147.0, ||,  19
25644896, 0256448960, ||, 0.0, 0.0, 0.0, 2.0, 0.0, 8.0, 0.0, 145.0, 0.0, 256.0, 0.0, 425.0, ||,  19
25797053, 0257970532, ||, 0.0, 0.0, 0.0, 1614.0, 0.0, 373.0, 0.0, 301.0, 0.0, 295.0, 0.0, 340.0, ||,  19
25122228, 0251222288, ||, 0.0, 0.0, 0.0, 0.0, 0.0, 0.0, 0.0, 0.0, 0.0, 183.0, 0.0, 389.0, ||,  19
804864640, 8047725825, ||, 0.0, 0.0, 0.0, 219.0, 0.0, 0.0, 0.0, 99.0, 0.0, 108.0, 0.0, 212.0, ||,  19
814707773, 8143504906, ||, 0.0, 0.0, 0.0, 0.0, 0.0, 0.0, 0.0, 0.0, 0.0, 384.0, 0.0, 546.0, ||,  19
812249320, 8119429457, ||, 0.0, 0.0, 0.0, 0.0, 0.0, 245.0, 0.0, 493.0, 0.0, 374.0, 0.0, 256.0, ||,  19
815563546, 8151600504, ||, 0.0, 0.0, 0.0, 0.0, 0.0, 0.0, 0.0, 0.0, 1092.0, 0.0, 852.0, 0.0, ||,  19
26204362, 0262043627, ||, 0.0, 0.0, 0.0, 512.0, 0.0, 141.0, 0.0, 448.0, 0.0, 0.0, 0.0, 417.0, ||,  19
26353228, 0263532283, ||, 0.0, 0.0, 0.0, 0.0, 0.0, 0.0, 0.0, 0.0, 891.0, 0.0, 606.0, 0.0, ||,  19
26372966, 0263729667, ||, 0.0, 0.0, 0.0, 0.0, 0.0, 44.0, 0.0, 153.0, 0.0, 216.0, 0.0, 285.0, ||,  19
26373012, 0263730124, ||, 0.0, 0.0, 0.0, 121.0, 0.0, 193.0, 0.0, 469.0, 0.0, 336.0, 0.0, 306.0, ||,  19
800221188, 8002167370, ||, 0.0, 0.0, 0.0, 0.0, 0.0, 0.0, 0.0, 0.0, 0.0, 697.0, 0.0, 103.0, ||,  19
805565863, 8054545935, ||, 0.0, 0.0, 0.0, 0.0, 0.0, 388.0, 0.0, 452.0, 0.0, 449.0, 0.0, 504.0, ||,  19
814145767, 8138057330, ||, 0.0, 0.0, 0.0, 210.0, 0.0, 156.0, 0.0, 164.0, 0.0, 237.0, 0.0, 222.0, ||,  19
814144559, 8138045258, ||, 0.0, 0.0, 0.0, 172.0, 0.0, 110.0, 0.0, 148.0, 0.0, 144.0, 0.0, 136.0, ||,  19
812897745, 8125696551, ||, 0.0, 0.0, 0.0, 0.0, 0.0, 998.0, 0.0, 398.0, 0.0, 394.0, 0.0, 368.0, ||,  19
813247271, 8129110714, ||, 0.0, 0.0, 0.0, 0.0, 979.0, 0.0, 260.0, 0.0, 272.0, 0.0, 441.0, 0.0, ||,  19
26459318, 0264593182, ||, 0.0, 0.0, 0.0, 0.0, 373.0, 0.0, 477.0, 0.0, 421.0, 0.0, 395.0, 0.0, ||,  19
26634995, 0266349950, ||, 0.0, 0.0, 0.0, 1028.0, 0.0, 389.0, 0.0, 346.0, 0.0, 335.0, 0.0, 494.0, ||,  19
26650094, 0266500942, ||, 0.0, 0.0, 0.0, 338.0, 0.0, 57.0, 0.0, 183.0, 0.0, 123.0, 0.0, 89.0, ||,  19
26677687, 0266776871, ||, 0.0, 0.0, 0.0, 0.0, 0.0, 117.0, 0.0, 316.0, 0.0, 92.0, 0.0, 194.0, ||,  19
26697936, 0266979368, ||, 0.0, 0.0, 0.0, 45.0, 0.0, 220.0, 0.0, 182.0, 0.0, 155.0, 0.0, 150.0, ||,  19
805755955, 8056384958, ||, 0.0, 0.0, 0.0, 2.0, 0.0, 269.0, 0.0, 283.0, 0.0, 344.0, 0.0, 308.0, ||,  19
814592582, 8142427147, ||, 0.0, 0.0, 0.0, 776.0, 0.0, 442.0, 0.0, 374.0, 0.0, 420.0, 0.0, 462.0, ||,  19
814594054, 8142441864, ||, 0.0, 0.0, 0.0, 0.0, 0.0, 0.0, 0.0, 295.0, 0.0, 252.0, 0.0, 324.0, ||,  19
26902580, 0269025804, ||, 0.0, 0.0, 0.0, 220.0, 0.0, 171.0, 0.0, 189.0, 0.0, 179.0, 0.0, 221.0, ||,  19
26916399, 0269163993, ||, 0.0, 0.0, 0.0, 230.0, 0.0, 73.0, 0.0, 85.0, 0.0, 96.0, 0.0, 222.0, ||,  19
26917246, 0269172467, ||, 0.0, 0.0, 0.0, 207.0, 0.0, 105.0, 0.0, 103.0, 0.0, 143.0, 0.0, 162.0, ||,  19
26959955, 0269599550, ||, 0.0, 0.0, 0.0, 95.0, 0.0, 139.0, 0.0, 218.0, 0.0, 215.0, 0.0, 289.0, ||,  19
814568885, 8142192108, ||, 0.0, 0.0, 0.0, 257.0, 0.0, 123.0, 0.0, 273.0, 0.0, 263.0, 0.0, 276.0, ||,  19
27172771, 0271727718, ||, 0.0, 0.0, 0.0, 353.0, 0.0, 0.0, 0.0, 388.0, 0.0, 195.0, 0.0, 2.0, ||,  19
806726120, 8065957446, ||, 0.0, 0.0, 0.0, 682.0, 0.0, 1018.0, 0.0, 0.0, 0.0, 240.0, 0.0, 0.0, ||,  19
814072951, 8137327784, ||, 0.0, 0.0, 0.0, 0.0, 0.0, 0.0, 0.0, 0.0, 0.0, 973.0, 0.0, 27.0, ||,  19
807879732, 8076996643, ||, 0.0, 0.0, 0.0, 428.0, 0.0, 121.0, 0.0, 157.0, 0.0, 143.0, 0.0, 349.0, ||,  19
815581693, 8151776036, ||, 0.0, 0.0, 0.0, 0.0, 0.0, 0.0, 0.0, 0.0, 0.0, 0.0, 0.0, 918.0, ||,  19
812907447, 8125788735, ||, 0.0, 0.0, 0.0, 0.0, 0.0, 0.0, 0.0, 0.0, 0.0, 1008.0, 123.0, 106.0, ||,  19
814097251, 8137563782, ||, 0.0, 0.0, 0.0, 0.0, 0.0, 0.0, 392.0, 280.0, 268.0, 190.0, 230.0, 210.0, ||,  19
27033584, 0270335840, ||, 0.0, 0.0, 0.0, 362.0, 0.0, 178.0, 0.0, 202.0, 0.0, 161.0, 0.0, 97.0, ||,  19
27033755, 0270337556, ||, 0.0, 0.0, 0.0, 329.0, 0.0, 57.0, 0.0, 188.0, 0.0, 12.0, 0.0, 234.0, ||,  19
815157143, 8147729017, ||, 0.0, 0.0, 0.0, 0.0, 0.0, 0.0, 0.0, 0.0, 0.0, 410.0, 0.0, 227.0, ||,  19
814946213, 8145746874, ||, 0.0, 0.0, 0.0, 155.0, 212.0, 163.0, 176.0, 182.0, 112.0, 89.0, 349.0, 223.0, ||,  19
814282186, 8139395064, ||, 0.0, 0.0, 0.0, 0.0, 0.0, 0.0, 0.0, 0.0, 768.0, 117.0, 87.0, 57.0, ||,  19
27197581, 0271975814, ||, 0.0, 0.0, 0.0, 0.0, 226.0, 0.0, 0.0, 0.0, 0.0, 0.0, 878.0, 100.0, ||,  19
803155186, 8031106193, ||, 0.0, 0.0, 0.0, 958.0, 0.0, 288.0, 0.0, 201.0, 0.0, 272.0, 0.0, 300.0, ||,  19
=====================================================================================