
======================================================================================
----------------------------------------------------------------------------
	簇个数:	 20
--------------------------------------
	簇ID:	 计数

	0:	 2
	1:	 1
	2:	 1
	3:	 1
	4:	 51
	5:	 1
	6:	 162
	7:	 9
	8:	 3
	9:	 20
	10:	 1
	11:	 9
	12:	 51
	13:	 1
	14:	 4
	15:	 30
	16:	 13
	17:	 2
	18:	 3
	19:	 13
--------------------------------------
	 簇中心 

0,2,||,0.0,0.0,109.5,86.5,124.5,105.0,232.5,593.0,504.5,70.0,76.5,90.0
1,1,||,0.0,0.0,4290.0,18553.0,25221.0,23007.0,20379.0,20282.0,18158.0,21185.0,16748.0,26341.0
2,1,||,0.0,0.0,17730.0,13920.0,6690.0,3150.0,6060.0,8340.0,6420.0,3030.0,6660.0,14670.0
3,1,||,0.0,0.0,11070.0,2429.0,2514.0,2730.0,0.0,2083.0,1508.0,1639.0,0.0,1412.0
4,51,||,0.0,0.0,169.7058823529412,18.372549019607842,25.137254901960784,17.176470588235293,38.96078431372549,11.372549019607844,41.92156862745098,13.627450980392156,71.80392156862744,15.843137254901961
5,1,||,0.0,0.0,5583.0,0.0,0.0,0.0,3056.0,0.0,289.0,0.0,309.0,0.0
6,162,||,0.0,0.0,30.308641975308642,15.006172839506172,15.987654320987655,10.598765432098766,12.104938271604938,9.493827160493828,13.203703703703704,9.814814814814815,14.75925925925926,13.549382716049383
7,9,||,0.0,0.0,634.3333333333334,338.22222222222223,292.77777777777777,184.88888888888889,143.77777777777777,146.0,132.77777777777777,124.66666666666667,165.0,119.11111111111111
8,3,||,0.0,0.0,203.0,815.3333333333334,643.6666666666666,348.0,253.33333333333334,985.0,454.6666666666667,296.6666666666667,447.3333333333333,618.3333333333334
9,20,||,0.0,0.0,414.15,0.0,339.75,0.0,280.6,0.0,285.35,0.0,286.35,0.0
10,1,||,0.0,0.0,7968.0,7170.0,2460.0,1337.0,1054.0,1512.0,1265.0,1578.0,1614.0,2381.0
11,9,||,0.0,0.0,722.4444444444445,52.333333333333336,57.111111111111114,57.55555555555556,50.44444444444444,101.22222222222223,110.44444444444444,50.666666666666664,94.44444444444444,78.55555555555556
12,51,||,0.0,0.0,90.33333333333333,77.66666666666667,68.05882352941177,65.0,75.01960784313725,97.88235294117646,99.68627450980392,100.84313725490196,106.31372549019608,120.0
13,1,||,0.0,0.0,1181.0,173.0,1166.0,662.0,1055.0,1842.0,1399.0,201.0,199.0,230.0
14,4,||,0.0,0.0,1179.0,0.0,619.0,0.0,400.25,0.0,864.5,0.0,586.5,0.0
15,30,||,0.0,0.0,229.23333333333332,38.1,148.0,33.266666666666666,103.53333333333333,18.166666666666668,185.9,15.866666666666667,107.2,18.533333333333335
16,13,||,0.0,0.0,711.6923076923077,38.46153846153846,403.0769230769231,35.23076923076923,573.0,29.23076923076923,423.0,29.923076923076923,408.0769230769231,62.46153846153846
17,2,||,0.0,0.0,2238.0,195.5,210.0,98.5,170.5,71.0,76.0,83.0,202.0,177.5
18,3,||,0.0,0.0,689.6666666666666,1193.3333333333333,198.66666666666666,108.33333333333333,19.333333333333332,146.0,19.0,4.0,59.666666666666664,14.666666666666666
19,13,||,0.0,0.0,132.92307692307693,194.53846153846155,267.0,260.38461538461536,161.92307692307693,174.07692307692307,155.92307692307693,233.23076923076923,244.92307692307693,400.46153846153845
----------------------------------------------------------------------------
	 打印每个簇及其样本信息 

----------------------------------------------------------------------------
	 簇及其样本 

--------------------------------------
	簇ID:	 计数
	0:	 2

	样本数据

802038510, 8020201504, ||, 0.0, 0.0, 183.0, 0.0, 80.0, 76.0, 290.0, 738.0, 541.0, 19.0, 4.0, 4.0, ||,  0
11018201, 0110182014, ||, 0.0, 0.0, 36.0, 173.0, 169.0, 134.0, 175.0, 448.0, 468.0, 121.0, 149.0, 176.0, ||,  0
--------------------------------------
	簇ID:	 计数
	1:	 1

	样本数据

748000949, 7480009497, ||, 0.0, 0.0, 4290.0, 18553.0, 25221.0, 23007.0, 20379.0, 20282.0, 18158.0, 21185.0, 16748.0, 26341.0, ||,  1
--------------------------------------
	簇ID:	 计数
	2:	 1

	样本数据

814832878, 8144694215, ||, 0.0, 0.0, 17730.0, 13920.0, 6690.0, 3150.0, 6060.0, 8340.0, 6420.0, 3030.0, 6660.0, 14670.0, ||,  2
--------------------------------------
	簇ID:	 计数
	3:	 1

	样本数据

785004909, 7850049092, ||, 0.0, 0.0, 11070.0, 2429.0, 2514.0, 2730.0, 0.0, 2083.0, 1508.0, 1639.0, 0.0, 1412.0, ||,  3
--------------------------------------
	簇ID:	 计数
	4:	 51

	样本数据

702020624, 0702020624, ||, 0.0, 0.0, 136.0, 0.0, 0.0, 0.0, 0.0, 0.0, 150.0, 0.0, 50.0, 0.0, ||,  4
19142072, 0191420726, ||, 0.0, 0.0, 169.0, 0.0, 10.0, 166.0, 59.0, 0.0, 105.0, 58.0, 64.0, 58.0, ||,  4
770126482, 0770126482, ||, 0.0, 0.0, 205.0, 29.0, 11.0, 0.0, 33.0, 31.0, 31.0, 30.0, 21.0, 0.0, ||,  4
25333192, 0253331920, ||, 0.0, 0.0, 155.0, 0.0, 43.0, 0.0, 0.0, 0.0, 0.0, 0.0, 115.0, 0.0, ||,  4
25463435, 0254634352, ||, 0.0, 0.0, 220.0, 0.0, 0.0, 0.0, 0.0, 0.0, 0.0, 0.0, 248.0, 0.0, ||,  4
25876998, 0258769982, ||, 0.0, 0.0, 195.0, 0.0, 95.0, 0.0, 91.0, 0.0, 95.0, 0.0, 91.0, 0.0, ||,  4
25088716, 0250887169, ||, 0.0, 0.0, 136.0, 0.0, 53.0, 0.0, 0.0, 0.0, 0.0, 0.0, 0.0, 0.0, ||,  4
26280518, 0262805186, ||, 0.0, 0.0, 213.0, 0.0, 149.0, 0.0, 8.0, 0.0, 0.0, 0.0, 9.0, 0.0, ||,  4
812123048, 8118227744, ||, 0.0, 0.0, 50.0, 0.0, 11.0, 0.0, 3.0, 0.0, 98.0, 0.0, 161.0, 0.0, ||,  4
26565158, 0265651580, ||, 0.0, 0.0, 73.0, 0.0, 7.0, 0.0, 232.0, 0.0, 100.0, 0.0, 129.0, 0.0, ||,  4
27149917, 0271499174, ||, 0.0, 0.0, 100.0, 0.0, 17.0, 0.0, 0.0, 0.0, 167.0, 0.0, 45.0, 0.0, ||,  4
27047842, 0270478426, ||, 0.0, 0.0, 156.0, 0.0, 0.0, 0.0, 180.0, 0.0, 0.0, 0.0, 203.0, 0.0, ||,  4
27225138, 0272251386, ||, 0.0, 0.0, 131.0, 0.0, 0.0, 0.0, 0.0, 0.0, 0.0, 0.0, 160.0, 0.0, ||,  4
742072654, 7420726549, ||, 0.0, 0.0, 174.0, 66.0, 23.0, 16.0, 11.0, 13.0, 27.0, 14.0, 36.0, 13.0, ||,  4
748122918, 7481229180, ||, 0.0, 0.0, 305.0, 0.0, 0.0, 0.0, 107.0, 0.0, 0.0, 0.0, 0.0, 0.0, ||,  4
785041086, 7850410863, ||, 0.0, 0.0, 146.0, 0.0, 84.0, 0.0, 71.0, 0.0, 86.0, 0.0, 94.0, 0.0, ||,  4
785021558, 7850215585, ||, 0.0, 0.0, 177.0, 0.0, 0.0, 0.0, 106.0, 0.0, 106.0, 0.0, 53.0, 0.0, ||,  4
690172796, 6901727969, ||, 0.0, 0.0, 128.0, 92.0, 0.0, 18.0, 32.0, 44.0, 32.0, 23.0, 43.0, 26.0, ||,  4
691005599, 6910055996, ||, 0.0, 0.0, 116.0, 29.0, 31.0, 41.0, 44.0, 59.0, 180.0, 0.0, 0.0, 28.0, ||,  4
730090054, 0730090054, ||, 0.0, 0.0, 129.0, 68.0, 35.0, 120.0, 42.0, 40.0, 20.0, 28.0, 39.0, 0.0, ||,  4
757091553, 7570915534, ||, 0.0, 0.0, 100.0, 0.0, 0.0, 0.0, 0.0, 0.0, 0.0, 60.0, 70.0, 178.0, ||,  4
17132767, 0171327672, ||, 0.0, 0.0, 237.0, 74.0, 70.0, 0.0, 8.0, 50.0, 49.0, 38.0, 20.0, 84.0, ||,  4
7183461, 0071834610, ||, 0.0, 0.0, 115.0, 0.0, 14.0, 0.0, 9.0, 3.0, 27.0, 42.0, 17.0, 35.0, ||,  4
696001914, 6960019146, ||, 0.0, 0.0, 225.0, 75.0, 47.0, 0.0, 0.0, 0.0, 1.0, 0.0, 0.0, 1.0, ||,  4
781036860, 7810368607, ||, 0.0, 0.0, 209.0, 12.0, 0.0, 0.0, 0.0, 0.0, 0.0, 0.0, 0.0, 0.0, ||,  4
30670884, 0306708844, ||, 0.0, 0.0, 127.0, 0.0, 108.0, 0.0, 94.0, 0.0, 98.0, 0.0, 94.0, 0.0, ||,  4
30698195, 0306981951, ||, 0.0, 0.0, 113.0, 0.0, 0.0, 0.0, 0.0, 0.0, 0.0, 0.0, 234.0, 0.0, ||,  4
811967578, 8116727587, ||, 0.0, 0.0, 246.0, 0.0, 0.0, 0.0, 0.0, 0.0, 0.0, 0.0, 0.0, 0.0, ||,  4
30917441, 0309174411, ||, 0.0, 0.0, 157.0, 0.0, 0.0, 0.0, 205.0, 0.0, 80.0, 0.0, 80.0, 0.0, ||,  4
31053551, 0310535517, ||, 0.0, 0.0, 170.0, 0.0, 0.0, 0.0, 87.0, 0.0, 0.0, 0.0, 0.0, 0.0, ||,  4
31084783, 0310847832, ||, 0.0, 0.0, 212.0, 0.0, 100.0, 0.0, 0.0, 0.0, 128.0, 0.0, 0.0, 0.0, ||,  4
812008526, 8117118944, ||, 0.0, 0.0, 332.0, 0.0, 0.0, 0.0, 182.0, 0.0, 0.0, 0.0, 219.0, 0.0, ||,  4
31576211, 0315762118, ||, 0.0, 0.0, 98.0, 0.0, 0.0, 0.0, 108.0, 0.0, 0.0, 0.0, 95.0, 0.0, ||,  4
31558503, 0315585038, ||, 0.0, 0.0, 119.0, 0.0, 0.0, 0.0, 0.0, 0.0, 106.0, 0.0, 0.0, 0.0, ||,  4
670098743, 6700987434, ||, 0.0, 0.0, 138.0, 28.0, 0.0, 102.0, 0.0, 0.0, 179.0, 54.0, 39.0, 35.0, ||,  4
670159259, 6701592598, ||, 0.0, 0.0, 340.0, 11.0, 9.0, 38.0, 0.0, 42.0, 0.0, 0.0, 10.0, 32.0, ||,  4
703109024, 7031090244, ||, 0.0, 0.0, 129.0, 44.0, 44.0, 46.0, 46.0, 90.0, 50.0, 5.0, 82.0, 95.0, ||,  4
814255749, 8139137589, ||, 0.0, 0.0, 126.0, 0.0, 0.0, 0.0, 0.0, 0.0, 0.0, 0.0, 237.0, 0.0, ||,  4
814255764, 8139137736, ||, 0.0, 0.0, 136.0, 0.0, 31.0, 0.0, 0.0, 0.0, 0.0, 0.0, 0.0, 0.0, ||,  4
21224617, 0212246177, ||, 0.0, 0.0, 219.0, 0.0, 20.0, 67.0, 61.0, 20.0, 18.0, 20.0, 26.0, 45.0, ||,  4
753150239, 0753150239, ||, 0.0, 0.0, 174.0, 7.0, 27.0, 34.0, 35.0, 43.0, 45.0, 51.0, 36.0, 30.0, ||,  4
753174173, 0753174173, ||, 0.0, 0.0, 88.0, 65.0, 48.0, 66.0, 70.0, 35.0, 1.0, 2.0, 100.0, 0.0, ||,  4
760107541, 0760107541, ||, 0.0, 0.0, 67.0, 0.0, 0.0, 0.0, 0.0, 0.0, 0.0, 0.0, 194.0, 0.0, ||,  4
770029048, 0770029048, ||, 0.0, 0.0, 199.0, 0.0, 0.0, 0.0, 0.0, 0.0, 0.0, 0.0, 0.0, 7.0, ||,  4
5218103, 0052181030, ||, 0.0, 0.0, 238.0, 0.0, 0.0, 0.0, 0.0, 0.0, 0.0, 0.0, 330.0, 0.0, ||,  4
5289138, 0052891380, ||, 0.0, 0.0, 178.0, 22.0, 0.0, 0.0, 0.0, 0.0, 0.0, 110.0, 48.0, 0.0, ||,  4
5383138, 0053831385, ||, 0.0, 0.0, 98.0, 29.0, 20.0, 47.0, 31.0, 21.0, 90.0, 35.0, 52.0, 32.0, ||,  4
5521262, 0055212625, ||, 0.0, 0.0, 344.0, 156.0, 77.0, 41.0, 0.0, 0.0, 0.0, 0.0, 0.0, 0.0, ||,  4
743035104, 0743035104, ||, 0.0, 0.0, 202.0, 0.0, 0.0, 0.0, 0.0, 0.0, 0.0, 0.0, 0.0, 0.0, ||,  4
9096450, 0090964507, ||, 0.0, 0.0, 297.0, 97.0, 95.0, 74.0, 32.0, 82.0, 23.0, 79.0, 71.0, 51.0, ||,  4
783028242, 7830282428, ||, 0.0, 0.0, 108.0, 33.0, 3.0, 0.0, 0.0, 7.0, 46.0, 46.0, 47.0, 58.0, ||,  4
--------------------------------------
	簇ID:	 计数
	5:	 1

	样本数据

807240627, 8070835922, ||, 0.0, 0.0, 5583.0, 0.0, 0.0, 0.0, 3056.0, 0.0, 289.0, 0.0, 309.0, 0.0, ||,  5
--------------------------------------
	簇ID:	 计数
	6:	 162

	样本数据

27170430, 0271704300, ||, 0.0, 0.0, 21.0, 0.0, 0.0, 0.0, 0.0, 0.0, 0.0, 0.0, 45.0, 0.0, ||,  6
741061600, 7410616005, ||, 0.0, 0.0, 4.0, 0.0, 0.0, 0.0, 0.0, 0.0, 0.0, 0.0, 0.0, 0.0, ||,  6
690178565, 6901785653, ||, 0.0, 0.0, 55.0, 0.0, 0.0, 0.0, 0.0, 0.0, 0.0, 6.0, 0.0, 16.0, ||,  6
691047578, 6910475785, ||, 0.0, 0.0, 56.0, 0.0, 0.0, 0.0, 0.0, 0.0, 48.0, 48.0, 40.0, 0.0, ||,  6
730098586, 0730098586, ||, 0.0, 0.0, 1.0, 0.0, 0.0, 0.0, 0.0, 0.0, 0.0, 0.0, 0.0, 0.0, ||,  6
733099162, 0733099162, ||, 0.0, 0.0, 1.0, 11.0, 10.0, 5.0, 5.0, 1.0, 1.0, 1.0, 1.0, 1.0, ||,  6
7031006, 0070310069, ||, 0.0, 0.0, 1.0, 1.0, 0.0, 0.0, 2.0, 1.0, 0.0, 1.0, 1.0, 1.0, ||,  6
640059374, 6400593744, ||, 0.0, 0.0, 2.0, 0.0, 0.0, 0.0, 0.0, 0.0, 0.0, 0.0, 0.0, 0.0, ||,  6
695155021, 6951550218, ||, 0.0, 0.0, 8.0, 0.0, 0.0, 0.0, 0.0, 105.0, 29.0, 18.0, 10.0, 10.0, ||,  6
782203963, 7822039632, ||, 0.0, 0.0, 100.0, 0.0, 0.0, 0.0, 0.0, 0.0, 0.0, 0.0, 0.0, 0.0, ||,  6
781127155, 7811271559, ||, 0.0, 0.0, 9.0, 0.0, 0.0, 0.0, 0.0, 0.0, 0.0, 0.0, 0.0, 0.0, ||,  6
703120057, 7031200573, ||, 0.0, 0.0, 37.0, 0.0, 0.0, 0.0, 0.0, 0.0, 0.0, 0.0, 0.0, 0.0, ||,  6
623524908, 6235249085, ||, 0.0, 0.0, 1.0, 0.0, 0.0, 0.0, 1.0, 1.0, 0.0, 0.0, 2.0, 0.0, ||,  6
21200101, 0212001013, ||, 0.0, 0.0, 1.0, 1.0, 0.0, 2.0, 0.0, 0.0, 1.0, 0.0, 0.0, 1.0, ||,  6
753242832, 0753242832, ||, 0.0, 0.0, 10.0, 47.0, 26.0, 30.0, 27.0, 0.0, 10.0, 0.0, 0.0, 21.0, ||,  6
761143868, 0761143868, ||, 0.0, 0.0, 47.0, 0.0, 0.0, 16.0, 0.0, 11.0, 0.0, 0.0, 19.0, 0.0, ||,  6
784007507, 7840075074, ||, 0.0, 0.0, 12.0, 0.0, 12.0, 0.0, 12.0, 12.0, 18.0, 0.0, 0.0, 0.0, ||,  6
773092276, 0773092276, ||, 0.0, 0.0, 100.0, 0.0, 0.0, 0.0, 1.0, 0.0, 0.0, 0.0, 0.0, 0.0, ||,  6
811644762, 8113644236, ||, 0.0, 0.0, 38.0, 0.0, 51.0, 0.0, 50.0, 0.0, 60.0, 0.0, 42.0, 0.0, ||,  6
25878868, 0258788688, ||, 0.0, 0.0, 1.0, 0.0, 199.0, 0.0, 0.0, 0.0, 0.0, 0.0, 0.0, 0.0, ||,  6
25904582, 0259045829, ||, 0.0, 0.0, 23.0, 0.0, 104.0, 0.0, 11.0, 0.0, 1.0, 0.0, 19.0, 0.0, ||,  6
802910013, 8028750642, ||, 0.0, 0.0, 9.0, 0.0, 4.0, 0.0, 7.0, 0.0, 6.0, 0.0, 99.0, 0.0, ||,  6
809531453, 8093227612, ||, 0.0, 0.0, 54.0, 0.0, 0.0, 0.0, 6.0, 0.0, 0.0, 0.0, 1.0, 0.0, ||,  6
802912999, 8028780472, ||, 0.0, 0.0, 35.0, 0.0, 15.0, 0.0, 34.0, 0.0, 11.0, 0.0, 12.0, 0.0, ||,  6
802912758, 8028778071, ||, 0.0, 0.0, 3.0, 0.0, 2.0, 0.0, 0.0, 0.0, 1.0, 0.0, 1.0, 0.0, ||,  6
800325925, 8003199514, ||, 0.0, 0.0, 58.0, 0.0, 197.0, 0.0, 0.0, 0.0, 0.0, 0.0, 0.0, 0.0, ||,  6
27243663, 0272436633, ||, 0.0, 0.0, 5.0, 0.0, 0.0, 0.0, 0.0, 0.0, 0.0, 0.0, 0.0, 0.0, ||,  6
701100353, 7011003538, ||, 0.0, 0.0, 50.0, 50.0, 20.0, 30.0, 30.0, 20.0, 10.0, 0.0, 0.0, 0.0, ||,  6
709197088, 7091970885, ||, 0.0, 0.0, 1.0, 28.0, 54.0, 49.0, 0.0, 1.0, 0.0, 0.0, 0.0, 0.0, ||,  6
709269926, 7092699264, ||, 0.0, 0.0, 4.0, 102.0, 21.0, 2.0, 20.0, 50.0, 1.0, 0.0, 0.0, 0.0, ||,  6
731072162, 7310721625, ||, 0.0, 0.0, 14.0, 0.0, 0.0, 13.0, 0.0, 0.0, 13.0, 10.0, 0.0, 0.0, ||,  6
731126555, 7311265555, ||, 0.0, 0.0, 20.0, 0.0, 0.0, 5.0, 0.0, 0.0, 0.0, 0.0, 0.0, 0.0, ||,  6
731173627, 7311736273, ||, 0.0, 0.0, 8.0, 21.0, 0.0, 4.0, 12.0, 0.0, 0.0, 143.0, 58.0, 47.0, ||,  6
741033134, 7410331348, ||, 0.0, 0.0, 4.0, 0.0, 0.0, 0.0, 0.0, 0.0, 0.0, 0.0, 0.0, 0.0, ||,  6
741106484, 7411064847, ||, 0.0, 0.0, 15.0, 5.0, 0.0, 20.0, 5.0, 5.0, 10.0, 10.0, 1.0, 4.0, ||,  6
748031788, 7480317882, ||, 0.0, 0.0, 70.0, 0.0, 0.0, 0.0, 0.0, 0.0, 0.0, 0.0, 0.0, 0.0, ||,  6
742120766, 7421207663, ||, 0.0, 0.0, 1.0, 0.0, 0.0, 3.0, 0.0, 10.0, 30.0, 23.0, 2.0, 0.0, ||,  6
756010144, 7560101446, ||, 0.0, 0.0, 80.0, 0.0, 0.0, 0.0, 0.0, 0.0, 0.0, 0.0, 0.0, 0.0, ||,  6
748160827, 7481608275, ||, 0.0, 0.0, 25.0, 0.0, 324.0, 0.0, 25.0, 0.0, 22.0, 0.0, 49.0, 0.0, ||,  6
756076080, 7560760809, ||, 0.0, 0.0, 10.0, 0.0, 0.0, 0.0, 0.0, 46.0, 29.0, 32.0, 46.0, 35.0, ||,  6
785135847, 7851358478, ||, 0.0, 0.0, 14.0, 0.0, 6.0, 0.0, 0.0, 0.0, 13.0, 0.0, 6.0, 0.0, ||,  6
785101666, 7851016668, ||, 0.0, 0.0, 71.0, 60.0, 0.0, 10.0, 18.0, 20.0, 38.0, 30.0, 19.0, 20.0, ||,  6
2217990, 0022179904, ||, 0.0, 0.0, 82.0, 0.0, 0.0, 0.0, 0.0, 0.0, 0.0, 0.0, 22.0, 0.0, ||,  6
2246405, 0022464053, ||, 0.0, 0.0, 79.0, 0.0, 34.0, 0.0, 50.0, 0.0, 37.0, 29.0, 30.0, 28.0, ||,  6
2306053, 0023060539, ||, 0.0, 0.0, 40.0, 0.0, 0.0, 0.0, 0.0, 0.0, 0.0, 0.0, 0.0, 0.0, ||,  6
2327802, 0023278022, ||, 0.0, 0.0, 21.0, 40.0, 46.0, 23.0, 24.0, 14.0, 47.0, 21.0, 20.0, 8.0, ||,  6
2616002, 0026160027, ||, 0.0, 0.0, 16.0, 18.0, 17.0, 67.0, 60.0, 44.0, 53.0, 85.0, 0.0, 0.0, ||,  6
800238138, 8002334231, ||, 0.0, 0.0, 19.0, 89.0, 77.0, 72.0, 50.0, 0.0, 110.0, 72.0, 29.0, 0.0, ||,  6
600024862, 6000248624, ||, 0.0, 0.0, 8.0, 17.0, 16.0, 24.0, 30.0, 21.0, 24.0, 9.0, 19.0, 15.0, ||,  6
690035494, 6900354944, ||, 0.0, 0.0, 1.0, 1.0, 4.0, 0.0, 0.0, 0.0, 14.0, 0.0, 0.0, 0.0, ||,  6
690137481, 6901374817, ||, 0.0, 0.0, 2.0, 20.0, 0.0, 238.0, 0.0, 0.0, 0.0, 4.0, 0.0, 0.0, ||,  6
690142111, 6901421119, ||, 0.0, 0.0, 69.0, 29.0, 139.0, 40.0, 70.0, 61.0, 59.0, 5.0, 6.0, 0.0, ||,  6
690134804, 6901348047, ||, 0.0, 0.0, 25.0, 25.0, 15.0, 41.0, 12.0, 21.0, 47.0, 0.0, 37.0, 50.0, ||,  6
690236250, 6902362505, ||, 0.0, 0.0, 62.0, 123.0, 25.0, 65.0, 0.0, 0.0, 27.0, 0.0, 0.0, 86.0, ||,  6
691038680, 6910386803, ||, 0.0, 0.0, 71.0, 0.0, 128.0, 28.0, 28.0, 100.0, 8.0, 21.0, 14.0, 32.0, ||,  6
811228703, 8109812210, ||, 0.0, 0.0, 60.0, 0.0, 0.0, 25.0, 0.0, 0.0, 0.0, 0.0, 0.0, 0.0, ||,  6
15076933, 0150769332, ||, 0.0, 0.0, 33.0, 0.0, 0.0, 1.0, 1.0, 2.0, 0.0, 8.0, 0.0, 0.0, ||,  6
15352658, 0153526583, ||, 0.0, 0.0, 34.0, 33.0, 19.0, 31.0, 60.0, 73.0, 74.0, 54.0, 41.0, 27.0, ||,  6
15370473, 0153704738, ||, 0.0, 0.0, 10.0, 11.0, 21.0, 24.0, 24.0, 27.0, 27.0, 24.0, 21.0, 9.0, ||,  6
702010811, 0702010811, ||, 0.0, 0.0, 41.0, 18.0, 13.0, 14.0, 15.0, 0.0, 23.0, 15.0, 11.0, 8.0, ||,  6
702051798, 0702051798, ||, 0.0, 0.0, 13.0, 6.0, 19.0, 0.0, 57.0, 38.0, 41.0, 10.0, 37.0, 13.0, ||,  6
730017375, 0730017375, ||, 0.0, 0.0, 11.0, 35.0, 1.0, 92.0, 43.0, 43.0, 22.0, 0.0, 90.0, 41.0, ||,  6
732057083, 7320570839, ||, 0.0, 0.0, 38.0, 8.0, 0.0, 3.0, 6.0, 9.0, 3.0, 8.0, 3.0, 8.0, ||,  6
732501658, 0732501658, ||, 0.0, 0.0, 1.0, 0.0, 0.0, 0.0, 0.0, 1.0, 0.0, 0.0, 38.0, 54.0, ||,  6
42484, 0000424846, ||, 0.0, 0.0, 1.0, 0.0, 0.0, 0.0, 0.0, 0.0, 0.0, 0.0, 0.0, 0.0, ||,  6
66903, 0000669030, ||, 0.0, 0.0, 10.0, 0.0, 0.0, 0.0, 0.0, 0.0, 0.0, 5.0, 19.0, 14.0, ||,  6
376380, 0003763807, ||, 0.0, 0.0, 1.0, 0.0, 0.0, 0.0, 41.0, 10.0, 0.0, 0.0, 0.0, 1.0, ||,  6
432203, 0004322030, ||, 0.0, 0.0, 1.0, 0.0, 0.0, 0.0, 1.0, 0.0, 0.0, 0.0, 0.0, 0.0, ||,  6
515071, 0005150713, ||, 0.0, 0.0, 20.0, 31.0, 34.0, 41.0, 34.0, 35.0, 35.0, 36.0, 60.0, 53.0, ||,  6
807596000, 8074266096, ||, 0.0, 0.0, 11.0, 31.0, 4.0, 5.0, 7.0, 3.0, 5.0, 5.0, 5.0, 7.0, ||,  6
814912421, 8145441968, ||, 0.0, 0.0, 48.0, 5.0, 2.0, 0.0, 1.0, 0.0, 2.0, 0.0, 0.0, 12.0, ||,  6
682004355, 6820043555, ||, 0.0, 0.0, 22.0, 0.0, 0.0, 0.0, 0.0, 0.0, 150.0, 37.0, 10.0, 2.0, ||,  6
7138067, 0071380676, ||, 0.0, 0.0, 38.0, 48.0, 29.0, 0.0, 0.0, 0.0, 36.0, 47.0, 102.0, 95.0, ||,  6
7168774, 0071687748, ||, 0.0, 0.0, 4.0, 0.0, 0.0, 0.0, 0.0, 0.0, 8.0, 0.0, 0.0, 0.0, ||,  6
640053389, 6400533894, ||, 0.0, 0.0, 3.0, 0.0, 0.0, 0.0, 0.0, 0.0, 0.0, 0.0, 0.0, 0.0, ||,  6
695102732, 6951027325, ||, 0.0, 0.0, 75.0, 0.0, 0.0, 0.0, 0.0, 0.0, 0.0, 0.0, 0.0, 0.0, ||,  6
695121392, 6951213924, ||, 0.0, 0.0, 100.0, 100.0, 0.0, 0.0, 0.0, 0.0, 0.0, 0.0, 0.0, 100.0, ||,  6
810948666, 8107087724, ||, 0.0, 0.0, 14.0, 95.0, 93.0, 47.0, 35.0, 39.0, 39.0, 44.0, 57.0, 50.0, ||,  6
814477232, 8141320810, ||, 0.0, 0.0, 75.0, 54.0, 40.0, 0.0, 4.0, 8.0, 0.0, 0.0, 0.0, 0.0, ||,  6
782113153, 7821131539, ||, 0.0, 0.0, 3.0, 3.0, 4.0, 0.0, 0.0, 0.0, 0.0, 0.0, 1.0, 0.0, ||,  6
30863138, 0308631382, ||, 0.0, 0.0, 98.0, 0.0, 0.0, 0.0, 91.0, 0.0, 0.0, 0.0, 0.0, 0.0, ||,  6
31423509, 0314235091, ||, 0.0, 0.0, 102.0, 0.0, 0.0, 0.0, 0.0, 0.0, 0.0, 0.0, 0.0, 0.0, ||,  6
812331898, 8120189719, ||, 0.0, 0.0, 10.0, 0.0, 0.0, 0.0, 0.0, 0.0, 0.0, 0.0, 0.0, 0.0, ||,  6
30082035, 0300820357, ||, 0.0, 0.0, 42.0, 0.0, 0.0, 0.0, 9.0, 0.0, 8.0, 0.0, 12.0, 0.0, ||,  6
715058359, 7150583591, ||, 0.0, 0.0, 26.0, 0.0, 0.0, 0.0, 0.0, 0.0, 0.0, 0.0, 0.0, 0.0, ||,  6
805034707, 8049365148, ||, 0.0, 0.0, 18.0, 0.0, 0.0, 0.0, 29.0, 0.0, 0.0, 0.0, 1.0, 0.0, ||,  6
30179271, 0301792710, ||, 0.0, 0.0, 2.0, 1.0, 1.0, 0.0, 0.0, 3.0, 20.0, 10.0, 1.0, 0.0, ||,  6
814303533, 8139608193, ||, 0.0, 0.0, 5.0, 0.0, 0.0, 0.0, 4.0, 0.0, 0.0, 0.0, 0.0, 0.0, ||,  6
30392203, 0303922030, ||, 0.0, 0.0, 23.0, 0.0, 0.0, 0.0, 0.0, 0.0, 0.0, 0.0, 0.0, 0.0, ||,  6
716090020, 7160900209, ||, 0.0, 0.0, 8.0, 5.0, 7.0, 19.0, 20.0, 26.0, 21.0, 21.0, 23.0, 28.0, ||,  6
716090737, 7160907372, ||, 0.0, 0.0, 1.0, 4.0, 44.0, 22.0, 27.0, 24.0, 35.0, 34.0, 27.0, 25.0, ||,  6
716224109, 7162241092, ||, 0.0, 0.0, 10.0, 0.0, 0.0, 0.0, 0.0, 0.0, 34.0, 0.0, 42.0, 119.0, ||,  6
805506324, 8053961385, ||, 0.0, 0.0, 3.0, 0.0, 0.0, 0.0, 3.0, 0.0, 0.0, 0.0, 0.0, 0.0, ||,  6
670166323, 6701663230, ||, 0.0, 0.0, 1.0, 0.0, 0.0, 0.0, 0.0, 0.0, 4.0, 2.0, 2.0, 11.0, ||,  6
670217821, 6702178216, ||, 0.0, 0.0, 24.0, 0.0, 1.0, 0.0, 2.0, 0.0, 0.0, 0.0, 0.0, 0.0, ||,  6
670235727, 6702357275, ||, 0.0, 0.0, 80.0, 152.0, 0.0, 0.0, 7.0, 0.0, 0.0, 0.0, 0.0, 0.0, ||,  6
703002024, 7030020246, ||, 0.0, 0.0, 90.0, 0.0, 0.0, 0.0, 3.0, 0.0, 0.0, 0.0, 3.0, 0.0, ||,  6
703016838, 7030168380, ||, 0.0, 0.0, 18.0, 53.0, 38.0, 19.0, 14.0, 22.0, 25.0, 17.0, 33.0, 48.0, ||,  6
717064446, 7170644469, ||, 0.0, 0.0, 2.0, 0.0, 37.0, 10.0, 0.0, 0.0, 0.0, 0.0, 4.0, 0.0, ||,  6
717124143, 7171241430, ||, 0.0, 0.0, 28.0, 1.0, 3.0, 4.0, 4.0, 2.0, 3.0, 1.0, 1.0, 0.0, ||,  6
--------------------------------------
	簇ID:	 计数
	7:	 9

	样本数据

27226811, 0272268115, ||, 0.0, 0.0, 1099.0, 123.0, 500.0, 422.0, 122.0, 188.0, 135.0, 143.0, 211.0, 90.0, ||,  7
7019038, 0070190380, ||, 0.0, 0.0, 493.0, 175.0, 244.0, 244.0, 223.0, 203.0, 207.0, 226.0, 160.0, 180.0, ||,  7
11050729, 0110507299, ||, 0.0, 0.0, 685.0, 459.0, 313.0, 121.0, 176.0, 133.0, 98.0, 67.0, 90.0, 0.0, ||,  7
808675357, 8084764232, ||, 0.0, 0.0, 444.0, 188.0, 98.0, 130.0, 105.0, 139.0, 165.0, 128.0, 75.0, 216.0, ||,  7
761016908, 0761016908, ||, 0.0, 0.0, 830.0, 454.0, 604.0, 174.0, 174.0, 148.0, 107.0, 117.0, 314.0, 0.0, ||,  7
814567982, 8142183575, ||, 0.0, 0.0, 553.0, 261.0, 358.0, 249.0, 186.0, 166.0, 185.0, 183.0, 239.0, 230.0, ||,  7
811587813, 8113185414, ||, 0.0, 0.0, 490.0, 649.0, 116.0, 104.0, 90.0, 127.0, 125.0, 112.0, 116.0, 132.0, ||,  7
751045895, 7510458954, ||, 0.0, 0.0, 694.0, 446.0, 160.0, 93.0, 102.0, 130.0, 105.0, 96.0, 202.0, 149.0, ||,  7
814667677, 8143124036, ||, 0.0, 0.0, 421.0, 289.0, 242.0, 127.0, 116.0, 80.0, 68.0, 50.0, 78.0, 75.0, ||,  7
--------------------------------------
	簇ID:	 计数
	8:	 3

	样本数据

786013066, 7860130667, ||, 0.0, 0.0, 3.0, 1131.0, 967.0, 101.0, 0.0, 2024.0, 202.0, 0.0, 0.0, 0.0, ||,  8
696087175, 6960871751, ||, 0.0, 0.0, 108.0, 322.0, 561.0, 726.0, 570.0, 652.0, 756.0, 633.0, 886.0, 873.0, ||,  8
706029918, 0706029918, ||, 0.0, 0.0, 498.0, 993.0, 403.0, 217.0, 190.0, 279.0, 406.0, 257.0, 456.0, 982.0, ||,  8
--------------------------------------
	簇ID:	 计数
	9:	 20

	样本数据

26099121, 0260991214, ||, 0.0, 0.0, 317.0, 0.0, 0.0, 0.0, 0.0, 0.0, 493.0, 0.0, 787.0, 0.0, ||,  9
812798755, 8124791327, ||, 0.0, 0.0, 310.0, 0.0, 258.0, 0.0, 252.0, 0.0, 80.0, 0.0, 214.0, 0.0, ||,  9
26193445, 0261934452, ||, 0.0, 0.0, 598.0, 0.0, 442.0, 0.0, 262.0, 0.0, 324.0, 0.0, 227.0, 0.0, ||,  9
26759623, 0267596230, ||, 0.0, 0.0, 302.0, 0.0, 289.0, 0.0, 195.0, 0.0, 239.0, 0.0, 166.0, 0.0, ||,  9
814516688, 8141700663, ||, 0.0, 0.0, 476.0, 0.0, 459.0, 0.0, 342.0, 0.0, 376.0, 0.0, 387.0, 0.0, ||,  9
814518081, 8141714594, ||, 0.0, 0.0, 239.0, 0.0, 376.0, 0.0, 248.0, 0.0, 269.0, 0.0, 360.0, 0.0, ||,  9
811605244, 8113339013, ||, 0.0, 0.0, 535.0, 0.0, 534.0, 0.0, 322.0, 0.0, 297.0, 0.0, 330.0, 0.0, ||,  9
812278464, 8119694080, ||, 0.0, 0.0, 486.0, 0.0, 245.0, 0.0, 217.0, 0.0, 52.0, 0.0, 404.0, 0.0, ||,  9
785520176, 7855201763, ||, 0.0, 0.0, 219.0, 0.0, 414.0, 0.0, 642.0, 0.0, 404.0, 0.0, 1.0, 0.0, ||,  9
30919194, 0309191948, ||, 0.0, 0.0, 422.0, 0.0, 221.0, 0.0, 249.0, 0.0, 413.0, 0.0, 251.0, 0.0, ||,  9
30919198, 0309191980, ||, 0.0, 0.0, 486.0, 0.0, 370.0, 0.0, 358.0, 0.0, 220.0, 0.0, 400.0, 0.0, ||,  9
30978018, 0309780186, ||, 0.0, 0.0, 285.0, 0.0, 294.0, 0.0, 301.0, 0.0, 240.0, 0.0, 274.0, 0.0, ||,  9
31033972, 0310339728, ||, 0.0, 0.0, 315.0, 0.0, 321.0, 0.0, 183.0, 0.0, 270.0, 0.0, 266.0, 0.0, ||,  9
814583057, 8142334120, ||, 0.0, 0.0, 400.0, 0.0, 281.0, 0.0, 360.0, 0.0, 393.0, 0.0, 297.0, 0.0, ||,  9
814583426, 8142337738, ||, 0.0, 0.0, 457.0, 0.0, 510.0, 0.0, 412.0, 0.0, 293.0, 0.0, 109.0, 0.0, ||,  9
30105215, 0301052151, ||, 0.0, 0.0, 483.0, 0.0, 346.0, 0.0, 295.0, 0.0, 319.0, 0.0, 319.0, 0.0, ||,  9
30045338, 0300453386, ||, 0.0, 0.0, 553.0, 0.0, 339.0, 0.0, 308.0, 0.0, 346.0, 0.0, 316.0, 0.0, ||,  9
30121425, 0301214250, ||, 0.0, 0.0, 521.0, 0.0, 412.0, 0.0, 200.0, 0.0, 212.0, 0.0, 226.0, 0.0, ||,  9
30121122, 0301211222, ||, 0.0, 0.0, 428.0, 0.0, 308.0, 0.0, 211.0, 0.0, 219.0, 0.0, 119.0, 0.0, ||,  9
807596329, 8074269271, ||, 0.0, 0.0, 451.0, 0.0, 376.0, 0.0, 255.0, 0.0, 248.0, 0.0, 274.0, 0.0, ||,  9
--------------------------------------
	簇ID:	 计数
	10:	 1

	样本数据

756001764, 7560017644, ||, 0.0, 0.0, 7968.0, 7170.0, 2460.0, 1337.0, 1054.0, 1512.0, 1265.0, 1578.0, 1614.0, 2381.0, ||,  10
--------------------------------------
	簇ID:	 计数
	11:	 9

	样本数据

27222464, 0272224643, ||, 0.0, 0.0, 637.0, 0.0, 0.0, 0.0, 0.0, 460.0, 247.0, 102.0, 93.0, 0.0, ||,  11
805046342, 8049480308, ||, 0.0, 0.0, 640.0, 0.0, 0.0, 0.0, 0.0, 0.0, 0.0, 0.0, 0.0, 0.0, ||,  11
812256314, 8119498305, ||, 0.0, 0.0, 612.0, 0.0, 166.0, 0.0, 20.0, 0.0, 342.0, 0.0, 165.0, 0.0, ||,  11
812783010, 8124636323, ||, 0.0, 0.0, 659.0, 105.0, 124.0, 98.0, 93.0, 92.0, 81.0, 79.0, 69.0, 92.0, ||,  11
30081827, 0300818275, ||, 0.0, 0.0, 565.0, 0.0, 0.0, 0.0, 0.0, 0.0, 0.0, 0.0, 264.0, 0.0, ||,  11
706022411, 0706022411, ||, 0.0, 0.0, 1179.0, 0.0, 0.0, 0.0, 0.0, 0.0, 45.0, 19.0, 23.0, 11.0, ||,  11
814578466, 8142285402, ||, 0.0, 0.0, 728.0, 182.0, 155.0, 151.0, 119.0, 139.0, 147.0, 50.0, 38.0, 48.0, ||,  11
23082079, 0230820791, ||, 0.0, 0.0, 640.0, 54.0, 69.0, 94.0, 104.0, 87.0, 98.0, 106.0, 89.0, 74.0, ||,  11
810670761, 8104377859, ||, 0.0, 0.0, 842.0, 130.0, 0.0, 175.0, 118.0, 133.0, 34.0, 100.0, 109.0, 482.0, ||,  11
--------------------------------------
	簇ID:	 计数
	12:	 51

	样本数据

25715704, 0257157045, ||, 0.0, 0.0, 10.0, 0.0, 135.0, 134.0, 167.0, 235.0, 131.0, 93.0, 24.0, 71.0, ||,  12
670041384, 6700413847, ||, 0.0, 0.0, 4.0, 3.0, 2.0, 103.0, 147.0, 107.0, 101.0, 566.0, 211.0, 173.0, ||,  12
30601000, 0306010000, ||, 0.0, 0.0, 23.0, 0.0, 0.0, 4.0, 0.0, 6.0, 64.0, 15.0, 373.0, 156.0, ||,  12
771117285, 0771117285, ||, 0.0, 0.0, 107.0, 0.0, 60.0, 50.0, 75.0, 100.0, 60.0, 78.0, 24.0, 50.0, ||,  12
800013990, 8000134291, ||, 0.0, 0.0, 159.0, 173.0, 138.0, 54.0, 66.0, 63.0, 54.0, 52.0, 71.0, 36.0, ||,  12
25424392, 0254243925, ||, 0.0, 0.0, 171.0, 53.0, 0.0, 180.0, 73.0, 89.0, 0.0, 174.0, 61.0, 52.0, ||,  12
27013481, 0270134812, ||, 0.0, 0.0, 12.0, 34.0, 31.0, 70.0, 63.0, 72.0, 79.0, 39.0, 78.0, 74.0, ||,  12
27127467, 0271274676, ||, 0.0, 0.0, 79.0, 45.0, 44.0, 38.0, 38.0, 90.0, 90.0, 63.0, 74.0, 78.0, ||,  12
701300485, 7013004852, ||, 0.0, 0.0, 64.0, 82.0, 111.0, 94.0, 77.0, 94.0, 71.0, 49.0, 81.0, 2.0, ||,  12
2382964, 0023829640, ||, 0.0, 0.0, 16.0, 59.0, 118.0, 56.0, 100.0, 116.0, 105.0, 60.0, 83.0, 0.0, ||,  12
690199948, 6901999489, ||, 0.0, 0.0, 51.0, 278.0, 98.0, 104.0, 85.0, 143.0, 215.0, 0.0, 0.0, 17.0, ||,  12
691079812, 6910798121, ||, 0.0, 0.0, 95.0, 48.0, 58.0, 41.0, 80.0, 155.0, 155.0, 155.0, 0.0, 60.0, ||,  12
814738016, 8143805230, ||, 0.0, 0.0, 173.0, 15.0, 13.0, 32.0, 11.0, 85.0, 196.0, 88.0, 155.0, 109.0, ||,  12
702064054, 0702064054, ||, 0.0, 0.0, 235.0, 349.0, 77.0, 175.0, 88.0, 132.0, 170.0, 171.0, 52.0, 156.0, ||,  12
702097371, 0702097371, ||, 0.0, 0.0, 200.0, 200.0, 0.0, 0.0, 0.0, 100.0, 200.0, 235.0, 199.0, 245.0, ||,  12
702167518, 0702167518, ||, 0.0, 0.0, 72.0, 51.0, 50.0, 2.0, 55.0, 130.0, 100.0, 34.0, 30.0, 58.0, ||,  12
730055069, 0730055069, ||, 0.0, 0.0, 132.0, 76.0, 63.0, 73.0, 70.0, 85.0, 68.0, 82.0, 69.0, 61.0, ||,  12
340214, 0003402144, ||, 0.0, 0.0, 113.0, 362.0, 77.0, 57.0, 21.0, 87.0, 92.0, 76.0, 61.0, 70.0, ||,  12
378140, 0003781409, ||, 0.0, 0.0, 8.0, 58.0, 58.0, 57.0, 41.0, 73.0, 62.0, 55.0, 65.0, 73.0, ||,  12
705032633, 7050326337, ||, 0.0, 0.0, 80.0, 28.0, 47.0, 50.0, 47.0, 51.0, 67.0, 44.0, 94.0, 72.0, ||,  12
808259036, 8080652140, ||, 0.0, 0.0, 83.0, 123.0, 122.0, 115.0, 137.0, 134.0, 123.0, 143.0, 74.0, 124.0, ||,  12
814559421, 8142110319, ||, 0.0, 0.0, 32.0, 5.0, 14.0, 32.0, 53.0, 28.0, 91.0, 127.0, 195.0, 159.0, ||,  12
7071585, 0070715851, ||, 0.0, 0.0, 89.0, 0.0, 30.0, 14.0, 0.0, 57.0, 9.0, 6.0, 201.0, 316.0, ||,  12
804201854, 8041237528, ||, 0.0, 0.0, 43.0, 101.0, 159.0, 141.0, 99.0, 81.0, 94.0, 95.0, 174.0, 91.0, ||,  12
695062952, 6950629520, ||, 0.0, 0.0, 38.0, 1.0, 0.0, 3.0, 0.0, 92.0, 101.0, 82.0, 83.0, 93.0, ||,  12
696019975, 6960199756, ||, 0.0, 0.0, 6.0, 6.0, 3.0, 28.0, 96.0, 133.0, 139.0, 86.0, 86.0, 42.0, ||,  12
782039719, 7820397192, ||, 0.0, 0.0, 20.0, 20.0, 20.0, 20.0, 20.0, 20.0, 100.0, 100.0, 100.0, 165.0, ||,  12
715041868, 7150418684, ||, 0.0, 0.0, 9.0, 25.0, 57.0, 113.0, 142.0, 171.0, 165.0, 110.0, 99.0, 61.0, ||,  12
670261001, 6702610019, ||, 0.0, 0.0, 43.0, 54.0, 43.0, 0.0, 168.0, 112.0, 114.0, 97.0, 88.0, 47.0, ||,  12
716095448, 7160954482, ||, 0.0, 0.0, 128.0, 97.0, 125.0, 104.0, 122.0, 122.0, 114.0, 87.0, 123.0, 102.0, ||,  12
806673056, 8065445011, ||, 0.0, 0.0, 18.0, 106.0, 121.0, 121.0, 111.0, 211.0, 151.0, 111.0, 121.0, 121.0, ||,  12
703104359, 7031043596, ||, 0.0, 0.0, 187.0, 86.0, 84.0, 55.0, 79.0, 71.0, 56.0, 63.0, 60.0, 62.0, ||,  12
706022011, 0706022011, ||, 0.0, 0.0, 126.0, 35.0, 49.0, 49.0, 141.0, 129.0, 123.0, 112.0, 65.0, 38.0, ||,  12
706013458, 0706013458, ||, 0.0, 0.0, 100.0, 151.0, 150.0, 90.0, 100.0, 75.0, 0.0, 135.0, 204.0, 96.0, ||,  12
771080024, 0771080024, ||, 0.0, 0.0, 102.0, 100.0, 215.0, 165.0, 42.0, 30.0, 112.0, 81.0, 65.0, 76.0, ||,  12
814311698, 8139688511, ||, 0.0, 0.0, 246.0, 126.0, 77.0, 129.0, 142.0, 142.0, 131.0, 154.0, 267.0, 117.0, ||,  12
5035904, 0050359048, ||, 0.0, 0.0, 190.0, 42.0, 40.0, 8.0, 10.0, 0.0, 0.0, 0.0, 0.0, 450.0, ||,  12
5433108, 0054331088, ||, 0.0, 0.0, 286.0, 296.0, 220.0, 131.0, 94.0, 108.0, 99.0, 104.0, 152.0, 173.0, ||,  12
5444583, 0054445837, ||, 0.0, 0.0, 164.0, 73.0, 61.0, 0.0, 166.0, 147.0, 97.0, 83.0, 69.0, 67.0, ||,  12
812983114, 8126531864, ||, 0.0, 0.0, 164.0, 76.0, 143.0, 118.0, 109.0, 92.0, 93.0, 85.0, 94.0, 93.0, ||,  12
9050361, 0090503610, ||, 0.0, 0.0, 5.0, 0.0, 13.0, 4.0, 33.0, 98.0, 143.0, 162.0, 200.0, 208.0, ||,  12
9167151, 0091671514, ||, 0.0, 0.0, 168.0, 84.0, 126.0, 53.0, 68.0, 63.0, 69.0, 76.0, 0.0, 246.0, ||,  12
9224554, 0092245541, ||, 0.0, 0.0, 111.0, 167.0, 136.0, 121.0, 117.0, 134.0, 152.0, 92.0, 179.0, 217.0, ||,  12
814781260, 8144217038, ||, 0.0, 0.0, 40.0, 36.0, 2.0, 3.0, 4.0, 99.0, 113.0, 183.0, 197.0, 189.0, ||,  12
807935523, 8077518682, ||, 0.0, 0.0, 4.0, 22.0, 10.0, 14.0, 79.0, 155.0, 148.0, 124.0, 238.0, 233.0, ||,  12
698044494, 6980444940, ||, 0.0, 0.0, 173.0, 77.0, 138.0, 106.0, 111.0, 96.0, 115.0, 99.0, 92.0, 175.0, ||,  12
808296755, 8081002382, ||, 0.0, 0.0, 1.0, 0.0, 0.0, 9.0, 112.0, 125.0, 142.0, 156.0, 145.0, 127.0, ||,  12
814100199, 8137593046, ||, 0.0, 0.0, 149.0, 70.0, 70.0, 74.0, 78.0, 39.0, 73.0, 83.0, 68.0, 63.0, ||,  12
711002493, 0711002493, ||, 0.0, 0.0, 4.0, 0.0, 0.0, 19.0, 25.0, 103.0, 56.0, 109.0, 90.0, 65.0, ||,  12
752006918, 7520069180, ||, 0.0, 0.0, 15.0, 67.0, 63.0, 60.0, 64.0, 71.0, 54.0, 35.0, 88.0, 52.0, ||,  12
773035060, 0773035060, ||, 0.0, 0.0, 59.0, 1.0, 0.0, 42.0, 0.0, 41.0, 27.0, 34.0, 0.0, 439.0, ||,  12
--------------------------------------
	簇ID:	 计数
	13:	 1

	样本数据

21145130, 0211451309, ||, 0.0, 0.0, 1181.0, 173.0, 1166.0, 662.0, 1055.0, 1842.0, 1399.0, 201.0, 199.0, 230.0, ||,  13
--------------------------------------
	簇ID:	 计数
	14:	 4

	样本数据

25566403, 0255664037, ||, 0.0, 0.0, 1232.0, 0.0, 646.0, 0.0, 503.0, 0.0, 504.0, 0.0, 508.0, 0.0, ||,  14
27039866, 0270398669, ||, 0.0, 0.0, 1536.0, 0.0, 790.0, 0.0, 662.0, 0.0, 998.0, 0.0, 609.0, 0.0, ||,  14
30920458, 0309204589, ||, 0.0, 0.0, 915.0, 0.0, 597.0, 0.0, 0.0, 0.0, 1349.0, 0.0, 627.0, 0.0, ||,  14
30072752, 0300727528, ||, 0.0, 0.0, 1033.0, 0.0, 443.0, 0.0, 436.0, 0.0, 607.0, 0.0, 602.0, 0.0, ||,  14
--------------------------------------
	簇ID:	 计数
	15:	 30

	样本数据

27182641, 0271826415, ||, 0.0, 0.0, 329.0, 119.0, 144.0, 84.0, 81.0, 101.0, 98.0, 85.0, 79.0, 0.0, ||,  15
732059753, 7320597539, ||, 0.0, 0.0, 214.0, 110.0, 108.0, 123.0, 0.0, 0.0, 322.0, 109.0, 111.0, 124.0, ||,  15
25841077, 0258410776, ||, 0.0, 0.0, 169.0, 0.0, 294.0, 0.0, 258.0, 0.0, 157.0, 0.0, 236.0, 0.0, ||,  15
802508301, 8024833651, ||, 0.0, 0.0, 27.0, 0.0, 9.0, 0.0, 21.0, 0.0, 429.0, 0.0, 5.0, 0.0, ||,  15
812798420, 8124787975, ||, 0.0, 0.0, 242.0, 0.0, 200.0, 0.0, 215.0, 0.0, 184.0, 0.0, 201.0, 0.0, ||,  15
26201438, 0262014382, ||, 0.0, 0.0, 408.0, 0.0, 198.0, 0.0, 0.0, 0.0, 259.0, 0.0, 0.0, 0.0, ||,  15
812965855, 8126361874, ||, 0.0, 0.0, 274.0, 0.0, 126.0, 0.0, 0.0, 0.0, 285.0, 0.0, 129.0, 0.0, ||,  15
26882882, 0268828822, ||, 0.0, 0.0, 61.0, 0.0, 0.0, 0.0, 0.0, 0.0, 300.0, 0.0, 109.0, 0.0, ||,  15
814516785, 8141701637, ||, 0.0, 0.0, 198.0, 0.0, 266.0, 0.0, 161.0, 0.0, 207.0, 0.0, 95.0, 0.0, ||,  15
26983931, 0269839319, ||, 0.0, 0.0, 237.0, 0.0, 132.0, 0.0, 70.0, 0.0, 119.0, 0.0, 131.0, 0.0, ||,  15
812279377, 8119703212, ||, 0.0, 0.0, 345.0, 0.0, 132.0, 0.0, 99.0, 0.0, 523.0, 0.0, 101.0, 0.0, ||,  15
748168962, 7481689625, ||, 0.0, 0.0, 104.0, 0.0, 153.0, 0.0, 141.0, 0.0, 92.0, 0.0, 115.0, 0.0, ||,  15
690101762, 6901017622, ||, 0.0, 0.0, 247.0, 126.0, 75.0, 87.0, 10.0, 11.0, 149.0, 80.0, 117.0, 124.0, ||,  15
640042926, 6400429263, ||, 0.0, 0.0, 200.0, 144.0, 0.0, 135.0, 122.0, 3.0, 300.0, 0.0, 0.0, 0.0, ||,  15
811258202, 8110101192, ||, 0.0, 0.0, 286.0, 0.0, 96.0, 0.0, 156.0, 0.0, 193.0, 0.0, 142.0, 0.0, ||,  15
812239198, 8119330243, ||, 0.0, 0.0, 116.0, 0.0, 0.0, 0.0, 49.0, 0.0, 289.0, 0.0, 225.0, 0.0, ||,  15
30913491, 0309134912, ||, 0.0, 0.0, 153.0, 0.0, 160.0, 0.0, 131.0, 0.0, 146.0, 0.0, 0.0, 0.0, ||,  15
31151971, 0311519710, ||, 0.0, 0.0, 223.0, 0.0, 121.0, 0.0, 135.0, 0.0, 187.0, 0.0, 192.0, 0.0, ||,  15
30107851, 0301078513, ||, 0.0, 0.0, 310.0, 0.0, 246.0, 0.0, 113.0, 0.0, 113.0, 0.0, 81.0, 0.0, ||,  15
30105515, 0301055150, ||, 0.0, 0.0, 295.0, 0.0, 181.0, 0.0, 165.0, 0.0, 157.0, 0.0, 145.0, 0.0, ||,  15
30081735, 0300817357, ||, 0.0, 0.0, 457.0, 0.0, 164.0, 0.0, 155.0, 0.0, 130.0, 0.0, 117.0, 0.0, ||,  15
30079606, 0300796069, ||, 0.0, 0.0, 104.0, 0.0, 105.0, 0.0, 211.0, 0.0, 140.0, 0.0, 152.0, 0.0, ||,  15
30078435, 0300784352, ||, 0.0, 0.0, 255.0, 0.0, 154.0, 0.0, 48.0, 0.0, 166.0, 0.0, 2.0, 0.0, ||,  15
812851739, 8125318039, ||, 0.0, 0.0, 39.0, 0.0, 126.0, 0.0, 180.0, 0.0, 172.0, 0.0, 132.0, 0.0, ||,  15
814913655, 8145453529, ||, 0.0, 0.0, 93.0, 0.0, 139.0, 0.0, 142.0, 0.0, 152.0, 0.0, 148.0, 0.0, ||,  15
771123868, 0771123868, ||, 0.0, 0.0, 100.0, 60.0, 397.0, 50.0, 50.0, 83.0, 17.0, 0.0, 201.0, 50.0, ||,  15
814382199, 8140389968, ||, 0.0, 0.0, 351.0, 141.0, 173.0, 138.0, 134.0, 80.0, 15.0, 34.0, 37.0, 36.0, ||,  15
814741089, 8143835783, ||, 0.0, 0.0, 406.0, 156.0, 155.0, 128.0, 71.0, 60.0, 70.0, 85.0, 90.0, 113.0, ||,  15
812654782, 8123382557, ||, 0.0, 0.0, 334.0, 87.0, 286.0, 153.0, 98.0, 97.0, 115.0, 83.0, 123.0, 109.0, ||,  15
758093652, 0758093652, ||, 0.0, 0.0, 300.0, 200.0, 100.0, 100.0, 90.0, 110.0, 91.0, 0.0, 0.0, 0.0, ||,  15
--------------------------------------
	簇ID:	 计数
	16:	 13

	样本数据

30188736, 0301887368, ||, 0.0, 0.0, 740.0, 0.0, 0.0, 0.0, 700.0, 380.0, 280.0, 0.0, 450.0, 490.0, ||,  16
9276668, 0092766684, ||, 0.0, 0.0, 1122.0, 500.0, 0.0, 458.0, 617.0, 0.0, 683.0, 389.0, 445.0, 322.0, ||,  16
26200834, 0262008341, ||, 0.0, 0.0, 770.0, 0.0, 328.0, 0.0, 339.0, 0.0, 269.0, 0.0, 333.0, 0.0, ||,  16
27191680, 0271916808, ||, 0.0, 0.0, 1120.0, 0.0, 297.0, 0.0, 1061.0, 0.0, 304.0, 0.0, 494.0, 0.0, ||,  16
812279834, 8119707780, ||, 0.0, 0.0, 633.0, 0.0, 167.0, 0.0, 430.0, 0.0, 585.0, 0.0, 645.0, 0.0, ||,  16
27056051, 0270560512, ||, 0.0, 0.0, 753.0, 0.0, 367.0, 0.0, 344.0, 0.0, 352.0, 0.0, 240.0, 0.0, ||,  16
804357523, 8042731669, ||, 0.0, 0.0, 557.0, 0.0, 524.0, 0.0, 550.0, 0.0, 357.0, 0.0, 280.0, 0.0, ||,  16
31067802, 0310678021, ||, 0.0, 0.0, 509.0, 0.0, 977.0, 0.0, 610.0, 0.0, 272.0, 0.0, 212.0, 0.0, ||,  16
811885662, 8115934483, ||, 0.0, 0.0, 846.0, 0.0, 0.0, 0.0, 620.0, 0.0, 329.0, 0.0, 308.0, 0.0, ||,  16
30080983, 0300809831, ||, 0.0, 0.0, 852.0, 0.0, 824.0, 0.0, 608.0, 0.0, 519.0, 0.0, 599.0, 0.0, ||,  16
30043831, 0300438318, ||, 0.0, 0.0, 745.0, 0.0, 528.0, 0.0, 450.0, 0.0, 428.0, 0.0, 301.0, 0.0, ||,  16
30020878, 0300208784, ||, 0.0, 0.0, 596.0, 0.0, 413.0, 0.0, 383.0, 0.0, 425.0, 0.0, 351.0, 0.0, ||,  16
30194318, 0301943189, ||, 0.0, 0.0, 9.0, 0.0, 815.0, 0.0, 737.0, 0.0, 696.0, 0.0, 647.0, 0.0, ||,  16
--------------------------------------
	簇ID:	 计数
	17:	 2

	样本数据

2617204, 0026172040, ||, 0.0, 0.0, 2272.0, 60.0, 45.0, 0.0, 129.0, 9.0, 3.0, 9.0, 143.0, 75.0, ||,  17
809676493, 8094614729, ||, 0.0, 0.0, 2204.0, 331.0, 375.0, 197.0, 212.0, 133.0, 149.0, 157.0, 261.0, 280.0, ||,  17
--------------------------------------
	簇ID:	 计数
	18:	 3

	样本数据

2724644, 0027246447, ||, 0.0, 0.0, 1124.0, 1388.0, 596.0, 325.0, 58.0, 59.0, 57.0, 12.0, 1.0, 44.0, ||,  18
734125450, 0734125450, ||, 0.0, 0.0, 734.0, 980.0, 0.0, 0.0, 0.0, 0.0, 0.0, 0.0, 0.0, 0.0, ||,  18
27228588, 0272285886, ||, 0.0, 0.0, 211.0, 1212.0, 0.0, 0.0, 0.0, 379.0, 0.0, 0.0, 178.0, 0.0, ||,  18
--------------------------------------
	簇ID:	 计数
	19:	 13

	样本数据

25399630, 0253996307, ||, 0.0, 0.0, 131.0, 482.0, 71.0, 263.0, 291.0, 401.0, 399.0, 287.0, 292.0, 321.0, ||,  19
801834266, 8018176654, ||, 0.0, 0.0, 96.0, 0.0, 0.0, 0.0, 0.0, 0.0, 0.0, 381.0, 656.0, 697.0, ||,  19
806944418, 8067971699, ||, 0.0, 0.0, 28.0, 292.0, 486.0, 0.0, 201.0, 0.0, 153.0, 209.0, 0.0, 469.0, ||,  19
811826298, 8115457896, ||, 0.0, 0.0, 185.0, 390.0, 548.0, 639.0, 587.0, 0.0, 0.0, 200.0, 171.0, 295.0, ||,  19
703132994, 7031329940, ||, 0.0, 0.0, 300.0, 300.0, 0.0, 625.0, 120.0, 55.0, 353.0, 94.0, 102.0, 118.0, ||,  19
27217872, 0272178722, ||, 0.0, 0.0, 301.0, 88.0, 456.0, 229.0, 0.0, 236.0, 57.0, 228.0, 170.0, 183.0, ||,  19
808018100, 8078313073, ||, 0.0, 0.0, 287.0, 158.0, 219.0, 204.0, 253.0, 286.0, 251.0, 270.0, 277.0, 214.0, ||,  19
2299112, 0022991124, ||, 0.0, 0.0, 72.0, 0.0, 95.0, 104.0, 0.0, 0.0, 66.0, 55.0, 113.0, 663.0, ||,  19
15301095, 0153010954, ||, 0.0, 0.0, 12.0, 401.0, 513.0, 173.0, 174.0, 280.0, 225.0, 219.0, 317.0, 249.0, ||,  19
696030301, 6960303016, ||, 0.0, 0.0, 56.0, 143.0, 190.0, 312.0, 0.0, 67.0, 87.0, 444.0, 544.0, 918.0, ||,  19
19653699, 0196536996, ||, 0.0, 0.0, 32.0, 155.0, 283.0, 184.0, 131.0, 579.0, 69.0, 218.0, 83.0, 438.0, ||,  19
812702290, 8123867395, ||, 0.0, 0.0, 67.0, 120.0, 0.0, 478.0, 203.0, 183.0, 182.0, 236.0, 247.0, 457.0, ||,  19
814639646, 8142845682, ||, 0.0, 0.0, 161.0, 0.0, 610.0, 174.0, 145.0, 176.0, 185.0, 191.0, 212.0, 184.0, ||,  19
=====================================================================================