
======================================================================================
----------------------------------------------------------------------------
	簇个数:	 20
--------------------------------------
	簇ID:	 计数

	0:	 5070527
	1:	 1
	2:	 1
	3:	 8
	4:	 9
	5:	 1
	6:	 7
	7:	 526
	8:	 48
	9:	 9
	10:	 18
	11:	 1
	12:	 6
	13:	 2
	14:	 6
	15:	 3
	16:	 3
	17:	 1
	18:	 4
	19:	 39
--------------------------------------
	 簇中心 

0,5070527,||,0.0,0.0,0.0,19.646314800476322,20.37782174867065,38.84347186071031,32.59865761461434,40.029702046691014,43.87075818169555,42.8574706056137,45.058706138179744,55.82793146115413
1,1,||,0.0,0.0,0.0,0.0,0.0,0.0,0.0,0.0,0.0,0.0,0.0,7.0252686E7
2,1,||,0.0,0.0,0.0,0.0,0.0,0.0,3.33E7,2.44E7,3.12E7,2.81E7,3.18E7,3.12E7
3,8,||,0.0,0.0,0.0,0.0,0.0,421305.0,1075087.5,1324987.5,1446207.5,1329002.5,1007150.0,1266570.0
4,9,||,0.0,0.0,0.0,0.0,0.0,0.0,0.0,58672.0,1038849.3333333334,1428633.7777777778,1916216.3333333333,1713747.5555555555
5,1,||,0.0,0.0,0.0,5640000.0,6320000.0,5020000.0,7740000.0,6360000.0,7060000.0,5075800.0,4990400.0,0.0
6,7,||,0.0,0.0,0.0,214708.57142857142,955758.2857142857,1163122.857142857,622939.4285714285,639941.1428571428,70498.0,237370.0,346442.0,107860.0
7,526,||,0.0,0.0,0.0,33521.33586337761,62606.43074003795,84431.28273244781,80251.39468690702,98089.80265654648,105751.06072106262,107122.3339658444,107002.94876660341,88152.16129032258
8,48,||,0.0,0.0,0.0,4376.625,7285.0,5695.958333333333,10875.5,30407.666666666668,60672.333333333336,279080.5416666667,399333.2708333333,750212.375
9,9,||,0.0,0.0,0.0,1369459.111111111,2165804.4444444445,1909061.3333333333,1883859.5555555555,1804700.888888889,1982777.7777777778,1448029.7777777778,546688.8888888889,0.0
10,18,||,0.0,0.0,0.0,398065.44444444444,1002313.0,1179024.3333333333,1051410.7777777778,1068345.2222222222,1280204.8333333333,960631.0555555555,554350.6111111111,475326.6111111111
11,1,||,0.0,0.0,0.0,1332000.0,2400000.0,5400000.0,4800000.0,3960000.0,3360000.0,3720000.0,3480000.0,3432000.0
12,6,||,0.0,0.0,0.0,10320.0,131575.0,163345.0,1283745.0,2056538.3333333333,2542951.6666666665,2270558.3333333335,1998671.6666666667,1589081.6666666667
13,2,||,0.0,0.0,0.0,2517284.0,4013088.0,3145758.0,3905450.0,3120836.0,3410544.0,3357392.0,1634100.0,0.0
14,6,||,0.0,0.0,0.0,311690.6666666667,1419500.0,1727396.6666666667,2662373.3333333335,2326340.0,2158553.3333333335,1992300.0,1998126.6666666667,1413613.3333333333
15,3,||,0.0,0.0,0.0,1143086.6666666667,1890713.3333333333,1982746.6666666667,2131873.3333333335,1941840.0,2222046.6666666665,2057680.0,2061906.6666666667,2253686.6666666665
16,3,||,0.0,0.0,0.0,0.0,0.0,1121653.3333333333,1959749.3333333333,2397117.3333333335,2180786.6666666665,1898266.6666666667,866314.6666666666,75760.0
17,1,||,0.0,0.0,0.0,784680.0,1102200.0,0.0,1033120.0,1953120.0,1860000.0,2148000.0,226080.0,1705440.0
18,4,||,0.0,0.0,0.0,0.0,0.0,118030.0,710390.0,2391660.0,165735.0,429925.0,449325.0,369125.0
19,39,||,0.0,0.0,0.0,76579.2564102564,177341.5128205128,326124.641025641,471503.58974358975,520045.358974359,700108.3076923077,471835.9743589744,442085.7948717949,363108.07692307694
----------------------------------------------------------------------------
	 打印每个簇及其样本信息 

----------------------------------------------------------------------------
	 簇及其样本 

--------------------------------------
	簇ID:	 计数
	0:	 5070527

	样本数据

24, 0000000244, ||, 0.0, 0.0, 0.0, 0.0, 0.0, 0.0, 0.0, 0.0, 0.0, 0.0, 0.0, 0.0, ||,  0
142, 0000001423, ||, 0.0, 0.0, 0.0, 0.0, 71.0, 67.0, 77.0, 87.0, 85.0, 57.0, 87.0, 88.0, ||,  0
215, 0000002152, ||, 0.0, 0.0, 0.0, 0.0, 0.0, 0.0, 0.0, 0.0, 0.0, 0.0, 0.0, 0.0, ||,  0
499, 0000004998, ||, 0.0, 0.0, 0.0, 0.0, 0.0, 0.0, 23.0, 120.0, 158.0, 176.0, 205.0, 181.0, ||,  0
567, 0000005672, ||, 0.0, 0.0, 0.0, 0.0, 0.0, 0.0, 0.0, 0.0, 0.0, 0.0, 0.0, 0.0, ||,  0
586, 0000005861, ||, 0.0, 0.0, 0.0, 0.0, 3.0, 3.0, 56.0, 114.0, 85.0, 94.0, 92.0, 85.0, ||,  0
630, 0000006301, ||, 0.0, 0.0, 0.0, 0.0, 0.0, 0.0, 0.0, 0.0, 0.0, 0.0, 0.0, 0.0, ||,  0
760, 0000007607, ||, 0.0, 0.0, 0.0, 0.0, 0.0, 0.0, 0.0, 0.0, 30.0, 120.0, 140.0, 130.0, ||,  0
807, 0000008075, ||, 0.0, 0.0, 0.0, 0.0, 0.0, 0.0, 0.0, 0.0, 0.0, 0.0, 0.0, 0.0, ||,  0
840, 0000008408, ||, 0.0, 0.0, 0.0, 0.0, 11.0, 142.0, 141.0, 175.0, 168.0, 54.0, 0.0, 0.0, ||,  0
944, 0000009443, ||, 0.0, 0.0, 0.0, 0.0, 0.0, 0.0, 0.0, 1.0, 5.0, 0.0, 3.0, 43.0, ||,  0
1125, 0000011251, ||, 0.0, 0.0, 0.0, 0.0, 92.0, 195.0, 103.0, 101.0, 119.0, 122.0, 32.0, 0.0, ||,  0
1453, 0000014537, ||, 0.0, 0.0, 0.0, 0.0, 0.0, 0.0, 59.0, 142.0, 122.0, 97.0, 120.0, 107.0, ||,  0
1637, 0000016373, ||, 0.0, 0.0, 0.0, 0.0, 0.0, 0.0, 0.0, 0.0, 630.0, 53.0, 186.0, 97.0, ||,  0
1644, 0000016445, ||, 0.0, 0.0, 0.0, 0.0, 0.0, 0.0, 0.0, 0.0, 0.0, 0.0, 0.0, 0.0, ||,  0
1809, 0000018092, ||, 0.0, 0.0, 0.0, 0.0, 1.0, 0.0, 2.0, 0.0, 37.0, 143.0, 249.0, 159.0, ||,  0
1859, 0000018597, ||, 0.0, 0.0, 0.0, 0.0, 25.0, 12.0, 38.0, 48.0, 28.0, 39.0, 48.0, 49.0, ||,  0
1878, 0000018786, ||, 0.0, 0.0, 0.0, 0.0, 0.0, 0.0, 0.0, 0.0, 0.0, 0.0, 254.0, 434.0, ||,  0
1880, 0000018803, ||, 0.0, 0.0, 0.0, 1.0, 0.0, 1.0, 0.0, 0.0, 0.0, 0.0, 0.0, 0.0, ||,  0
2252, 0000022529, ||, 0.0, 0.0, 0.0, 0.0, 0.0, 0.0, 0.0, 0.0, 0.0, 0.0, 424.0, 0.0, ||,  0
2257, 0000022574, ||, 0.0, 0.0, 0.0, 0.0, 495.0, 495.0, 165.0, 840.0, 3015.0, 315.0, 4365.0, 1290.0, ||,  0
2504, 0000025049, ||, 0.0, 0.0, 0.0, 0.0, 0.0, 26.0, 75.0, 72.0, 67.0, 71.0, 65.0, 60.0, ||,  0
2578, 0000025788, ||, 0.0, 0.0, 0.0, 0.0, 1.0, 35.0, 34.0, 30.0, 10.0, 3.0, 0.0, 22.0, ||,  0
2721, 0000027218, ||, 0.0, 0.0, 0.0, 0.0, 0.0, 1.0, 3.0, 0.0, 0.0, 0.0, 0.0, 0.0, ||,  0
2825, 0000028253, ||, 0.0, 0.0, 0.0, 0.0, 7.0, 5.0, 1.0, 0.0, 6.0, 13.0, 22.0, 20.0, ||,  0
3117, 0000031178, ||, 0.0, 0.0, 0.0, 0.0, 0.0, 0.0, 0.0, 0.0, 2.0, 1.0, 0.0, 0.0, ||,  0
3204, 0000032041, ||, 0.0, 0.0, 0.0, 0.0, 0.0, 0.0, 0.0, 0.0, 0.0, 0.0, 0.0, 0.0, ||,  0
3341, 0000033419, ||, 0.0, 0.0, 0.0, 0.0, 0.0, 5.0, 10.0, 8.0, 1.0, 0.0, 0.0, 0.0, ||,  0
3346, 0000033464, ||, 0.0, 0.0, 0.0, 0.0, 0.0, 0.0, 0.0, 0.0, 0.0, 0.0, 0.0, 0.0, ||,  0
3372, 0000033725, ||, 0.0, 0.0, 0.0, 0.0, 0.0, 0.0, 0.0, 0.0, 0.0, 0.0, 0.0, 0.0, ||,  0
3389, 0000033897, ||, 0.0, 0.0, 0.0, 6.0, 141.0, 126.0, 125.0, 127.0, 105.0, 131.0, 142.0, 129.0, ||,  0
3396, 0000033969, ||, 0.0, 0.0, 0.0, 0.0, 0.0, 0.0, 0.0, 0.0, 0.0, 0.0, 0.0, 0.0, ||,  0
3532, 0000035327, ||, 0.0, 0.0, 0.0, 0.0, 0.0, 0.0, 0.0, 0.0, 0.0, 0.0, 0.0, 0.0, ||,  0
4015, 0000040150, ||, 0.0, 0.0, 0.0, 0.0, 0.0, 0.0, 0.0, 0.0, 0.0, 0.0, 0.0, 0.0, ||,  0
4065, 0000040655, ||, 0.0, 0.0, 0.0, 0.0, 0.0, 0.0, 0.0, 520.0, 540.0, 0.0, 200.0, 0.0, ||,  0
4362, 0000043625, ||, 0.0, 0.0, 0.0, 0.0, 0.0, 39.0, 88.0, 98.0, 82.0, 75.0, 20.0, 0.0, ||,  0
4480, 0000044804, ||, 0.0, 0.0, 0.0, 0.0, 0.0, 0.0, 0.0, 0.0, 0.0, 0.0, 0.0, 0.0, ||,  0
4751, 0000047513, ||, 0.0, 0.0, 0.0, 0.0, 0.0, 0.0, 0.0, 0.0, 0.0, 0.0, 0.0, 0.0, ||,  0
4836, 0000048369, ||, 0.0, 0.0, 0.0, 0.0, 144.0, 161.0, 0.0, 0.0, 0.0, 0.0, 0.0, 0.0, ||,  0
4850, 0000048503, ||, 0.0, 0.0, 0.0, 0.0, 0.0, 0.0, 0.0, 0.0, 0.0, 0.0, 0.0, 0.0, ||,  0
4879, 0000048792, ||, 0.0, 0.0, 0.0, 0.0, 0.0, 0.0, 0.0, 0.0, 0.0, 0.0, 0.0, 0.0, ||,  0
4997, 0000049971, ||, 0.0, 0.0, 0.0, 0.0, 0.0, 12.0, 19.0, 16.0, 14.0, 9.0, 3.0, 0.0, ||,  0
5444, 0000054443, ||, 0.0, 0.0, 0.0, 0.0, 0.0, 0.0, 0.0, 0.0, 0.0, 0.0, 0.0, 0.0, ||,  0
5475, 0000054759, ||, 0.0, 0.0, 0.0, 0.0, 0.0, 0.0, 0.0, 0.0, 0.0, 0.0, 0.0, 0.0, ||,  0
5512, 0000055127, ||, 0.0, 0.0, 0.0, 0.0, 0.0, 0.0, 0.0, 0.0, 0.0, 0.0, 0.0, 0.0, ||,  0
5524, 0000055244, ||, 0.0, 0.0, 0.0, 0.0, 0.0, 0.0, 0.0, 0.0, 1.0, 0.0, 0.0, 0.0, ||,  0
5536, 0000055361, ||, 0.0, 0.0, 0.0, 0.0, 0.0, 0.0, 0.0, 0.0, 0.0, 0.0, 0.0, 0.0, ||,  0
5593, 0000055938, ||, 0.0, 0.0, 0.0, 0.0, 0.0, 11.0, 7.0, 8.0, 5.0, 3.0, 5.0, 3.0, ||,  0
5685, 0000056856, ||, 0.0, 0.0, 0.0, 0.0, 0.0, 0.0, 0.0, 0.0, 0.0, 0.0, 49.0, 121.0, ||,  0
5758, 0000057585, ||, 0.0, 0.0, 0.0, 0.0, 0.0, 0.0, 0.0, 0.0, 0.0, 0.0, 0.0, 0.0, ||,  0
5784, 0000057846, ||, 0.0, 0.0, 0.0, 0.0, 0.0, 0.0, 0.0, 0.0, 0.0, 0.0, 0.0, 0.0, ||,  0
5840, 0000058403, ||, 0.0, 0.0, 0.0, 25.0, 141.0, 33.0, 90.0, 97.0, 97.0, 45.0, 131.0, 0.0, ||,  0
5871, 0000058719, ||, 0.0, 0.0, 0.0, 0.0, 0.0, 0.0, 0.0, 0.0, 0.0, 0.0, 0.0, 0.0, ||,  0
5876, 0000058764, ||, 0.0, 0.0, 0.0, 0.0, 1.0, 0.0, 0.0, 0.0, 0.0, 0.0, 0.0, 0.0, ||,  0
5888, 0000058881, ||, 0.0, 0.0, 0.0, 0.0, 0.0, 0.0, 0.0, 0.0, 0.0, 0.0, 0.0, 0.0, ||,  0
5901, 0000059015, ||, 0.0, 0.0, 0.0, 0.0, 0.0, 6.0, 59.0, 52.0, 37.0, 0.0, 0.0, 0.0, ||,  0
5920, 0000059204, ||, 0.0, 0.0, 0.0, 0.0, 0.0, 0.0, 0.0, 0.0, 0.0, 0.0, 0.0, 0.0, ||,  0
6014, 0000060149, ||, 0.0, 0.0, 0.0, 0.0, 0.0, 0.0, 0.0, 0.0, 0.0, 0.0, 0.0, 0.0, ||,  0
6052, 0000060527, ||, 0.0, 0.0, 0.0, 0.0, 0.0, 0.0, 0.0, 0.0, 0.0, 0.0, 0.0, 0.0, ||,  0
6076, 0000060761, ||, 0.0, 0.0, 0.0, 0.0, 0.0, 0.0, 0.0, 0.0, 0.0, 0.0, 0.0, 0.0, ||,  0
6095, 0000060950, ||, 0.0, 0.0, 0.0, 0.0, 0.0, 0.0, 0.0, 0.0, 0.0, 0.0, 0.0, 3.0, ||,  0
6125, 0000061256, ||, 0.0, 0.0, 0.0, 0.0, 0.0, 0.0, 0.0, 1.0, 0.0, 0.0, 0.0, 1.0, ||,  0
6187, 0000061878, ||, 0.0, 0.0, 0.0, 0.0, 0.0, 0.0, 0.0, 0.0, 0.0, 0.0, 0.0, 0.0, ||,  0
6200, 0000062002, ||, 0.0, 0.0, 0.0, 0.0, 0.0, 0.0, 0.0, 3.0, 13.0, 23.0, 5.0, 0.0, ||,  0
6205, 0000062057, ||, 0.0, 0.0, 0.0, 0.0, 0.0, 17.0, 47.0, 18.0, 3.0, 0.0, 0.0, 0.0, ||,  0
6293, 0000062930, ||, 0.0, 0.0, 0.0, 0.0, 0.0, 0.0, 0.0, 0.0, 0.0, 0.0, 0.0, 0.0, ||,  0
6323, 0000063236, ||, 0.0, 0.0, 0.0, 0.0, 0.0, 0.0, 0.0, 0.0, 0.0, 0.0, 0.0, 0.0, ||,  0
6354, 0000063542, ||, 0.0, 0.0, 0.0, 0.0, 0.0, 0.0, 0.0, 0.0, 0.0, 0.0, 0.0, 0.0, ||,  0
6366, 0000063669, ||, 0.0, 0.0, 0.0, 26.0, 18.0, 0.0, 0.0, 1.0, 1.0, 0.0, 0.0, 0.0, ||,  0
6552, 0000065522, ||, 0.0, 0.0, 0.0, 0.0, 0.0, 0.0, 0.0, 0.0, 0.0, 0.0, 0.0, 0.0, ||,  0
6618, 0000066189, ||, 0.0, 0.0, 0.0, 0.0, 0.0, 0.0, 0.0, 0.0, 0.0, 0.0, 0.0, 0.0, ||,  0
6670, 0000066701, ||, 0.0, 0.0, 0.0, 0.0, 0.0, 0.0, 0.0, 0.0, 0.0, 0.0, 0.0, 0.0, ||,  0
6743, 0000067430, ||, 0.0, 0.0, 0.0, 0.0, 0.0, 0.0, 0.0, 0.0, 0.0, 0.0, 0.0, 0.0, ||,  0
6755, 0000067557, ||, 0.0, 0.0, 0.0, 0.0, 132.0, 162.0, 124.0, 70.0, 79.0, 88.0, 117.0, 124.0, ||,  0
6859, 0000068592, ||, 0.0, 0.0, 0.0, 0.0, 0.0, 41.0, 1.0, 0.0, 0.0, 0.0, 0.0, 0.0, ||,  0
6965, 0000069654, ||, 0.0, 0.0, 0.0, 0.0, 0.0, 0.0, 0.0, 0.0, 0.0, 108.0, 198.0, 183.0, ||,  0
7214, 0000072146, ||, 0.0, 0.0, 0.0, 80.0, 68.0, 42.0, 41.0, 42.0, 48.0, 55.0, 53.0, 52.0, ||,  0
7219, 0000072191, ||, 0.0, 0.0, 0.0, 0.0, 0.0, 0.0, 0.0, 0.0, 0.0, 0.0, 0.0, 0.0, ||,  0
7221, 0000072218, ||, 0.0, 0.0, 0.0, 0.0, 0.0, 0.0, 0.0, 8.0, 21.0, 62.0, 82.0, 86.0, ||,  0
7363, 0000073631, ||, 0.0, 0.0, 0.0, 0.0, 0.0, 0.0, 0.0, 0.0, 0.0, 0.0, 0.0, 0.0, ||,  0
7368, 0000073686, ||, 0.0, 0.0, 0.0, 0.0, 0.0, 45.0, 38.0, 0.0, 0.0, 0.0, 3.0, 0.0, ||,  0
7443, 0000074432, ||, 0.0, 0.0, 0.0, 0.0, 0.0, 0.0, 1.0, 0.0, 0.0, 0.0, 0.0, 0.0, ||,  0
7578, 0000075783, ||, 0.0, 0.0, 0.0, 0.0, 0.0, 0.0, 0.0, 0.0, 0.0, 0.0, 0.0, 0.0, ||,  0
7622, 0000076223, ||, 0.0, 0.0, 0.0, 0.0, 0.0, 10.0, 0.0, 0.0, 0.0, 0.0, 0.0, 0.0, ||,  0
7825, 0000078258, ||, 0.0, 0.0, 0.0, 0.0, 0.0, 0.0, 0.0, 0.0, 0.0, 0.0, 0.0, 0.0, ||,  0
7844, 0000078447, ||, 0.0, 0.0, 0.0, 0.0, 0.0, 0.0, 0.0, 0.0, 0.0, 0.0, 0.0, 0.0, ||,  0
7917, 0000079176, ||, 0.0, 0.0, 0.0, 0.0, 4.0, 10.0, 27.0, 26.0, 29.0, 31.0, 36.0, 47.0, ||,  0
8025, 0000080255, ||, 0.0, 0.0, 0.0, 0.0, 0.0, 8.0, 0.0, 0.0, 35.0, 2.0, 4.0, 0.0, ||,  0
8181, 0000081812, ||, 0.0, 0.0, 0.0, 0.0, 0.0, 0.0, 0.0, 0.0, 0.0, 0.0, 0.0, 0.0, ||,  0
8230, 0000082307, ||, 0.0, 0.0, 0.0, 0.0, 0.0, 1.0, 0.0, 0.0, 0.0, 0.0, 0.0, 0.0, ||,  0
8322, 0000083225, ||, 0.0, 0.0, 0.0, 0.0, 0.0, 0.0, 0.0, 0.0, 0.0, 0.0, 0.0, 0.0, ||,  0
8365, 0000083658, ||, 0.0, 0.0, 0.0, 0.0, 0.0, 0.0, 0.0, 0.0, 0.0, 0.0, 0.0, 0.0, ||,  0
8402, 0000084026, ||, 0.0, 0.0, 0.0, 0.0, 0.0, 0.0, 0.0, 0.0, 0.0, 0.0, 8.0, 0.0, ||,  0
8421, 0000084215, ||, 0.0, 0.0, 0.0, 0.0, 0.0, 0.0, 13.0, 66.0, 62.0, 49.0, 59.0, 76.0, ||,  0
8667, 0000086673, ||, 0.0, 0.0, 0.0, 0.0, 0.0, 0.0, 0.0, 0.0, 0.0, 0.0, 0.0, 0.0, ||,  0
9034, 0000090344, ||, 0.0, 0.0, 0.0, 0.0, 0.0, 0.0, 0.0, 0.0, 0.0, 0.0, 0.0, 0.0, ||,  0
9039, 0000090399, ||, 0.0, 0.0, 0.0, 0.0, 0.0, 0.0, 0.0, 0.0, 0.0, 0.0, 0.0, 0.0, ||,  0
9041, 0000090416, ||, 0.0, 0.0, 0.0, 0.0, 0.0, 0.0, 0.0, 0.0, 0.0, 0.0, 0.0, 0.0, ||,  0
9046, 0000090461, ||, 0.0, 0.0, 0.0, 0.0, 0.0, 0.0, 0.0, 0.0, 0.0, 0.0, 0.0, 0.0, ||,  0
9060, 0000090605, ||, 0.0, 0.0, 0.0, 0.0, 0.0, 0.0, 0.0, 0.0, 0.0, 0.0, 0.0, 0.0, ||,  0
--------------------------------------
	簇ID:	 计数
	1:	 1

	样本数据

91652, 0000916527, ||, 0.0, 0.0, 0.0, 0.0, 0.0, 0.0, 0.0, 0.0, 0.0, 0.0, 0.0, 7.0252686E7, ||,  1
--------------------------------------
	簇ID:	 计数
	2:	 1

	样本数据

9128106, 0091281063, ||, 0.0, 0.0, 0.0, 0.0, 0.0, 0.0, 3.33E7, 2.44E7, 3.12E7, 2.81E7, 3.18E7, 3.12E7, ||,  2
--------------------------------------
	簇ID:	 计数
	3:	 8

	样本数据

811602719, 8113314159, ||, 0.0, 0.0, 0.0, 0.0, 0.0, 0.0, 857120.0, 1667680.0, 1879360.0, 1731680.0, 769120.0, 2174880.0, ||,  3
803509652, 8034512360, ||, 0.0, 0.0, 0.0, 0.0, 0.0, 0.0, 773120.0, 1246800.0, 1302880.0, 1222800.0, 1326880.0, 1153120.0, ||,  3
811971635, 8116765266, ||, 0.0, 0.0, 0.0, 0.0, 0.0, 850000.0, 1285000.0, 610000.0, 1500000.0, 1780000.0, 355000.0, 730000.0, ||,  3
800112010, 8001087596, ||, 0.0, 0.0, 0.0, 0.0, 0.0, 0.0, 1281700.0, 1520800.0, 1748500.0, 1413300.0, 1457300.0, 1447500.0, ||,  3
807343950, 8071838397, ||, 0.0, 0.0, 0.0, 0.0, 0.0, 1420440.0, 1561080.0, 1650720.0, 1326360.0, 1110120.0, 1061160.0, 1400040.0, ||,  3
811663861, 8113825581, ||, 0.0, 0.0, 0.0, 0.0, 0.0, 200000.0, 500000.0, 1500000.0, 1220000.0, 920000.0, 1000000.0, 1260000.0, ||,  3
811666250, 8113848784, ||, 0.0, 0.0, 0.0, 0.0, 0.0, 900000.0, 1330480.0, 1086400.0, 1018160.0, 991920.0, 753440.0, 670720.0, ||,  3
800111960, 8001087147, ||, 0.0, 0.0, 0.0, 0.0, 0.0, 0.0, 1012200.0, 1317500.0, 1574400.0, 1462200.0, 1334300.0, 1296300.0, ||,  3
--------------------------------------
	簇ID:	 计数
	4:	 9

	样本数据

11167484, 0111674842, ||, 0.0, 0.0, 0.0, 0.0, 0.0, 0.0, 0.0, 0.0, 2244000.0, 1808400.0, 2552000.0, 2604800.0, ||,  4
25989915, 0259899152, ||, 0.0, 0.0, 0.0, 0.0, 0.0, 0.0, 0.0, 0.0, 0.0, 0.0, 2759391.0, 1083208.0, ||,  4
740002638, 0740002638, ||, 0.0, 0.0, 0.0, 0.0, 0.0, 0.0, 0.0, 0.0, 611760.0, 1781080.0, 2007520.0, 897160.0, ||,  4
811977823, 8116824015, ||, 0.0, 0.0, 0.0, 0.0, 0.0, 0.0, 0.0, 180048.0, 2026464.0, 2308944.0, 2097216.0, 2209680.0, ||,  4
815040048, 8146631515, ||, 0.0, 0.0, 0.0, 0.0, 0.0, 0.0, 0.0, 0.0, 688100.0, 2504900.0, 836300.0, 2014800.0, ||,  4
800258014, 8002530046, ||, 0.0, 0.0, 0.0, 0.0, 0.0, 0.0, 0.0, 0.0, 1627320.0, 1684200.0, 1947840.0, 1975080.0, ||,  4
815040103, 8146631850, ||, 0.0, 0.0, 0.0, 0.0, 0.0, 0.0, 0.0, 0.0, 1420000.0, 505300.0, 2245000.0, 2069800.0, ||,  4
815493184, 8150998156, ||, 0.0, 0.0, 0.0, 0.0, 0.0, 0.0, 0.0, 348000.0, 732000.0, 1296000.0, 1380000.0, 1152000.0, ||,  4
812705797, 8123903778, ||, 0.0, 0.0, 0.0, 0.0, 0.0, 0.0, 0.0, 0.0, 0.0, 968880.0, 1420680.0, 1417200.0, ||,  4
--------------------------------------
	簇ID:	 计数
	5:	 1

	样本数据

784001123, 7840011236, ||, 0.0, 0.0, 0.0, 5640000.0, 6320000.0, 5020000.0, 7740000.0, 6360000.0, 7060000.0, 5075800.0, 4990400.0, 0.0, ||,  5
--------------------------------------
	簇ID:	 计数
	6:	 7

	样本数据

731008098, 7310080988, ||, 0.0, 0.0, 0.0, 31320.0, 623520.0, 653040.0, 627840.0, 634080.0, 0.0, 63480.0, 630780.0, 0.0, ||,  6
13000012, 0130000127, ||, 0.0, 0.0, 0.0, 726600.0, 1581100.0, 1465000.0, 517928.0, 126378.0, 90846.0, 80856.0, 102384.0, 79980.0, ||,  6
691000669, 6910006691, ||, 0.0, 0.0, 0.0, 646480.0, 820880.0, 744320.0, 377200.0, 338000.0, 402640.0, 125600.0, 65280.0, 1840.0, ||,  6
26679972, 0266799726, ||, 0.0, 0.0, 0.0, 0.0, 780000.0, 711000.0, 1008000.0, 828000.0, 0.0, 654000.0, 471930.0, 0.0, ||,  6
698201301, 6982013016, ||, 0.0, 0.0, 0.0, 0.0, 1005920.0, 950560.0, 0.0, 0.0, 0.0, 0.0, 0.0, 0.0, ||,  6
731008094, 7310080946, ||, 0.0, 0.0, 0.0, 98560.0, 1000560.0, 1152840.0, 1118920.0, 1175710.0, 0.0, 113690.0, 1154720.0, 0.0, ||,  6
791011339, 7910113396, ||, 0.0, 0.0, 0.0, 0.0, 878328.0, 2465100.0, 710688.0, 1377420.0, 0.0, 623964.0, 0.0, 673200.0, ||,  6
--------------------------------------
	簇ID:	 计数
	7:	 526

	样本数据

2713265, 0027132656, ||, 0.0, 0.0, 0.0, 971600.0, 47760.0, 0.0, 0.0, 0.0, 0.0, 4400.0, 0.0, 0.0, ||,  7
5800144, 0058001442, ||, 0.0, 0.0, 0.0, 62400.0, 432000.0, 367200.0, 139200.0, 0.0, 72000.0, 0.0, 0.0, 0.0, ||,  7
19558023, 0195580237, ||, 0.0, 0.0, 0.0, 0.0, 24000.0, 39600.0, 37200.0, 31188.0, 14628.0, 30984.0, 134400.0, 122400.0, ||,  7
21071472, 0210714722, ||, 0.0, 0.0, 0.0, 3840.0, 44760.0, 42000.0, 106440.0, 123840.0, 70080.0, 57120.0, 28920.0, 0.0, ||,  7
21226614, 0212266140, ||, 0.0, 0.0, 0.0, 0.0, 0.0, 232000.0, 100000.0, 285000.0, 287000.0, 320000.0, 298000.0, 212000.0, ||,  7
21226664, 0212266645, ||, 0.0, 0.0, 0.0, 0.0, 123644.0, 147433.0, 135793.0, 123024.0, 148752.0, 129360.0, 111114.0, 133816.0, ||,  7
25571582, 0255715823, ||, 0.0, 0.0, 0.0, 0.0, 0.0, 0.0, 0.0, 0.0, 0.0, 180000.0, 183000.0, 0.0, ||,  7
31007519, 0310075196, ||, 0.0, 0.0, 0.0, 0.0, 0.0, 0.0, 0.0, 0.0, 0.0, 180000.0, 171130.0, 61330.0, ||,  7
31495815, 0314958152, ||, 0.0, 0.0, 0.0, 0.0, 0.0, 73872.0, 101652.0, 100788.0, 25671.0, 26141.0, 23477.0, 33371.0, ||,  7
740002314, 0740002314, ||, 0.0, 0.0, 0.0, 119763.0, 720437.0, 562300.0, 5796.0, 0.0, 0.0, 0.0, 0.0, 0.0, ||,  7
744068311, 0744068311, ||, 0.0, 0.0, 0.0, 0.0, 36482.0, 109615.0, 99690.0, 51184.0, 130971.0, 48267.0, 6714.0, 0.0, ||,  7
753004298, 0753004298, ||, 0.0, 0.0, 0.0, 4000.0, 7000.0, 73000.0, 94000.0, 100000.0, 190000.0, 191000.0, 193000.0, 0.0, ||,  7
773002595, 0773002595, ||, 0.0, 0.0, 0.0, 0.0, 0.0, 0.0, 0.0, 0.0, 0.0, 0.0, 360480.0, 100020.0, ||,  7
787000344, 0787000344, ||, 0.0, 0.0, 0.0, 33504.0, 133192.0, 189183.0, 305355.0, 146141.0, 317065.0, 268145.0, 360109.0, 117918.0, ||,  7
661021073, 6610210730, ||, 0.0, 0.0, 0.0, 7674.0, 135618.0, 144696.0, 151368.0, 142590.0, 128682.0, 1902.0, 141942.0, 72372.0, ||,  7
661025668, 6610256686, ||, 0.0, 0.0, 0.0, 0.0, 0.0, 0.0, 317900.0, 179760.0, 362780.0, 287800.0, 224580.0, 200440.0, ||,  7
695078259, 6950782599, ||, 0.0, 0.0, 0.0, 39648.0, 79206.0, 84330.0, 57408.0, 67938.0, 81678.0, 63372.0, 2616.0, 0.0, ||,  7
695107999, 6951079993, ||, 0.0, 0.0, 0.0, 0.0, 137260.0, 141930.0, 63230.0, 95350.0, 89130.0, 77040.0, 46610.0, 0.0, ||,  7
696103949, 6961039497, ||, 0.0, 0.0, 0.0, 0.0, 0.0, 21670.0, 255230.0, 525230.0, 269720.0, 158490.0, 213000.0, 443290.0, ||,  7
696159842, 6961598424, ||, 0.0, 0.0, 0.0, 0.0, 0.0, 363300.0, 0.0, 380240.0, 323370.0, 325230.0, 0.0, 0.0, ||,  7
697026366, 6970263663, ||, 0.0, 0.0, 0.0, 126204.0, 91800.0, 145800.0, 103800.0, 134400.0, 126000.0, 171600.0, 30600.0, 0.0, ||,  7
697054932, 6970549323, ||, 0.0, 0.0, 0.0, 0.0, 446700.0, 373380.0, 238340.0, 335940.0, 251680.0, 277980.0, 255120.0, 0.0, ||,  7
697158524, 6971585241, ||, 0.0, 0.0, 0.0, 33420.0, 70800.0, 68800.0, 46000.0, 61600.0, 73200.0, 66000.0, 25732.0, 0.0, ||,  7
697165268, 6971652688, ||, 0.0, 0.0, 0.0, 0.0, 0.0, 0.0, 0.0, 0.0, 0.0, 38520.0, 43230.0, 382740.0, ||,  7
698191922, 6981919225, ||, 0.0, 0.0, 0.0, 0.0, 0.0, 0.0, 233500.0, 284540.0, 273400.0, 405760.0, 404540.0, 254280.0, ||,  7
701000141, 7010001414, ||, 0.0, 0.0, 0.0, 0.0, 180000.0, 531000.0, 36000.0, 209000.0, 182000.0, 180000.0, 210000.0, 0.0, ||,  7
708000262, 7080002623, ||, 0.0, 0.0, 0.0, 0.0, 56000.0, 0.0, 20000.0, 116000.0, 636000.0, 312000.0, 0.0, 0.0, ||,  7
709000477, 7090004778, ||, 0.0, 0.0, 0.0, 56832.0, 56232.0, 61327.0, 62819.0, 65328.0, 38812.0, 526.0, 63027.0, 51661.0, ||,  7
714000604, 7140006044, ||, 0.0, 0.0, 0.0, 0.0, 31771.0, 37326.0, 51040.0, 88978.0, 29992.0, 16536.0, 80759.0, 50958.0, ||,  7
731005122, 7310051223, ||, 0.0, 0.0, 0.0, 0.0, 482.0, 482.0, 9981.0, 50568.0, 73924.0, 161856.0, 155655.0, 159573.0, ||,  7
731006551, 7310065516, ||, 0.0, 0.0, 0.0, 294000.0, 351000.0, 239180.0, 0.0, 0.0, 0.0, 169100.0, 277720.0, 251500.0, ||,  7
731037222, 7310372227, ||, 0.0, 0.0, 0.0, 0.0, 0.0, 152000.0, 180000.0, 104000.0, 0.0, 0.0, 0.0, 0.0, ||,  7
731039493, 7310394935, ||, 0.0, 0.0, 0.0, 148500.0, 273000.0, 245175.0, 135000.0, 282000.0, 175500.0, 193500.0, 154500.0, 0.0, ||,  7
741002370, 7410023706, ||, 0.0, 0.0, 0.0, 0.0, 1410.0, 33162.0, 187560.0, 142578.0, 21036.0, 0.0, 6246.0, 163722.0, ||,  7
741002677, 7410026776, ||, 0.0, 0.0, 0.0, 0.0, 0.0, 0.0, 0.0, 0.0, 104140.0, 260520.0, 297310.0, 259070.0, ||,  7
741002771, 7410027711, ||, 0.0, 0.0, 0.0, 55080.0, 148014.0, 116364.0, 0.0, 0.0, 0.0, 57768.0, 128334.0, 101466.0, ||,  7
741002825, 7410028251, ||, 0.0, 0.0, 0.0, 43096.0, 129960.0, 92104.0, 110696.0, 103416.0, 88504.0, 103848.0, 130608.0, 145560.0, ||,  7
742000895, 7420008959, ||, 0.0, 0.0, 0.0, 7200.0, 50400.0, 92800.0, 98048.0, 82400.0, 92000.0, 94400.0, 56800.0, 0.0, ||,  7
7130556, 0071305569, ||, 0.0, 0.0, 0.0, 0.0, 4000.0, 48000.0, 83000.0, 112000.0, 101000.0, 75000.0, 0.0, 0.0, ||,  7
9414943, 0094149438, ||, 0.0, 0.0, 0.0, 0.0, 0.0, 70508.0, 403.0, 191625.0, 73956.0, 403.0, 88542.0, 403.0, ||,  7
11167415, 0111674158, ||, 0.0, 0.0, 0.0, 15880.0, 182337.0, 232029.0, 21698.0, 182701.0, 116051.0, 0.0, 0.0, 0.0, ||,  7
13000031, 0130000316, ||, 0.0, 0.0, 0.0, 0.0, 250680.0, 307920.0, 248400.0, 160200.0, 0.0, 0.0, 0.0, 0.0, ||,  7
13026963, 0130269634, ||, 0.0, 0.0, 0.0, 96980.0, 115210.0, 164450.0, 485550.0, 452710.0, 322910.0, 317620.0, 83650.0, 0.0, ||,  7
15340813, 0153408135, ||, 0.0, 0.0, 0.0, 204000.0, 477000.0, 561000.0, 573000.0, 0.0, 0.0, 0.0, 345000.0, 417000.0, ||,  7
19596890, 0195968909, ||, 0.0, 0.0, 0.0, 0.0, 0.0, 2136.0, 76324.0, 62174.0, 71044.0, 91808.0, 84364.0, 58608.0, ||,  7
21226663, 0212266632, ||, 0.0, 0.0, 0.0, 0.0, 131741.0, 155673.0, 145494.0, 145538.0, 146485.0, 116305.0, 102897.0, 147568.0, ||,  7
21231518, 0212315187, ||, 0.0, 0.0, 0.0, 691.0, 369.0, 8697.0, 8697.0, 90443.0, 72829.0, 216463.0, 208777.0, 214320.0, ||,  7
25380853, 0253808532, ||, 0.0, 0.0, 0.0, 0.0, 0.0, 130840.0, 163240.0, 144520.0, 42300.0, 32100.0, 36240.0, 42780.0, ||,  7
30157000, 0301570006, ||, 0.0, 0.0, 0.0, 0.0, 99936.0, 0.0, 104590.0, 138076.0, 24167.0, 15754.0, 18499.0, 31303.0, ||,  7
30905985, 0309059857, ||, 0.0, 0.0, 0.0, 0.0, 369700.0, 243400.0, 224200.0, 196600.0, 280900.0, 257500.0, 0.0, 0.0, ||,  7
733100147, 0733100147, ||, 0.0, 0.0, 0.0, 85845.0, 283920.0, 206670.0, 230670.0, 248220.0, 264645.0, 314430.0, 240120.0, 91155.0, ||,  7
745066271, 0745066271, ||, 0.0, 0.0, 0.0, 0.0, 0.0, 0.0, 0.0, 241230.0, 407893.0, 532434.0, 407327.0, 264450.0, ||,  7
753004299, 0753004299, ||, 0.0, 0.0, 0.0, 52504.0, 93464.0, 120000.0, 54495.0, 202695.0, 303780.0, 95205.0, 7245.0, 11250.0, ||,  7
773000499, 0773000499, ||, 0.0, 0.0, 0.0, 0.0, 0.0, 0.0, 49420.0, 74400.0, 70404.0, 78164.0, 95048.0, 1916.0, ||,  7
773002587, 0773002587, ||, 0.0, 0.0, 0.0, 0.0, 0.0, 0.0, 0.0, 74020.0, 157580.0, 184690.0, 144570.0, 321510.0, ||,  7
773002596, 0773002596, ||, 0.0, 0.0, 0.0, 0.0, 0.0, 0.0, 0.0, 0.0, 0.0, 0.0, 344180.0, 120000.0, ||,  7
661021072, 6610210727, ||, 0.0, 0.0, 0.0, 12860.0, 137100.0, 165880.0, 158820.0, 143330.0, 134310.0, 940.0, 152780.0, 78080.0, ||,  7
690006043, 6900060436, ||, 0.0, 0.0, 0.0, 0.0, 0.0, 0.0, 0.0, 65960.0, 123200.0, 136800.0, 156400.0, 155200.0, ||,  7
691005089, 6910050890, ||, 0.0, 0.0, 0.0, 107810.0, 59790.0, 60040.0, 92800.0, 147560.0, 148830.0, 117040.0, 118400.0, 216240.0, ||,  7
691018171, 6910181714, ||, 0.0, 0.0, 0.0, 154180.0, 260440.0, 279480.0, 249400.0, 173760.0, 252720.0, 277440.0, 240500.0, 260040.0, ||,  7
695050957, 6950509570, ||, 0.0, 0.0, 0.0, 9920.0, 63180.0, 110430.0, 65910.0, 153900.0, 75180.0, 19890.0, 190.0, 0.0, ||,  7
695125973, 6951259737, ||, 0.0, 0.0, 0.0, 0.0, 45000.0, 68400.0, 66600.0, 49200.0, 46284.0, 46800.0, 75258.0, 342.0, ||,  7
696066991, 6960669918, ||, 0.0, 0.0, 0.0, 0.0, 45180.0, 345810.0, 130200.0, 225210.0, 297480.0, 123360.0, 0.0, 0.0, ||,  7
696104025, 6961040257, ||, 0.0, 0.0, 0.0, 0.0, 0.0, 274000.0, 278000.0, 296000.0, 79000.0, 147000.0, 279000.0, 270740.0, ||,  7
696159841, 6961598411, ||, 0.0, 0.0, 0.0, 0.0, 0.0, 647100.0, 245010.0, 330750.0, 391830.0, 169350.0, 0.0, 0.0, ||,  7
697500109, 6975001093, ||, 0.0, 0.0, 0.0, 0.0, 0.0, 32550.0, 108050.0, 69870.0, 89670.0, 3390.0, 45860.0, 71500.0, ||,  7
698190757, 6981907576, ||, 0.0, 0.0, 0.0, 0.0, 0.0, 214404.0, 3396.0, 126600.0, 141600.0, 271200.0, 105600.0, 272400.0, ||,  7
698191921, 6981919212, ||, 0.0, 0.0, 0.0, 0.0, 0.0, 163776.0, 132520.0, 71824.0, 204416.0, 181728.0, 165696.0, 99184.0, ||,  7
698191926, 6981919267, ||, 0.0, 0.0, 0.0, 135380.0, 280390.0, 283070.0, 291550.0, 277390.0, 312120.0, 285620.0, 249150.0, 28510.0, ||,  7
698202597, 6982025970, ||, 0.0, 0.0, 0.0, 38820.0, 76000.0, 79000.0, 74000.0, 85000.0, 65000.0, 13000.0, 69000.0, 1380.0, ||,  7
698202634, 6982026348, ||, 0.0, 0.0, 0.0, 0.0, 0.0, 0.0, 78000.0, 78000.0, 174000.0, 42000.0, 3000.0, 0.0, ||,  7
700081344, 7000813441, ||, 0.0, 0.0, 0.0, 22596.0, 222000.0, 223200.0, 226200.0, 226800.0, 187200.0, 153366.0, 0.0, 0.0, ||,  7
708000247, 7080002476, ||, 0.0, 0.0, 0.0, 0.0, 52800.0, 26400.0, 14400.0, 138600.0, 135600.0, 252000.0, 273600.0, 100200.0, ||,  7
716035643, 7160356435, ||, 0.0, 0.0, 0.0, 50488.0, 103872.0, 94824.0, 99328.0, 102456.0, 120648.0, 123216.0, 120488.0, 102448.0, ||,  7
716124229, 7161242296, ||, 0.0, 0.0, 0.0, 100584.0, 99954.0, 79008.0, 66180.0, 76686.0, 80820.0, 64506.0, 72996.0, 0.0, ||,  7
731000619, 7310006193, ||, 0.0, 0.0, 0.0, 0.0, 13516.0, 26511.0, 36259.0, 28581.0, 84187.0, 65624.0, 88612.0, 67107.0, ||,  7
731000770, 7310007705, ||, 0.0, 0.0, 0.0, 0.0, 0.0, 6062.0, 62537.0, 86626.0, 95289.0, 64838.0, 112855.0, 71514.0, ||,  7
731061993, 7310619931, ||, 0.0, 0.0, 0.0, 0.0, 0.0, 37920.0, 473880.0, 1115520.0, 0.0, 0.0, 0.0, 0.0, ||,  7
741002812, 7410028121, ||, 0.0, 0.0, 0.0, 87824.0, 133360.0, 108584.0, 118408.0, 125104.0, 0.0, 0.0, 24960.0, 445380.0, ||,  7
741002909, 7410029094, ||, 0.0, 0.0, 0.0, 4344.0, 75328.0, 92808.0, 93928.0, 56288.0, 55600.0, 45848.0, 37096.0, 0.0, ||,  7
742001785, 7420017856, ||, 0.0, 0.0, 0.0, 0.0, 21000.0, 90000.0, 121500.0, 154500.0, 129000.0, 106500.0, 120000.0, 0.0, ||,  7
742006544, 7420065448, ||, 0.0, 0.0, 0.0, 225360.0, 214400.0, 220800.0, 212000.0, 220800.0, 234400.0, 234400.0, 234400.0, 197600.0, ||,  7
748005934, 7480059346, ||, 0.0, 0.0, 0.0, 0.0, 346.0, 125026.0, 125673.0, 130856.0, 346.0, 346.0, 18451.0, 346.0, ||,  7
748007679, 7480076798, ||, 0.0, 0.0, 0.0, 0.0, 314000.0, 66000.0, 39000.0, 9000.0, 6000.0, 33000.0, 39000.0, 27000.0, ||,  7
108350, 0001083503, ||, 0.0, 0.0, 0.0, 0.0, 0.0, 0.0, 0.0, 0.0, 78040.0, 68540.0, 88890.0, 125240.0, ||,  7
213948, 0002139483, ||, 0.0, 0.0, 0.0, 0.0, 0.0, 0.0, 55600.0, 363160.0, 190720.0, 210280.0, 195800.0, 217640.0, ||,  7
2713268, 0027132685, ||, 0.0, 0.0, 0.0, 913840.0, 45600.0, 0.0, 0.0, 0.0, 0.0, 0.0, 11760.0, 13680.0, ||,  7
2725013, 0027250134, ||, 0.0, 0.0, 0.0, 2745.0, 13410.0, 28620.0, 54525.0, 55185.0, 114630.0, 104925.0, 57645.0, 0.0, ||,  7
17248470, 0172484703, ||, 0.0, 0.0, 0.0, 0.0, 22434.0, 66288.0, 65292.0, 64194.0, 69528.0, 59712.0, 64092.0, 70404.0, ||,  7
21203255, 0212032556, ||, 0.0, 0.0, 0.0, 0.0, 92536.0, 106992.0, 100318.0, 89788.0, 116954.0, 101841.0, 95053.0, 115943.0, ||,  7
740002348, 0740002348, ||, 0.0, 0.0, 0.0, 2220.0, 92856.0, 121428.0, 71178.0, 80400.0, 83400.0, 38400.0, 1200.0, 600.0, ||,  7
744001889, 0744001889, ||, 0.0, 0.0, 0.0, 0.0, 348378.0, 412948.0, 99291.0, 0.0, 0.0, 213907.0, 387217.0, 0.0, ||,  7
745066178, 0745066178, ||, 0.0, 0.0, 0.0, 0.0, 0.0, 0.0, 15256.0, 294517.0, 283148.0, 68906.0, 0.0, 0.0, ||,  7
745090829, 0745090829, ||, 0.0, 0.0, 0.0, 29381.0, 133112.0, 83715.0, 65233.0, 78604.0, 0.0, 107408.0, 19180.0, 0.0, ||,  7
747003283, 0747003283, ||, 0.0, 0.0, 0.0, 0.0, 0.0, 115.0, 22350.0, 74388.0, 80053.0, 96432.0, 156812.0, 66935.0, ||,  7
753005122, 0753005122, ||, 0.0, 0.0, 0.0, 106999.0, 39268.0, 53877.0, 26278.0, 65542.0, 38604.0, 43450.0, 73761.0, 1966.0, ||,  7
773000611, 0773000611, ||, 0.0, 0.0, 0.0, 39000.0, 78000.0, 128000.0, 178000.0, 171000.0, 219000.0, 237870.0, 87330.0, 2430.0, ||,  7
773001458, 0773001458, ||, 0.0, 0.0, 0.0, 0.0, 0.0, 0.0, 0.0, 0.0, 111600.0, 161400.0, 203400.0, 82800.0, ||,  7
773002597, 0773002597, ||, 0.0, 0.0, 0.0, 0.0, 0.0, 20.0, 0.0, 0.0, 0.0, 0.0, 321320.0, 136000.0, ||,  7
661021069, 6610210697, ||, 0.0, 0.0, 0.0, 0.0, 0.0, 0.0, 284648.0, 166824.0, 306352.0, 299736.0, 359208.0, 335584.0, ||,  7
--------------------------------------
	簇ID:	 计数
	8:	 48

	样本数据

25408039, 0254080399, ||, 0.0, 0.0, 0.0, 0.0, 0.0, 0.0, 0.0, 0.0, 0.0, 0.0, 0.0, 1184730.0, ||,  8
696104021, 6961040215, ||, 0.0, 0.0, 0.0, 0.0, 0.0, 0.0, 0.0, 84340.0, 302380.0, 372490.0, 337000.0, 375100.0, ||,  8
19082653, 0190826536, ||, 0.0, 0.0, 0.0, 0.0, 0.0, 0.0, 0.0, 309000.0, 0.0, 12000.0, 591000.0, 762000.0, ||,  8
25701487, 0257014876, ||, 0.0, 0.0, 0.0, 0.0, 0.0, 0.0, 0.0, 0.0, 0.0, 0.0, 0.0, 1021121.0, ||,  8
741002804, 7410028046, ||, 0.0, 0.0, 0.0, 151368.0, 241920.0, 120516.0, 166524.0, 168048.0, 226692.0, 291696.0, 362568.0, 452244.0, ||,  8
745094268, 0745094268, ||, 0.0, 0.0, 0.0, 0.0, 0.0, 0.0, 0.0, 0.0, 0.0, 150480.0, 900720.0, 1030680.0, ||,  8
742004871, 7420048719, ||, 0.0, 0.0, 0.0, 0.0, 0.0, 0.0, 0.0, 0.0, 0.0, 600000.0, 918000.0, 1362000.0, ||,  8
811602716, 8113314188, ||, 0.0, 0.0, 0.0, 0.0, 0.0, 0.0, 0.0, 0.0, 30360.0, 227400.0, 586920.0, 831000.0, ||,  8
811828205, 8115455278, ||, 0.0, 0.0, 0.0, 0.0, 0.0, 0.0, 260000.0, 40000.0, 430000.0, 100000.0, 240000.0, 900000.0, ||,  8
812977566, 8126477212, ||, 0.0, 0.0, 0.0, 0.0, 0.0, 0.0, 0.0, 0.0, 0.0, 547680.0, 460320.0, 976000.0, ||,  8
814679281, 8143237680, ||, 0.0, 0.0, 0.0, 0.0, 0.0, 0.0, 0.0, 0.0, 0.0, 0.0, 0.0, 690000.0, ||,  8
814946212, 8145743918, ||, 0.0, 0.0, 0.0, 0.0, 0.0, 0.0, 16640.0, 99680.0, 233920.0, 298320.0, 357760.0, 571280.0, ||,  8
814999371, 8146246216, ||, 0.0, 0.0, 0.0, 0.0, 0.0, 9040.0, 7680.0, 52880.0, 111120.0, 170400.0, 348560.0, 487680.0, ||,  8
815171357, 8147864820, ||, 0.0, 0.0, 0.0, 0.0, 0.0, 0.0, 0.0, 0.0, 0.0, 12000.0, 4000.0, 608000.0, ||,  8
816032565, 8155814796, ||, 0.0, 0.0, 0.0, 0.0, 0.0, 0.0, 0.0, 0.0, 0.0, 239400.0, 349700.0, 355600.0, ||,  8
816553395, 8160802494, ||, 0.0, 0.0, 0.0, 0.0, 0.0, 0.0, 0.0, 0.0, 0.0, 0.0, 1551719.0, 11809.0, ||,  8
816631936, 8161360647, ||, 0.0, 0.0, 0.0, 0.0, 0.0, 0.0, 0.0, 0.0, 0.0, 0.0, 1251000.0, 280000.0, ||,  8
807795992, 8076219236, ||, 0.0, 0.0, 0.0, 0.0, 0.0, 0.0, 0.0, 0.0, 0.0, 0.0, 0.0, 1118600.0, ||,  8
811566593, 8112981431, ||, 0.0, 0.0, 0.0, 0.0, 0.0, 0.0, 0.0, 175000.0, 280000.0, 360000.0, 430000.0, 610000.0, ||,  8
814710860, 8143534895, ||, 0.0, 0.0, 0.0, 0.0, 0.0, 0.0, 0.0, 0.0, 0.0, 980000.0, 210000.0, 480000.0, ||,  8
815672710, 8152651880, ||, 0.0, 0.0, 0.0, 0.0, 0.0, 0.0, 0.0, 12000.0, 84000.0, 348000.0, 486000.0, 798000.0, ||,  8
815769874, 8153469675, ||, 0.0, 0.0, 0.0, 0.0, 0.0, 0.0, 0.0, 0.0, 0.0, 0.0, 0.0, 2556000.0, ||,  8
815901841, 8154645506, ||, 0.0, 0.0, 0.0, 0.0, 0.0, 0.0, 0.0, 0.0, 0.0, 344280.0, 273240.0, 594480.0, ||,  8
816145518, 8156901354, ||, 0.0, 0.0, 0.0, 0.0, 0.0, 0.0, 0.0, 0.0, 27320.0, 13840.0, 128400.0, 506880.0, ||,  8
816484517, 8160151280, ||, 0.0, 0.0, 0.0, 0.0, 0.0, 0.0, 0.0, 0.0, 0.0, 0.0, 0.0, 1560000.0, ||,  8
782004534, 7820045349, ||, 0.0, 0.0, 0.0, 0.0, 0.0, 0.0, 0.0, 0.0, 38000.0, 268000.0, 321480.0, 387160.0, ||,  8
808283163, 8080874229, ||, 0.0, 0.0, 0.0, 58710.0, 107760.0, 143850.0, 39180.0, 3840.0, 150540.0, 784560.0, 852720.0, 798630.0, ||,  8
811808289, 8115197729, ||, 0.0, 0.0, 0.0, 0.0, 0.0, 0.0, 0.0, 0.0, 0.0, 1111320.0, 328680.0, 408000.0, ||,  8
811877153, 8115850389, ||, 0.0, 0.0, 0.0, 0.0, 0.0, 0.0, 0.0, 0.0, 0.0, 560000.0, 1340000.0, 1600000.0, ||,  8
812189823, 8118866495, ||, 0.0, 0.0, 0.0, 0.0, 0.0, 0.0, 0.0, 229500.0, 0.0, 542940.0, 0.0, 787950.0, ||,  8
814004404, 8136656867, ||, 0.0, 0.0, 0.0, 0.0, 0.0, 0.0, 0.0, 0.0, 0.0, 0.0, 0.0, 930000.0, ||,  8
815946823, 8155033821, ||, 0.0, 0.0, 0.0, 0.0, 0.0, 0.0, 0.0, 285280.0, 486240.0, 109480.0, 572320.0, 732360.0, ||,  8
782004285, 7820042858, ||, 0.0, 0.0, 0.0, 0.0, 0.0, 0.0, 0.0, 0.0, 92900.0, 122000.0, 101000.0, 501000.0, ||,  8
812982945, 8126530252, ||, 0.0, 0.0, 0.0, 0.0, 0.0, 0.0, 0.0, 0.0, 0.0, 529900.0, 470100.0, 490000.0, ||,  8
814429461, 8140873818, ||, 0.0, 0.0, 0.0, 0.0, 0.0, 0.0, 0.0, 0.0, 0.0, 0.0, 620430.0, 508770.0, ||,  8
814710902, 8143540083, ||, 0.0, 0.0, 0.0, 0.0, 0.0, 0.0, 0.0, 0.0, 0.0, 1080000.0, 360000.0, 618000.0, ||,  8
815947841, 8155042571, ||, 0.0, 0.0, 0.0, 0.0, 0.0, 0.0, 0.0, 0.0, 0.0, 0.0, 306240.0, 825600.0, ||,  8
811570971, 8113018660, ||, 0.0, 0.0, 0.0, 0.0, 0.0, 0.0, 0.0, 0.0, 0.0, 0.0, 0.0, 624000.0, ||,  8
811573432, 8113042825, ||, 0.0, 0.0, 0.0, 0.0, 0.0, 0.0, 0.0, 0.0, 0.0, 208800.0, 312000.0, 376000.0, ||,  8
811885801, 8115952128, ||, 0.0, 0.0, 0.0, 0.0, 0.0, 0.0, 32000.0, 0.0, 360000.0, 488000.0, 584000.0, 536000.0, ||,  8
812914291, 8125856869, ||, 0.0, 0.0, 0.0, 0.0, 0.0, 0.0, 0.0, 0.0, 49500.0, 280500.0, 373500.0, 324000.0, ||,  8
814502189, 8141563822, ||, 0.0, 0.0, 0.0, 0.0, 0.0, 0.0, 0.0, 0.0, 0.0, 0.0, 0.0, 1560000.0, ||,  8
814573450, 8142236921, ||, 0.0, 0.0, 0.0, 0.0, 0.0, 0.0, 0.0, 0.0, 0.0, 64320.0, 345330.0, 387420.0, ||,  8
815120988, 8147402594, ||, 0.0, 0.0, 0.0, 0.0, 0.0, 0.0, 0.0, 0.0, 9300.0, 0.0, 150700.0, 910000.0, ||,  8
815698467, 8152836658, ||, 0.0, 0.0, 0.0, 0.0, 0.0, 0.0, 0.0, 0.0, 0.0, 415560.0, 804150.0, 958380.0, ||,  8
815901600, 8154645405, ||, 0.0, 0.0, 0.0, 0.0, 0.0, 0.0, 0.0, 0.0, 0.0, 718200.0, 394560.0, 608040.0, ||,  8
816066169, 8156142139, ||, 0.0, 0.0, 0.0, 0.0, 0.0, 0.0, 0.0, 0.0, 0.0, 439080.0, 599680.0, 444120.0, ||,  8
816398580, 8159345616, ||, 0.0, 0.0, 0.0, 0.0, 0.0, 0.0, 0.0, 0.0, 0.0, 605220.0, 544200.0, 571560.0, ||,  8
--------------------------------------
	簇ID:	 计数
	9:	 9

	样本数据

600132937, 6001329371, ||, 0.0, 0.0, 0.0, 1169604.0, 1475076.0, 1530204.0, 1562244.0, 1544724.0, 1667340.0, 1115124.0, 0.0, 0.0, ||,  9
698208094, 6982080942, ||, 0.0, 0.0, 0.0, 1602600.0, 1869200.0, 2297400.0, 1827200.0, 1806000.0, 2251800.0, 1725600.0, 0.0, 0.0, ||,  9
742006525, 7420065259, ||, 0.0, 0.0, 0.0, 1259340.0, 2064000.0, 2250000.0, 2070000.0, 2220000.0, 1776000.0, 1512000.0, 1474800.0, 0.0, ||,  9
742006321, 7420063211, ||, 0.0, 0.0, 0.0, 1348000.0, 1148000.0, 1440000.0, 1592000.0, 1432000.0, 1556000.0, 1320000.0, 1148000.0, 0.0, ||,  9
698208301, 6982083013, ||, 0.0, 0.0, 0.0, 1492800.0, 1678400.0, 1851840.0, 1610880.0, 1578080.0, 2005280.0, 1434880.0, 0.0, 0.0, ||,  9
712000045, 7120000457, ||, 0.0, 0.0, 0.0, 100200.0, 3348600.0, 1388880.0, 1895640.0, 1638360.0, 2098680.0, 239520.0, 0.0, 0.0, ||,  9
600132939, 6001329397, ||, 0.0, 0.0, 0.0, 1236828.0, 1519764.0, 1535028.0, 1623972.0, 1591344.0, 1689900.0, 1236744.0, 0.0, 0.0, ||,  9
803841389, 8037674238, ||, 0.0, 0.0, 0.0, 2065320.0, 3232600.0, 2488000.0, 2306600.0, 2220200.0, 2297000.0, 2187800.0, 1049200.0, 0.0, ||,  9
803841386, 8037674212, ||, 0.0, 0.0, 0.0, 2050440.0, 3156600.0, 2400200.0, 2466200.0, 2211600.0, 2503000.0, 2260600.0, 1248200.0, 0.0, ||,  9
--------------------------------------
	簇ID:	 计数
	10:	 18

	样本数据

600131450, 6001314506, ||, 0.0, 0.0, 0.0, 682800.0, 831000.0, 792120.0, 769440.0, 708960.0, 876240.0, 741000.0, 834960.0, 810360.0, ||,  10
702003039, 0702003039, ||, 0.0, 0.0, 0.0, 360.0, 1022520.0, 1226040.0, 1307640.0, 1175400.0, 1463160.0, 1270800.0, 0.0, 0.0, ||,  10
740002667, 0740002667, ||, 0.0, 0.0, 0.0, 338000.0, 1106320.0, 1133760.0, 1073040.0, 1090720.0, 1095040.0, 1046560.0, 1123680.0, 1055840.0, ||,  10
744001743, 0744001743, ||, 0.0, 0.0, 0.0, 1099531.0, 1200045.0, 1540674.0, 888237.0, 1554057.0, 538875.0, 866727.0, 614271.0, 903983.0, ||,  10
698192398, 6981923983, ||, 0.0, 0.0, 0.0, 166680.0, 1128000.0, 1128000.0, 740000.0, 1392000.0, 1088000.0, 1092000.0, 4800.0, 0.0, ||,  10
702003026, 0702003026, ||, 0.0, 0.0, 0.0, 7200.0, 978720.0, 1094640.0, 1110480.0, 1040520.0, 1306800.0, 1056000.0, 0.0, 0.0, ||,  10
734100697, 0734100697, ||, 0.0, 0.0, 0.0, 887880.0, 1533480.0, 1135680.0, 831720.0, 1408080.0, 1770000.0, 722880.0, 1399320.0, 1077240.0, ||,  10
600129375, 6001293755, ||, 0.0, 0.0, 0.0, 0.0, 1058400.0, 1149240.0, 1042320.0, 1108800.0, 1403640.0, 1258680.0, 1286760.0, 1189200.0, ||,  10
600144090, 6001440904, ||, 0.0, 0.0, 0.0, 568480.0, 1255680.0, 1260000.0, 1312480.0, 1494720.0, 1546720.0, 1100800.0, 0.0, 0.0, ||,  10
731065827, 7310658277, ||, 0.0, 0.0, 0.0, 0.0, 328240.0, 1471536.0, 976008.0, 1067528.0, 1231384.0, 935352.0, 700920.0, 289256.0, ||,  10
742006581, 7420065813, ||, 0.0, 0.0, 0.0, 240000.0, 786000.0, 858000.0, 870000.0, 978000.0, 990000.0, 972000.0, 900000.0, 834000.0, ||,  10
698201178, 6982011788, ||, 0.0, 0.0, 0.0, 0.0, 650820.0, 1526220.0, 1181220.0, 0.0, 2448000.0, 810000.0, 1248000.0, 1260000.0, ||,  10
7130305, 0071303055, ||, 0.0, 0.0, 0.0, 1228607.0, 1337609.0, 1277408.0, 1352209.0, 1315509.0, 1257308.0, 0.0, 0.0, 0.0, ||,  10
801453410, 8014386992, ||, 0.0, 0.0, 0.0, 832920.0, 1205520.0, 1032960.0, 991680.0, 866400.0, 771120.0, 805200.0, 391920.0, 0.0, ||,  10
811592083, 8113227303, ||, 0.0, 0.0, 0.0, 0.0, 680400.0, 1260240.0, 1456200.0, 1210080.0, 1586040.0, 1357440.0, 158880.0, 0.0, ||,  10
802729131, 8026982889, ||, 0.0, 0.0, 0.0, 456720.0, 907360.0, 915920.0, 905920.0, 957200.0, 991840.0, 1135760.0, 250800.0, 0.0, ||,  10
803215541, 8031707527, ||, 0.0, 0.0, 0.0, 656000.0, 1151520.0, 1188000.0, 1172800.0, 1398240.0, 1503520.0, 1056160.0, 0.0, 0.0, ||,  10
815039459, 8146628632, ||, 0.0, 0.0, 0.0, 0.0, 880000.0, 1232000.0, 944000.0, 464000.0, 1176000.0, 1064000.0, 1064000.0, 1136000.0, ||,  10
--------------------------------------
	簇ID:	 计数
	11:	 1

	样本数据

785529705, 7855297050, ||, 0.0, 0.0, 0.0, 1332000.0, 2400000.0, 5400000.0, 4800000.0, 3960000.0, 3360000.0, 3720000.0, 3480000.0, 3432000.0, ||,  11
--------------------------------------
	簇ID:	 计数
	12:	 6

	样本数据

698198377, 6981983774, ||, 0.0, 0.0, 0.0, 61920.0, 312900.0, 0.0, 1095870.0, 2705700.0, 3023700.0, 2074800.0, 1293000.0, 724800.0, ||,  12
815022631, 8146469776, ||, 0.0, 0.0, 0.0, 0.0, 0.0, 0.0, 1068000.0, 2172000.0, 2472000.0, 2412000.0, 2310000.0, 2592000.0, ||,  12
814953092, 8145811446, ||, 0.0, 0.0, 0.0, 0.0, 476550.0, 757950.0, 2180400.0, 2273850.0, 3124950.0, 3100350.0, 2487450.0, 578290.0, ||,  12
815022645, 8146495807, ||, 0.0, 0.0, 0.0, 0.0, 0.0, 222120.0, 1250280.0, 1847640.0, 2156040.0, 2516160.0, 2278440.0, 1595640.0, ||,  12
811603234, 8113319835, ||, 0.0, 0.0, 0.0, 0.0, 0.0, 0.0, 513000.0, 1749200.0, 1983400.0, 1966400.0, 1900600.0, 1868400.0, ||,  12
808673845, 8084758594, ||, 0.0, 0.0, 0.0, 0.0, 0.0, 0.0, 1594920.0, 1590840.0, 2497620.0, 1553640.0, 1722540.0, 2175360.0, ||,  12
--------------------------------------
	簇ID:	 计数
	13:	 2

	样本数据

13000105, 0130001058, ||, 0.0, 0.0, 0.0, 3388968.0, 4576176.0, 2661516.0, 3870900.0, 3081672.0, 2981088.0, 2654784.0, 0.0, 0.0, ||,  13
742006565, 7420065653, ||, 0.0, 0.0, 0.0, 1645600.0, 3450000.0, 3630000.0, 3940000.0, 3160000.0, 3840000.0, 4060000.0, 3268200.0, 0.0, ||,  13
--------------------------------------
	簇ID:	 计数
	14:	 6

	样本数据

698201298, 6982012983, ||, 0.0, 0.0, 0.0, 619040.0, 2172480.0, 2331680.0, 2128320.0, 2244640.0, 2435200.0, 2292960.0, 1698080.0, 400800.0, ||,  14
742006635, 7420066353, ||, 0.0, 0.0, 0.0, 221584.0, 1399200.0, 2094400.0, 2156000.0, 1645600.0, 1980000.0, 1707200.0, 2217600.0, 1575200.0, ||,  14
815681153, 8152727976, ||, 0.0, 0.0, 0.0, 0.0, 0.0, 0.0, 5494200.0, 3698560.0, 1977280.0, 2001760.0, 1962080.0, 1958880.0, ||,  14
801440040, 8014255225, ||, 0.0, 0.0, 0.0, 255520.0, 2506440.0, 1887820.0, 2198640.0, 2154480.0, 2276760.0, 1977720.0, 1873800.0, 1359480.0, ||,  14
803367213, 8033208947, ||, 0.0, 0.0, 0.0, 0.0, 1118880.0, 1908480.0, 1861080.0, 1916760.0, 1930080.0, 1886160.0, 2005200.0, 1955640.0, ||,  14
811862754, 8115712913, ||, 0.0, 0.0, 0.0, 774000.0, 1320000.0, 2142000.0, 2136000.0, 2298000.0, 2352000.0, 2088000.0, 2232000.0, 1231680.0, ||,  14
--------------------------------------
	簇ID:	 计数
	15:	 3

	样本数据

600132830, 6001328307, ||, 0.0, 0.0, 0.0, 468960.0, 2066640.0, 2123040.0, 2123520.0, 2152320.0, 2216640.0, 2069040.0, 2201520.0, 2221920.0, ||,  15
814505580, 8141609276, ||, 0.0, 0.0, 0.0, 1073300.0, 1883500.0, 1881200.0, 2106100.0, 1999200.0, 2409500.0, 2112000.0, 2022200.0, 2049500.0, ||,  15
807697781, 8075263216, ||, 0.0, 0.0, 0.0, 1887000.0, 1722000.0, 1944000.0, 2166000.0, 1674000.0, 2040000.0, 1992000.0, 1962000.0, 2489640.0, ||,  15
--------------------------------------
	簇ID:	 计数
	16:	 3

	样本数据

698198388, 6981983888, ||, 0.0, 0.0, 0.0, 0.0, 0.0, 1073760.0, 1563840.0, 1701720.0, 1716360.0, 1608960.0, 1375920.0, 227280.0, ||,  16
708000834, 7080008344, ||, 0.0, 0.0, 0.0, 0.0, 0.0, 2291200.0, 2601120.0, 3169600.0, 2824000.0, 2200000.0, 0.0, 0.0, ||,  16
815194815, 8148062401, ||, 0.0, 0.0, 0.0, 0.0, 0.0, 0.0, 1714288.0, 2320032.0, 2002000.0, 1885840.0, 1223024.0, 0.0, ||,  16
--------------------------------------
	簇ID:	 计数
	17:	 1

	样本数据

781000430, 7810004307, ||, 0.0, 0.0, 0.0, 784680.0, 1102200.0, 0.0, 1033120.0, 1953120.0, 1860000.0, 2148000.0, 226080.0, 1705440.0, ||,  17
--------------------------------------
	簇ID:	 计数
	18:	 4

	样本数据

731007865, 7310078659, ||, 0.0, 0.0, 0.0, 0.0, 0.0, 180120.0, 1673160.0, 1907880.0, 0.0, 0.0, 0.0, 0.0, ||,  18
811909699, 8116172967, ||, 0.0, 0.0, 0.0, 0.0, 0.0, 132000.0, 578400.0, 3344160.0, 49440.0, 672000.0, 720000.0, 720000.0, ||,  18
811870975, 8115791181, ||, 0.0, 0.0, 0.0, 0.0, 0.0, 160000.0, 390000.0, 1870000.0, 30000.0, 547700.0, 552300.0, 720000.0, ||,  18
812258917, 8119518746, ||, 0.0, 0.0, 0.0, 0.0, 0.0, 0.0, 200000.0, 2444600.0, 583500.0, 500000.0, 525000.0, 36500.0, ||,  18
--------------------------------------
	簇ID:	 计数
	19:	 39

	样本数据

13042018, 0130420189, ||, 0.0, 0.0, 0.0, 0.0, 0.0, 22371.0, 101147.0, 806628.0, 859536.0, 561075.0, 896645.0, 662674.0, ||,  19
21286903, 0212869033, ||, 0.0, 0.0, 0.0, 0.0, 0.0, 453828.0, 413136.0, 352164.0, 491028.0, 521940.0, 552528.0, 322128.0, ||,  19
745090633, 0745090633, ||, 0.0, 0.0, 0.0, 0.0, 0.0, 249080.0, 501280.0, 506080.0, 509320.0, 524600.0, 490480.0, 701600.0, ||,  19
697043467, 6970434672, ||, 0.0, 0.0, 0.0, 26440.0, 379090.0, 379470.0, 190480.0, 437280.0, 153020.0, 359510.0, 365120.0, 286000.0, ||,  19
731060638, 7310606380, ||, 0.0, 0.0, 0.0, 10000.0, 86000.0, 252000.0, 373000.0, 398000.0, 596100.0, 436460.0, 61440.0, 1460.0, ||,  19
698191983, 6981919834, ||, 0.0, 0.0, 0.0, 23760.0, 680240.0, 752200.0, 617960.0, 734520.0, 809080.0, 659760.0, 680760.0, 770680.0, ||,  19
709003854, 7090038542, ||, 0.0, 0.0, 0.0, 602640.0, 313400.0, 466040.0, 359920.0, 393200.0, 560760.0, 448120.0, 564480.0, 0.0, ||,  19
742006587, 7420065871, ||, 0.0, 0.0, 0.0, 144000.0, 666000.0, 720000.0, 687000.0, 762000.0, 762000.0, 735000.0, 651000.0, 687000.0, ||,  19
13026962, 0130269621, ||, 0.0, 0.0, 0.0, 0.0, 0.0, 0.0, 266880.0, 460455.0, 432000.0, 513795.0, 32400.0, 348195.0, ||,  19
17298456, 0172984564, ||, 0.0, 0.0, 0.0, 141840.0, 267800.0, 602400.0, 681000.0, 580400.0, 741200.0, 287200.0, 156000.0, 0.0, ||,  19
17306101, 0173061017, ||, 0.0, 0.0, 0.0, 92160.0, 371840.0, 600960.0, 679600.0, 578960.0, 738960.0, 286320.0, 179600.0, 26480.0, ||,  19
661025680, 6610256804, ||, 0.0, 0.0, 0.0, 98610.0, 581985.0, 771465.0, 679050.0, 526545.0, 829110.0, 712245.0, 161040.0, 0.0, ||,  19
691001290, 6910012906, ||, 0.0, 0.0, 0.0, 0.0, 544640.0, 752960.0, 704880.0, 731600.0, 736160.0, 712960.0, 748640.0, 791440.0, ||,  19
691005120, 6910051200, ||, 0.0, 0.0, 0.0, 366260.0, 455020.0, 408640.0, 490020.0, 282780.0, 609880.0, 507600.0, 462440.0, 507420.0, ||,  19
661021099, 6610210990, ||, 0.0, 0.0, 0.0, 0.0, 0.0, 26230.0, 606510.0, 573210.0, 578130.0, 578780.0, 573860.0, 524500.0, ||,  19
741000194, 7410001942, ||, 0.0, 0.0, 0.0, 354331.0, 13679.0, 198963.0, 388846.0, 396788.0, 396103.0, 434608.0, 62274.0, 100300.0, ||,  19
17316400, 0173164006, ||, 0.0, 0.0, 0.0, 13560.0, 366540.0, 489360.0, 482640.0, 466020.0, 462180.0, 522060.0, 36000.0, 0.0, ||,  19
698203039, 6982030396, ||, 0.0, 0.0, 0.0, 0.0, 0.0, 46464.0, 408936.0, 451264.0, 538032.0, 476520.0, 488224.0, 440528.0, ||,  19
784002143, 7840021439, ||, 0.0, 0.0, 0.0, 12800.0, 136000.0, 447200.0, 497600.0, 383200.0, 463200.0, 234400.0, 413600.0, 418400.0, ||,  19
811876505, 8115843925, ||, 0.0, 0.0, 0.0, 0.0, 0.0, 0.0, 0.0, 540000.0, 670000.0, 240000.0, 330000.0, 410000.0, ||,  19
812649790, 8123333308, ||, 0.0, 0.0, 0.0, 0.0, 0.0, 0.0, 826550.0, 808100.0, 723250.0, 410100.0, 491600.0, 468250.0, ||,  19
812910513, 8125833318, ||, 0.0, 0.0, 0.0, 0.0, 108000.0, 705000.0, 834000.0, 660000.0, 1032000.0, 471000.0, 669000.0, 696000.0, ||,  19
814971684, 8145978909, ||, 0.0, 0.0, 0.0, 78000.0, 291600.0, 504000.0, 671400.0, 456000.0, 1023000.0, 885600.0, 432000.0, 474000.0, ||,  19
814971718, 8145979188, ||, 0.0, 0.0, 0.0, 56000.0, 139760.0, 330400.0, 518000.0, 684560.0, 810720.0, 881200.0, 949520.0, 235920.0, ||,  19
757004014, 7570040144, ||, 0.0, 0.0, 0.0, 97110.0, 347685.0, 372810.0, 316995.0, 295845.0, 427920.0, 405945.0, 441315.0, 166320.0, ||,  19
809909191, 8096878855, ||, 0.0, 0.0, 0.0, 359040.0, 419000.0, 400920.0, 964880.0, 864520.0, 726080.0, 519800.0, 62880.0, 0.0, ||,  19
811565636, 8112965952, ||, 0.0, 0.0, 0.0, 0.0, 0.0, 305520.0, 451290.0, 393030.0, 579075.0, 343125.0, 451020.0, 474060.0, ||,  19
811812621, 8115249114, ||, 0.0, 0.0, 0.0, 2040.0, 4040.0, 262380.0, 315440.0, 392100.0, 437760.0, 327380.0, 531580.0, 353880.0, ||,  19
814078849, 8137388419, ||, 0.0, 0.0, 0.0, 0.0, 144000.0, 308000.0, 576000.0, 700000.0, 796000.0, 796000.0, 840000.0, 616000.0, ||,  19
815102120, 8147843317, ||, 0.0, 0.0, 0.0, 0.0, 0.0, 241500.0, 676500.0, 454500.0, 468000.0, 208500.0, 336000.0, 661500.0, ||,  19
785005074, 7850050748, ||, 0.0, 0.0, 0.0, 56000.0, 280000.0, 594000.0, 670000.0, 882000.0, 938000.0, 0.0, 0.0, 0.0, ||,  19
812226604, 8119210437, ||, 0.0, 0.0, 0.0, 392000.0, 120000.0, 232000.0, 328000.0, 536000.0, 728000.0, 672000.0, 640000.0, 720000.0, ||,  19
813899752, 8136232858, ||, 0.0, 0.0, 0.0, 0.0, 0.0, 0.0, 0.0, 0.0, 1075000.0, 1080000.0, 1060000.0, 565000.0, ||,  19
814771669, 8144141216, ||, 0.0, 0.0, 0.0, 0.0, 0.0, 198700.0, 831700.0, 974020.0, 794620.0, 650000.0, 808900.0, 246480.0, ||,  19
813145183, 8128125591, ||, 0.0, 0.0, 0.0, 0.0, 0.0, 0.0, 0.0, 0.0, 951000.0, 282000.0, 687000.0, 345000.0, ||,  19
811861650, 8115702576, ||, 0.0, 0.0, 0.0, 0.0, 0.0, 0.0, 0.0, 0.0, 1920000.0, 0.0, 0.0, 0.0, ||,  19
811883254, 8115917901, ||, 0.0, 0.0, 0.0, 0.0, 0.0, 176000.0, 656000.0, 704000.0, 856000.0, 0.0, 0.0, 0.0, ||,  19
811971980, 8116768672, ||, 0.0, 0.0, 0.0, 0.0, 0.0, 48000.0, 102000.0, 606000.0, 432000.0, 336000.0, 324000.0, 360000.0, ||,  19
814838656, 8144750007, ||, 0.0, 0.0, 0.0, 60000.0, 200000.0, 400000.0, 520000.0, 510000.0, 650000.0, 380000.0, 610000.0, 780000.0, ||,  19
=====================================================================================