CONS_NO,YM,尖峰电量,尖峰电价,峰电量,峰电价,平电量,平电价,谷电量,谷电价,脊骨电量,脊骨电价
"0003742437","201301",0,,0,,1321,0.52,749,0.3004,0,
"0003742437","201302",0,,0,,850,0.52,653,0.3004,0,
"0003742437","201303",0,,0,,752,0.52,452,0.3004,0,
"0003742437","201304",0,,0,,633,0.52,194,0.3004,0,
"0003742437","201305",0,,0,,427,0.5,0,,0,
"0003742437","201306",0,,0,,394,0.5,0,,0,
"0003742437","201307",0,,0,,266,0.5,0,,0,
"0003742437","201308",0,,0,,330,0.5,0,,0,
"0003742437","201309",0,,0,,252,0.5,0,,0,
"0003742437","201310",0,,0,,193,0.5,0,,0,
"0003742437","201311",0,,0,,261,0.5,0,,0,
"0003742437","201312",0,,0,,420,0.52,84,0.3004,0,
"0020329961","201301",0,,67200,1.29,72920,0.8796,27660,0.4692,0,
"0020329961","201302",0,,51380,1.29,55880,0.8796,22020,0.4692,0,
"0020329961","201303",0,,49940,1.29,55120,0.8796,21800,0.4692,0,
"0020329961","201304",0,,47420,1.29,50960,0.8796,19500,0.4692,0,
"0020329961","201305",0,,36700,1.29,40060,0.8796,14120,0.4692,0,
"0020329961","201306",0,,32940,1.29,38460,0.8796,11040,0.4692,0,
"0020329961","201307",0,,62820,1.29,73300,0.8796,15600,0.4692,0,
"0020329961","201308",0,,87040,1.29,96960,0.8796,21020,0.4692,0,
"0020329961","201309",0,,50560,1.29,55160,0.8796,15500,0.4692,0,
"0020329961","201310",0,,44480,1.2865,50240,0.8796,14020,0.4727,0,
"0020329961","201311",0,,55720,1.2865,60180,0.8796,21640,0.4727,0,
"0020329961","201312",0,,61160,1.2865,67320,0.8796,22720,0.4727,0,
"0020614036","201301",0,,0,1.29,0,0.8796,0,0.4692,0,
"0020614036","201302",0,,0,1.29,0,0.8796,0,0.4692,0,
"0020614036","201303",0,,0,1.29,0,0.8796,0,0.4692,0,
"0020614036","201304",0,,0,1.29,0,0.8796,0,0.4692,0,
"0020614036","201305",0,,0,1.29,0,0.8796,0,0.4692,0,
"0020614036","201306",0,,0,1.29,0,0.8796,0,0.4692,0,
"0020614036","201307",0,,0,1.29,0,0.8796,0,0.4692,0,
"0020614036","201308",0,,0,1.29,0,0.8796,0,0.4692,0,
"0020614036","201309",0,,0,1.29,0,0.8796,0,0.4692,0,
"0020614036","201310",0,,0,1.2865,0,0.8796,0,0.4727,0,
"0020614036","201311",0,,0,1.2865,0,0.8796,0,0.4727,0,
"0020614036","201312",0,,0,1.2865,0,0.8796,0,0.4727,0,
"0023963304","201301",0,,0,0.8135,0,0.5606,0,0.3077,0,
"0023963304","201302",0,,19080,0.8135,22480,0.5606,13800,0.3077,0,
"0023963304","201303",0,,21000,0.8135,17080,0.5606,5560,0.3077,0,
"0023963304","201304",0,,24080,0.8135,20160,0.5606,4080,0.3077,0,
"0023963304","201305",0,,28440,0.8135,27520,0.5606,6720,0.3077,0,
"0023963304","201306",0,,30480,0.8135,29640,0.5606,12680,0.3077,0,
"0023963304","201307",0,,32960,0.8135,27480,0.5606,11080,0.3077,0,
"0023963304","201308",0,,27800,0.8135,28120,0.5606,13480,0.3077,0,
"0023963304","201309",0,,27720,0.8135,24840,0.5606,6120,0.3077,0,
"0023963304","201310",0,,24080,0.81,17880,0.5606,6000,0.3112,0,
"0023963304","201311",0,,34360,0.81,25880,0.5606,9480,0.3112,0,
"0023963304","201312",0,,50400,0.81,42920,0.5606,20760,0.3112,0,
"0027131930","201301",0,,0,1.29,0,0.8796,0,0.4692,0,
"0027131930","201302",0,,0,1.29,0,0.8796,0,0.4692,0,
"0027131930","201303",0,,0,1.29,0,0.8796,0,0.4692,0,
"0027131930","201304",0,,0,1.29,0,0.8796,0,0.4692,0,
"0027131930","201305",0,,0,1.29,0,0.8796,0,0.4692,0,
"0027131930","201306",0,,0,1.29,0,0.8796,0,0.4692,0,
"0027131930","201307",0,,0,1.29,0,0.8796,0,0.4692,0,
"0027131930","201308",0,,0,1.29,0,0.8796,0,0.4692,0,
"0027131930","201309",0,,0,1.29,0,0.8796,0,0.4692,0,
"0027131930","201310",0,,0,1.2865,0,0.8796,0,0.4727,0,
"0027131930","201311",0,,0,1.2865,0,0.8796,0,0.4727,0,
"0027131930","201312",0,,0,1.2865,0,0.8796,0,0.4727,0,
"0027904712","201301",0,,0,,1648,0.52,792,0.3004,0,
"0027904712","201302",0,,0,,1674,0.52,670,0.3004,0,
"0027904712","201303",0,,0,,1156,0.52,471,0.3004,0,
"0027904712","201304",0,,0,,312,0.52,102,0.3004,0,
"0027904712","201305",0,,0,,84,0.5,0,,0,
"0027904712","201306",0,,0,,0,0.5,0,,0,
"0027904712","201307",0,,0,,0,0.5,0,,0,
"0027904712","201308",0,,0,,0,0.5,0,,0,
"0027904712","201309",0,,0,,4,0.5,0,,0,
"0027904712","201310",0,,0,,0,0.5,0,,0,
"0027904712","201311",0,,0,,0,0.5,0,,0,
"0027904712","201312",0,,0,,2,0.52,0,0.3004,0,
"0027905122","201301",0,,0,,1163,0.52,1336,0.3004,0,
"0027905122","201302",0,,0,,1410,0.52,1379,0.3004,0,
"0027905122","201303",0,,0,,962,0.52,1242,0.3004,0,
"0027905122","201304",0,,0,,519,0.52,970,0.3004,0,
"0027905122","201305",0,,0,,445,0.5,0,,0,
"0027905122","201306",0,,0,,212,0.5,0,,0,
"0027905122","201307",0,,0,,192,0.5,0,,0,
"0027905122","201308",0,,0,,229,0.5,0,,0,
"0027905122","201309",0,,0,,250,0.5,0,,0,
"0027905122","201310",0,,0,,209,0.5,0,,0,
"0027905122","201311",0,,0,,221,0.5,0,,0,
"0027905122","201312",0,,0,,320,0.52,469,0.3004,0,
"0027913345","201301",0,,0,,10,0.52,4,0.3004,0,
"0027913345","201302",0,,0,,0,0.52,0,0.3004,0,
"0027913345","201303",0,,0,,18,0.52,7,0.3004,0,
"0027913345","201304",0,,0,,11,0.52,4,0.3004,0,
"0027913345","201305",0,,0,,16,0.5,0,,0,
"0027913345","201306",0,,0,,20,0.5,0,,0,
"0027913345","201307",0,,0,,23,0.5,0,,0,
"0027913345","201308",0,,0,,26,0.5,0,,0,
"0027913345","201309",0,,0,,27,0.5,0,,0,
"0027913345","201310",0,,0,,22,0.5,0,,0,
"0027913345","201311",0,,0,,19,0.5,0,,0,
"0027913345","201312",0,,0,,0,0.52,0,0.3004,0,
"0027946002","201301",0,,0,1.29,0,0.8796,0,0.4692,0,
"0027946002","201302",0,,0,1.29,0,0.8796,0,0.4692,0,
"0027946002","201303",0,,0,1.29,0,0.8796,0,0.4692,0,
"0027946002","201304",0,,0,1.29,0,0.8796,0,0.4692,0,
"0027946002","201305",0,,0,1.29,0,0.8796,0,0.4692,0,
"0027946002","201306",0,,0,1.29,0,0.8796,0,0.4692,0,
"0027946002","201307",0,,0,1.29,0,0.8796,0,0.4692,0,
"0027946002","201308",0,,0,1.29,0,0.8796,0,0.4692,0,
"0027946002","201309",0,,0,1.29,0,0.8796,0,0.4692,0,
"0027946002","201310",0,,0,1.2865,0,0.8796,0,0.4727,0,
"0027946002","201311",0,,0,1.2865,0,0.8796,0,0.4727,0,
"0027946002","201312",0,,0,1.2865,0,0.8796,0,0.4727,0,
"0051040114","201301",0,,9180,1.305,10860,0.8896,4500,0.4742,0,
"0051040114","201302",0,,9120,1.305,10920,0.8896,4380,0.4742,0,
"0051040114","201303",0,,6840,1.305,7560,0.8896,4920,0.4742,0,
"0051040114","201304",0,,6660,1.305,6960,0.8896,3960,0.4742,0,
"0051040114","201305",0,,2820,1.305,2460,0.8896,1740,0.4742,0,
"0051040114","201306",0,,960,1.305,900,0.8896,240,0.4742,0,
"0051040114","201307",0,,1620,1.305,1380,0.8896,300,0.4742,0,
"0051040114","201308",0,,1920,1.305,1800,0.8896,1020,0.4742,0,
"0051040114","201309",0,,1800,1.305,1620,0.8896,480,0.4742,0,
"0051040114","201310",0,,1680,1.3015,1680,0.8896,480,0.4777,0,
"0051040114","201311",0,,2580,1.3015,2580,0.8896,780,0.4777,0,
"0051040114","201312",0,,6240,1.3015,6960,0.8896,3000,0.4777,0,
"0070003592","201301",0,,7771,1.29,8365,0.8796,3220,0.4692,0,
"0070003592","201302",0,,4862,1.29,5112,0.8796,2607,0.4692,0,
"0070003592","201303",0,,5363,1.29,5712,0.8796,2703,0.4692,0,
"0070003592","201304",0,,5503,1.29,5731,0.8796,2528,0.4692,0,
"0070003592","201305",0,,3562,1.29,3960,0.8796,1867,0.4692,0,
"0070003592","201306",0,,4391,1.29,5425,0.8796,2257,0.4692,0,
"0070003592","201307",0,,5360,1.29,6464,0.8796,2210,0.4692,0,
"0070003592","201308",0,,6137,1.29,7544,0.8796,2258,0.4692,0,
"0070003592","201309",0,,0,,0,,0,,0,
"0070003592","201309",0,,3204,1.29,4369,0.8796,1472,0.4692,0,
"0070003592","201309",0,,0,1.29,0,0.8796,0,0.4692,0,
"0070003592","201310",0,,3522,1.2865,4264,0.8796,1687,0.4727,0,
"0070003592","201311",0,,4254,1.2865,4767,0.8796,2382,0.4727,0,
"0070003592","201312",0,,5368,1.2865,5626,0.8796,2704,0.4727,0,
"0070813252","201301",0,,0,,424,0.52,875,0.3004,0,
"0070813252","201302",0,,0,,957,0.52,626,0.3004,0,
"0070813252","201303",0,,0,,716,0.52,497,0.3004,0,
"0070813252","201304",0,,0,,373,0.52,377,0.3004,0,
"0070813252","201305",0,,0,,224,0.5,0,,0,
"0070813252","201306",0,,0,,0,0.5,0,,0,
"0070813252","201307",0,,0,,0,0.5,0,,0,
"0070813252","201308",0,,0,,0,0.5,0,,0,
"0070813252","201309",0,,0,,0,0.5,0,,0,
"0070813252","201310",0,,0,,0,0.5,0,,0,
"0070813252","201311",0,,0,,0,0.5,0,,0,
"0070813252","201312",0,,0,,0,0.52,0,0.3004,0,
"0130951874","201301",0,,1556,1.29,1376,0.8796,1400,0.4692,0,
"0130951874","201302",0,,1952,1.29,1528,0.8796,1340,0.4692,0,
"0130951874","201303",0,,632,1.29,548,0.8796,792,0.4692,0,
"0130951874","201304",0,,700,1.29,624,0.8796,884,0.4692,0,
"0130951874","201305",0,,1824,1.29,1364,0.8796,1120,0.4692,0,
"0130951874","201306",0,,6244,1.29,4836,0.8796,2968,0.4692,0,
"0130951874","201307",0,,5900,1.29,4008,0.8796,2696,0.4692,0,
"0130951874","201308",0,,6100,1.29,4060,0.8796,2452,0.4692,0,
"0130951874","201309",0,,6624,1.29,4564,0.8796,2860,0.4692,0,
"0130951874","201309",0,,0,,0,,0,,0,
"0130951874","201310",0,,4216,1.2865,2788,0.8796,1732,0.4727,0,
"0130951874","201310",0,,1852,1.29,972,0.8796,760,0.4692,0,
"0130951874","201311",0,,8716,1.2865,5516,0.8796,3604,0.4727,0,
"0130951874","201312",0,,4404,1.2865,3020,0.8796,2368,0.4727,0,
"0130956651","201301",0,,0,,173,0.52,61,0.3004,0,
"0130956651","201302",0,,0,,145,0.52,38,0.3004,0,
"0130956651","201303",0,,0,,66,0.52,18,0.3004,0,
"0130956651","201304",0,,0,,145,0.52,51,0.3004,0,
"0130956651","201305",0,,0,,230,0.5,0,,0,
"0130956651","201306",0,,0,,191,0.5,0,,0,
"0130956651","201307",0,,0,,177,0.5,0,,0,
"0130956651","201308",0,,0,,136,0.5,0,,0,
"0130956651","201309",0,,0,,105,0.5,0,,0,
"0130956651","201310",0,,0,,125,0.5,0,,0,
"0130956651","201311",0,,0,,161,0.5,0,,0,
"0130956651","201312",0,,0,,179,0.52,50,0.3004,0,
"0170009083","201301",0,,0,,286,0.52,924,0.3004,0,
"0170009083","201302",0,,0,,266,0.52,1270,0.3004,0,
"0170009083","201303",0,,0,,418,0.52,1188,0.3004,0,
"0170009083","201304",0,,0,,184,0.52,772,0.3004,0,
"0170009083","201305",0,,0,,229,0.5,0,,0,
"0170009083","201306",0,,0,,147,0.5,0,,0,
"0170009083","201307",0,,0,,127,0.5,0,,0,
"0170009083","201308",0,,0,,120,0.5,0,,0,
"0170009083","201309",0,,0,,102,0.5,0,,0,
"0170009083","201310",0,,0,,105,0.5,0,,0,
"0170009083","201311",0,,0,,105,0.5,0,,0,
"0170009083","201312",0,,0,,203,0.52,541,0.3004,0,
"0170017206","201301",0,,0,,90,0.52,126,0.3004,0,
"0170017206","201302",0,,0,,60,0.52,33,0.3004,0,
"0170017206","201303",0,,0,,162,0.52,179,0.3004,0,
"0170017206","201304",0,,0,,76,0.52,52,0.3004,0,
"0170017206","201305",0,,0,,106,0.5,0,,0,
"0170017206","201306",0,,0,,81,0.5,0,,0,
"0170017206","201307",0,,0,,75,0.5,0,,0,
"0170017206","201308",0,,0,,78,0.5,0,,0,
"0170017206","201309",0,,0,,87,0.5,0,,0,
"0170017206","201310",0,,0,,83,0.5,0,,0,
"0170017206","201311",0,,0,,150,0.5,0,,0,
"0170017206","201312",0,,0,,137,0.52,77,0.3004,0,
"0190683827","201301",0,,0,,404,0.52,127,0.3004,0,
"0190683827","201302",0,,0,,362,0.52,126,0.3004,0,
"0190683827","201303",0,,0,,206,0.52,100,0.3004,0,
"0190683827","201304",0,,0,,24,0.52,8,0.3004,0,
"0190683827","201305",0,,0,,0,0.5,0,,0,
"0190683827","201306",0,,0,,0,0.5,0,,0,
"0190683827","201307",0,,0,,0,0.5,0,,0,
"0190683827","201308",0,,0,,0,0.5,0,,0,
"0190683827","201309",0,,0,,0,0.5,0,,0,
"0190683827","201310",0,,0,,0,0.5,0,,0,
"0190683827","201311",0,,0,,69,0.5,0,,0,
"0190683827","201312",0,,0,,0,0.52,0,0.3004,0,
"0250470484","201301",0,,0,,5378,0.52,2283,0.3004,0,
"0250470484","201302",0,,0,,4504,0.52,1891,0.3004,0,
"0250470484","201303",0,,0,,3830,0.52,1611,0.3004,0,
"0250470484","201304",0,,0,,2140,0.52,839,0.3004,0,
"0250470484","201305",0,,0,,1226,0.5,0,,0,
"0250470484","201306",0,,0,,377,0.5,0,,0,
"0250470484","201307",0,,0,,989,0.5,0,,0,
"0250470484","201308",0,,0,,1916,0.5,0,,0,
"0250470484","201309",0,,0,,982,0.5,0,,0,
"0250470484","201310",0,,0,,401,0.5,0,,0,
"0250470484","201311",0,,0,,764,0.5,0,,0,
"0250470484","201312",0,,0,,2646,0.52,1173,0.3004,0,
"0251105367","201301",0,,0,,5079,0.52,2042,0.3004,0,
"0251105367","201302",0,,0,,4377,0.52,1757,0.3004,0,
"0251105367","201303",0,,0,,4159,0.52,2295,0.3004,0,
"0251105367","201304",0,,0,,2555,0.52,2061,0.3004,0,
"0251105367","201305",0,,0,,0,0.5,0,,0,
"0251105367","201306",0,,0,,0,0.5,0,,0,
"0251105367","201307",0,,0,,0,0.5,0,,0,
"0251105367","201308",0,,0,,0,0.5,0,,0,
"0251105367","201309",0,,0,,0,0.5,0,,0,
"0251105367","201310",0,,0,,0,0.5,0,,0,
"0251105367","201311",0,,0,,3209,0.5,0,,0,
"0251105367","201312",0,,0,,2499,0.52,1037,0.3004,0,
"0251749547","201301",0,,0,,1869,0.52,757,0.3004,0,
"0251749547","201302",0,,0,,1635,0.52,610,0.3004,0,
"0251749547","201303",0,,0,,1453,0.52,527,0.3004,0,
"0251749547","201304",0,,0,,1273,0.52,427,0.3004,0,
"0251749547","201305",0,,0,,1125,0.5,0,,0,
"0251749547","201306",0,,0,,681,0.5,0,,0,
"0251749547","201307",0,,0,,586,0.5,0,,0,
"0251749547","201308",0,,0,,465,0.5,0,,0,
"0251749547","201309",0,,0,,439,0.5,0,,0,
"0251749547","201310",0,,0,,446,0.5,0,,0,
"0251749547","201311",0,,0,,611,0.5,0,,0,
"0251749547","201312",0,,0,,1557,0.52,591,0.3004,0,
"0253893028","201301",0,,7088,1.305,6400,0.8896,314,0.4742,0,
"0253893028","201302",0,,6359,1.305,5464,0.8896,179,0.4742,0,
"0253893028","201303",0,,3783,1.305,2690,0.8896,229,0.4742,0,
"0253893028","201304",0,,643,1.305,313,0.8896,196,0.4742,0,
"0253893028","201305",0,,486,1.305,173,0.8896,83,0.4742,0,
"0253893028","201306",0,,861,1.305,399,0.8896,85,0.4742,0,
"0253893028","201307",0,,3409,1.305,1871,0.8896,404,0.4742,0,
"0253893028","201308",0,,6828,1.305,3960,0.8896,1031,0.4742,0,
"0253893028","201309",0,,5474,1.305,3748,0.8896,932,0.4742,0,
"0253893028","201310",0,,714,1.305,623,0.8896,293,0.4742,0,
"0253893028","201310",0,,1072,1.305,932,0.8896,441,0.4742,0,
"0253893028","201311",0,,969,1.3015,806,0.8896,494,0.4777,0,
"0253893028","201312",0,,821,1.3015,647,0.8896,404,0.4777,0,
"0254183580","201301",0,,0,,338,0.52,212,0.3004,0,
"0254183580","201302",0,,0,,57,0.52,211,0.3004,0,
"0254183580","201303",0,,0,,213,0.52,0,0.3004,0,
"0254183580","201304",0,,0,,178,0.52,0,0.3004,0,
"0254183580","201305",0,,0,,290,0.5,0,,0,
"0254183580","201306",0,,0,,112,0.5,0,,0,
"0254183580","201307",0,,0,,0,0.5,0,,0,
"0254183580","201308",0,,0,,360,0.5,0,,0,
"0254183580","201309",0,,0,,20,0.5,0,,0,
"0254183580","201310",0,,0,,279,0.5,0,,0,
"0254183580","201311",0,,0,,139,0.5,0,,0,
"0254183580","201312",0,,0,,261,0.52,0,0.3004,0,
"0255545761","201301",0,,0,,0,0.52,0,0.3004,0,
"0255545761","201302",0,,0,,0,0.52,0,0.3004,0,
"0255545761","201303",0,,0,,0,0.52,0,0.3004,0,
"0255545761","201304",0,,0,,0,0.52,0,0.3004,0,
"0255545761","201305",0,,0,,0,0.5,0,,0,
"0255545761","201306",0,,0,,0,0.5,0,,0,
"0255545761","201307",0,,0,,0,0.5,0,,0,
"0255545761","201308",0,,0,,0,0.5,0,,0,
"0255545761","201309",0,,0,,0,0.5,0,,0,
"0255545761","201310",0,,0,,0,0.5,0,,0,
"0255545761","201311",0,,0,,0,0.5,0,,0,
"0255545761","201312",0,,0,,1,0.52,0,0.3004,0,
"0255550594","201301",0,,0,,425,0.52,16,0.3004,0,
"0255550594","201302",0,,0,,508,0.52,18,0.3004,0,
"0255550594","201303",0,,0,,410,0.52,10,0.3004,0,
"0255550594","201304",0,,0,,415,0.52,21,0.3004,0,
"0255550594","201305",0,,0,,194,0.5,0,,0,
"0255550594","201306",0,,0,,200,0.5,0,,0,
"0255550594","201307",0,,0,,257,0.5,0,,0,
"0255550594","201308",0,,0,,175,0.5,0,,0,
"0255550594","201309",0,,0,,133,0.5,0,,0,
"0255550594","201310",0,,0,,153,0.5,0,,0,
"0255550594","201311",0,,0,,164,0.5,0,,0,
"0255550594","201312",0,,0,,39,0.52,131,0.3004,0,
"0255717568","201301",0,,0,,0,0.52,0,0.3004,0,
"0255717568","201302",0,,0,,0,0.52,0,0.3004,0,
"0255717568","201303",0,,0,,0,0.52,0,0.3004,0,
"0255717568","201304",0,,0,,0,0.52,0,0.3004,0,
"0255717568","201305",0,,0,,0,0.5,0,,0,
"0255717568","201306",0,,0,,0,0.5,0,,0,
"0255717568","201307",0,,0,,0,0.5,0,,0,
"0255717568","201308",0,,0,,0,0.5,0,,0,
"0255717568","201309",0,,0,,0,0.5,0,,0,
"0255717568","201310",0,,0,,0,0.5,0,,0,
"0255717568","201311",0,,0,,0,0.5,0,,0,
"0255717568","201312",0,,0,,0,0.52,0,0.3004,0,
"0255724283","201301",0,,198000,1.29,222000,0.8796,138000,0.4692,0,
"0255724283","201302",0,,108000,1.29,126000,0.8796,78000,0.4692,0,
"0255724283","201303",0,,126000,1.29,150000,0.8796,90000,0.4692,0,
"0255724283","201304",0,,102000,1.29,126000,0.8796,72000,0.4692,0,
"0255724283","201305",0,,66000,1.29,90000,0.8796,60000,0.4692,0,
"0255724283","201306",0,,84000,1.29,108000,0.8796,78000,0.4692,0,
"0255724283","201307",0,,96000,1.29,114000,0.8796,84000,0.4692,0,
"0255724283","201308",0,,144000,1.29,192000,0.8796,120000,0.4692,0,
"0255724283","201309",0,,102000,1.29,126000,0.8796,84000,0.4692,0,
"0255724283","201309",0,,0,,0,,0,,0,
"0255724283","201310",0,,54000,1.2865,72000,0.8796,48000,0.4727,0,
"0255724283","201310",0,,30000,1.29,54000,0.8796,30000,0.4692,0,
"0255724283","201311",0,,102000,1.2865,126000,0.8796,90000,0.4727,0,
"0255724283","201312",0,,120000,1.2865,150000,0.8796,108000,0.4727,0,
"0255984810","201301",0,,50000,1.29,54400,0.8796,27600,0.4692,0,
"0255984810","201302",0,,41600,1.29,41600,0.8796,20800,0.4692,0,
"0255984810","201303",0,,24000,1.29,24000,0.8796,16000,0.4692,0,
"0255984810","201304",0,,32000,1.29,28000,0.8796,16000,0.4692,0,
"0255984810","201305",0,,28000,1.29,29600,0.8796,12000,0.4692,0,
"0255984810","201306",0,,30800,1.29,32000,0.8796,14400,0.4692,0,
"0255984810","201307",0,,41200,1.29,41600,0.8796,20000,0.4692,0,
"0255984810","201308",0,,52000,1.29,56000,0.8796,28000,0.4692,0,
"0255984810","201309",0,,36000,1.29,31600,0.8796,16000,0.4692,0,
"0255984810","201309",0,,0,,0,,0,,0,
"0255984810","201310",0,,16800,1.2865,14400,0.8796,7200,0.4727,0,
"0255984810","201310",0,,12000,1.29,16000,0.8796,4000,0.4692,0,
"0255984810","201311",0,,28000,1.2865,20000,0.8796,12000,0.4727,0,
"0255984810","201312",0,,32000,1.2865,34800,0.8796,16000,0.4727,0,
"0256263352","201301",0,,0,,710,0.52,325,0.3004,0,
"0256263352","201302",0,,0,,946,0.52,419,0.3004,0,
"0256263352","201303",0,,0,,551,0.52,272,0.3004,0,
"0256263352","201304",0,,0,,223,0.52,99,0.3004,0,
"0256263352","201305",0,,0,,0,0.5,0,,0,
"0256263352","201306",0,,0,,0,0.5,0,,0,
"0256263352","201307",0,,0,,0,0.5,0,,0,
"0256263352","201308",0,,0,,0,0.5,0,,0,
"0256263352","201309",0,,0,,0,0.5,0,,0,
"0256263352","201310",0,,0,,0,0.5,0,,0,
"0256263352","201311",0,,0,,0,0.5,0,,0,
"0256263352","201312",0,,0,,788,0.52,319,0.3004,0,
"0256267396","201301",0,,0,,670,0.52,301,0.3004,0,
"0256267396","201302",0,,0,,361,0.52,240,0.3004,0,
"0256267396","201303",0,,0,,214,0.52,89,0.3004,0,
"0256267396","201304",0,,0,,116,0.52,37,0.3004,0,
"0256267396","201305",0,,0,,0,0.5,0,,0,
"0256267396","201306",0,,0,,0,0.5,0,,0,
"0256267396","201307",0,,0,,0,0.5,0,,0,
"0256267396","201308",0,,0,,0,0.5,0,,0,
"0256267396","201309",0,,0,,0,0.5,0,,0,
"0256267396","201310",0,,0,,0,0.5,0,,0,
"0256267396","201311",0,,0,,0,0.5,0,,0,
"0256267396","201312",0,,0,,278,0.52,102,0.3004,0,
"0257011271","201301",0,,2510,1.29,2890,0.8796,868,0.4692,0,
"0257011271","201302",0,,1600,1.29,1800,0.8796,800,0.4692,0,
"0257011271","201303",0,,1400,1.29,2800,0.8796,800,0.4692,0,
"0257011271","201304",0,,4000,1.29,3400,0.8796,400,0.4692,0,
"0257011271","201305",0,,1800,1.29,2600,0.8796,400,0.4692,0,
"0257011271","201306",0,,1600,1.29,1800,0.8796,200,0.4692,0,
"0257011271","201307",0,,1600,1.29,1400,0.8796,400,0.4692,0,
"0257011271","201308",0,,1600,1.29,2200,0.8796,200,0.4692,0,
"0257011271","201309",0,,0,,0,,0,,0,
"0257011271","201309",0,,1600,1.29,1800,0.8796,400,0.4692,0,
"0257011271","201310",0,,600,1.29,400,0.8796,200,0.4692,0,
"0257011271","201310",0,,1000,1.2865,1000,0.8796,0,0.4727,0,
"0257011271","201311",0,,2000,1.2865,2600,0.8796,600,0.4727,0,
"0257011271","201312",0,,2000,1.2865,2600,0.8796,400,0.4727,0,
"0257673154","201301",0,,0,,403,0.52,1087,0.3004,0,
"0257673154","201302",0,,0,,323,0.52,940,0.3004,0,
"0257673154","201303",0,,0,,116,0.52,1226,0.3004,0,
"0257673154","201304",0,,0,,54,0.52,623,0.3004,0,
"0257673154","201305",0,,0,,209,0.5,0,,0,
"0257673154","201306",0,,0,,0,0.5,0,,0,
"0257673154","201307",0,,0,,0,0.5,0,,0,
"0257673154","201308",0,,0,,0,0.5,0,,0,
"0257673154","201309",0,,0,,0,0.5,0,,0,
"0257673154","201310",0,,0,,0,0.5,0,,0,
"0257673154","201311",0,,0,,0,0.5,0,,0,
"0257673154","201312",0,,0,,41,0.52,1115,0.3004,0,
"0258840683","201301",0,,0,,26,0.52,13,0.3004,0,
"0258840683","201302",0,,0,,0,0.52,0,0.3004,0,
"0258840683","201303",0,,0,,5,0.52,10,0.3004,0,
"0258840683","201304",0,,0,,26,0.52,9,0.3004,0,
"0258840683","201305",0,,0,,33,0.5,0,,0,
"0258840683","201306",0,,0,,0,0.5,0,,0,
"0258840683","201307",0,,0,,80,0.5,0,,0,
"0258840683","201308",0,,0,,44,0.5,0,,0,
"0258840683","201309",0,,0,,41,0.5,0,,0,
"0258840683","201310",0,,0,,36,0.5,0,,0,
"0258840683","201311",0,,0,,0,0.5,0,,0,
"0258840683","201312",0,,0,,0,0.52,0,0.3004,0,
"0260430933","201301",0,,0,1.305,27600,0.8896,0,0.4742,0,
"0260430933","201302",0,,0,1.305,37640,0.8896,0,0.4742,0,
"0260430933","201303",0,,0,1.305,28800,0.8896,0,0.4742,0,
"0260430933","201304",0,,0,1.305,33120,0.8896,0,0.4742,0,
"0260430933","201305",0,,0,1.305,23800,0.8896,0,0.4742,0,
"0260430933","201306",0,,0,1.305,12240,0.8896,0,0.4742,0,
"0260430933","201307",0,,0,1.305,14680,0.8896,0,0.4742,0,
"0260430933","201308",0,,0,1.305,12280,0.8896,0,0.4742,0,
"0260430933","201309",0,,0,1.305,23480,0.8896,0,0.4742,0,
"0260430933","201310",0,,0,1.305,6387,0.8896,0,0.4742,0,
"0260430933","201310",0,,0,1.305,4613,0.8896,0,0.4742,0,
"0260430933","201311",0,,0,1.3015,8040,0.8896,0,0.4777,0,
"0260430933","201312",0,,0,1.3015,29680,0.8896,0,0.4777,0,
"0262731357","201301",0,,0,,0,0.52,0,0.3004,0,
"0262731357","201302",0,,0,,0,0.52,0,0.3004,0,
"0262731357","201303",0,,0,,0,0.52,0,0.3004,0,
"0262731357","201304",0,,0,,0,0.52,0,0.3004,0,
"0262731357","201305",0,,0,,0,0.5,0,,0,
"0262731357","201306",0,,0,,0,0.5,0,,0,
"0262731357","201307",0,,0,,0,0.5,0,,0,
"0262731357","201308",0,,0,,0,0.5,0,,0,
"0262731357","201309",0,,0,,0,0.5,0,,0,
"0262731357","201310",0,,0,,0,0.5,0,,0,
"0262731357","201311",0,,0,,0,0.5,0,,0,
"0262731357","201312",0,,0,,0,0.52,0,0.3004,0,
"0264347415","201301",0,,0,,180,0.52,94,0.3004,0,
"0264347415","201302",0,,0,,75,0.52,49,0.3004,0,
"0264347415","201303",0,,0,,128,0.52,50,0.3004,0,
"0264347415","201304",0,,0,,63,0.52,21,0.3004,0,
"0264347415","201305",0,,0,,85,0.5,0,,0,
"0264347415","201306",0,,0,,50,0.5,0,,0,
"0264347415","201307",0,,0,,30,0.5,0,,0,
"0264347415","201308",0,,0,,13,0.5,0,,0,
"0264347415","201309",0,,0,,30,0.5,0,,0,
"0264347415","201310",0,,0,,0,0.5,0,,0,
"0264347415","201311",0,,0,,123,0.5,0,,0,
"0264347415","201312",0,,0,,85,0.52,106,0.3004,0,
"0270005532","201301",0,,0,,3302,0.52,3737,0.3004,0,
"0270005532","201302",0,,0,,3685,0.52,3488,0.3004,0,
"0270005532","201303",0,,0,,3099,0.52,2378,0.3004,0,
"0270005532","201304",0,,0,,1709,0.52,2521,0.3004,0,
"0270005532","201305",0,,0,,1579,0.5,0,,0,
"0270005532","201306",0,,0,,229,0.5,0,,0,
"0270005532","201307",0,,0,,145,0.5,0,,0,
"0270005532","201308",0,,0,,188,0.5,0,,0,
"0270005532","201309",0,,0,,205,0.5,0,,0,
"0270005532","201310",0,,0,,146,0.5,0,,0,
"0270005532","201311",0,,0,,495,0.5,0,,0,
"0270005532","201312",0,,0,,616,0.52,1534,0.3004,0,
"0272695788","201301",0,,0,1.29,0,0.8796,0,0.4692,0,
"0272695788","201302",0,,0,1.29,0,0.8796,0,0.4692,0,
"0272695788","201303",0,,0,1.29,0,0.8796,0,0.4692,0,
"0272695788","201304",0,,0,1.29,0,0.8796,0,0.4692,0,
"0272695788","201305",0,,0,1.29,126,0.8796,0,0.4692,0,
"0272695788","201306",0,,4000,1.29,3781,0.8796,2000,0.4692,0,
"0272695788","201307",0,,3200,1.29,4585,0.8796,1200,0.4692,0,
"0272695788","201308",0,,3200,1.29,3370,0.8796,1600,0.4692,0,
"0272695788","201309",0,,3200,1.29,4170,0.8796,1600,0.4692,0,
"0272695788","201309",0,,0,,0,,0,,0,
"0272695788","201310",0,,800,1.29,1239,0.8796,400,0.4692,0,
"0272695788","201310",0,,4000,1.2865,2955,0.8796,2800,0.4727,0,
"0272695788","201311",0,,4400,1.2865,5391,0.8796,2400,0.4727,0,
"0272695788","201312",0,,1040,1.2865,991,0.8796,1040,0.4727,0,
"0300629664","201301",0,,0,,950,0.52,286,0.3004,0,
"0300629664","201302",0,,0,,877,0.52,219,0.3004,0,
"0300629664","201303",0,,0,,99,0.52,35,0.3004,0,
"0300629664","201304",0,,0,,6,0.52,3,0.3004,0,
"0300629664","201305",0,,0,,14,0.5,0,,0,
"0300629664","201306",0,,0,,109,0.5,0,,0,
"0300629664","201307",0,,0,,273,0.5,0,,0,
"0300629664","201308",0,,0,,303,0.5,0,,0,
"0300629664","201309",0,,0,,239,0.5,0,,0,
"0300629664","201310",0,,0,,245,0.5,0,,0,
"0300629664","201311",0,,0,,240,0.5,0,,0,
"0300629664","201312",0,,0,,94,0.52,43,0.3004,0,
"0301503981","201301",0,,0,1.305,150,0.8896,0,0.4742,0,
"0301503981","201302",0,,89,1.305,0,0.8896,19,0.4742,0,
"0301503981","201303",0,,271,1.305,390,0.8896,191,0.4742,0,
"0301503981","201304",0,,600,1.305,660,0.8896,480,0.4742,0,
"0301503981","201305",0,,570,1.305,600,0.8896,480,0.4742,0,
"0301503981","201306",0,,180,1.305,180,0.8896,150,0.4742,0,
"0301503981","201307",0,,150,1.305,150,0.8896,120,0.4742,0,
"0301503981","201308",0,,150,1.305,180,0.8896,120,0.4742,0,
"0301503981","201309",0,,120,1.305,90,0.8896,60,0.4742,0,
"0301503981","201310",0,,46,1.305,58,0.8896,23,0.4742,0,
"0301503981","201310",0,,74,1.305,92,0.8896,37,0.4742,0,
"0301503981","201311",0,,120,1.3015,90,0.8896,90,0.4777,0,
"0301503981","201312",0,,60,1.3015,90,0.8896,30,0.4777,0,
"0301580209","201301",0,,0,1.279,0,0.8686,0,0.4582,0,
"0301580209","201302",0,,0,1.279,0,0.8686,0,0.4582,0,
"0312303921","201301",0,,0,,387,0.52,18,0.3004,0,
"0312303921","201302",0,,0,,320,0.52,5,0.3004,0,
"0312303921","201303",0,,0,,0,0.52,0,0.3004,0,
"0312303921","201304",0,,0,,471,0.52,11,0.3004,0,
"0312303921","201305",0,,0,,203,0.5,0,,0,
"0312303921","201306",0,,0,,0,0.5,0,,0,
"0312303921","201307",0,,0,,327,0.5,0,,0,
"0312303921","201308",0,,0,,351,0.5,0,,0,
"0312303921","201309",0,,0,,376,0.5,0,,0,
"0312303921","201310",0,,0,,234,0.5,0,,0,
"0312303921","201311",0,,0,,212,0.5,0,,0,
"0312303921","201312",0,,0,,371,0.52,161,0.3004,0,
"0312670351","201301",0,,10714,1.29,13674,0.8796,9128,0.4692,0,
"0312670351","201302",0,,10774,1.29,13801,0.8796,9274,0.4692,0,
"0312670351","201303",0,,9443,1.29,12236,0.8796,8261,0.4692,0,
"0312670351","201304",0,,6576,1.29,9193,0.8796,5918,0.4692,0,
"0312670351","201305",0,,4144,1.29,6323,0.8796,3560,0.4692,0,
"0312670351","201306",0,,4290,1.29,6509,0.8796,3542,0.4692,0,
"0312670351","201307",0,,4125,1.29,6323,0.8796,3418,0.4692,0,
"0312670351","201308",0,,4773,1.29,7089,0.8796,3787,0.4692,0,
"0312670351","201309",0,,2474,1.29,4050,0.8796,1323,0.4692,0,
"0312670351","201310",0,,3925,1.2865,5698,0.8796,2541,0.4727,0,
"0312670351","201311",0,,8973,1.2865,11446,0.8796,6688,0.4727,0,
"0312670351","201312",0,,10186,1.2865,13397,0.8796,8626,0.4727,0,
"0312947303","201301",0,,0,,0,0.52,0,0.3004,0,
"0312947303","201302",0,,0,,0,0.52,0,0.3004,0,
"0312947303","201303",0,,0,,0,0.52,0,0.3004,0,
"0312947303","201304",0,,0,,416,0.52,84,0.3004,0,
"0312947303","201305",0,,0,,227,0.5,0,,0,
"0312947303","201306",0,,0,,0,0.5,0,,0,
"0312947303","201307",0,,0,,0,0.5,0,,0,
"0312947303","201308",0,,0,,0,0.5,0,,0,
"0312947303","201309",0,,0,,257,0.5,0,,0,
"0312947303","201310",0,,0,,200,0.5,0,,0,
"0312947303","201311",0,,0,,0,0.5,0,,0,
"0312947303","201312",0,,0,,324,0.52,189,0.3004,0,
"0313405758","201301",0,,200,1.305,227,0.8896,188,0.4742,0,
"0313405758","201302",0,,193,1.305,217,0.8896,176,0.4742,0,
"0313405758","201303",0,,173,1.305,195,0.8896,159,0.4742,0,
"0313405758","201304",0,,185,1.305,214,0.8896,175,0.4742,0,
"0313405758","201305",0,,181,1.305,198,0.8896,168,0.4742,0,
"0313405758","201306",0,,182,1.305,209,0.8896,169,0.4742,0,
"0313405758","201307",0,,179,1.305,195,0.8896,164,0.4742,0,
"0313405758","201308",0,,181,1.305,205,0.8896,167,0.4742,0,
"0313405758","201309",0,,0,1.305,0,0.8896,0,0.4742,0,
"0313405758","201310",0,,311,1.3015,334,0.8896,280,0.4777,0,
"0313405758","201311",0,,217,1.3015,234,0.8896,191,0.4777,0,
"0313405758","201312",0,,154,1.3015,177,0.8896,142,0.4777,0,
"0313844849","201301",0,,0,1.279,410,0.8686,0,0.4582,0,
"0313844849","201302",0,,0,1.279,410,0.8686,0,0.4582,0,
"0313844849","201303",0,,0,1.279,410,0.8686,0,0.4582,0,
"0313844849","201304",0,,0,1.279,410,0.8686,0,0.4582,0,
"0313844849","201305",0,,0,1.279,410,0.8686,0,0.4582,0,
"0313844849","201306",0,,0,1.279,410,0.8686,0,0.4582,0,
"0313844849","201307",0,,0,1.279,410,0.8686,0,0.4582,0,
"0313844849","201308",0,,0,1.279,410,0.8686,0,0.4582,0,
"0313844849","201309",0,,0,1.279,410,0.8686,0,0.4582,0,
"0313844849","201310",0,,0,1.2755,410,0.8686,0,0.4617,0,
"0313844849","201311",0,,0,1.2755,410,0.8686,0,0.4617,0,
"0313844849","201312",0,,0,1.2755,410,0.8686,0,0.4617,0,
"0315100062","201301",0,,0,,422,0.52,209,0.3004,0,
"0315100062","201302",0,,0,,482,0.52,239,0.3004,0,
"0315100062","201303",0,,0,,345,0.52,182,0.3004,0,
"0315100062","201304",0,,0,,331,0.52,82,0.3004,0,
"0315100062","201305",0,,0,,134,0.5,0,,0,
"0315100062","201306",0,,0,,59,0.5,0,,0,
"0315100062","201307",0,,0,,0,0.5,0,,0,
"0315100062","201308",0,,0,,117,0.5,0,,0,
"0315100062","201309",0,,0,,122,0.5,0,,0,
"0315100062","201310",0,,0,,0,0.5,0,,0,
"0315100062","201311",0,,0,,90,0.5,0,,0,
"0315100062","201312",0,,0,,0,0.52,0,0.3004,0,
"0315534434","201301",0,,0,1.29,864,0.8796,0,0.4692,0,
"0315534434","201302",0,,0,1.29,864,0.8796,0,0.4692,0,
"0315534434","201303",0,,0,1.29,864,0.8796,0,0.4692,0,
"0315534434","201304",0,,0,1.29,864,0.8796,0,0.4692,0,
"0315534434","201305",0,,0,1.29,864,0.8796,0,0.4692,0,
"0315534434","201306",0,,0,1.29,864,0.8796,0,0.4692,0,
"0315534434","201307",0,,0,1.29,864,0.8796,0,0.4692,0,
"0315534434","201308",0,,0,1.29,864,0.8796,0,0.4692,0,
"0315534434","201309",0,,0,1.29,864,0.8796,0,0.4692,0,
"0315534434","201310",0,,0,1.2865,864,0.8796,0,0.4727,0,
"0315534434","201311",0,,0,1.2865,864,0.8796,0,0.4727,0,
"0315534434","201312",0,,0,1.2865,864,0.8796,0,0.4727,0,
"0732500719","201301",0,,60,1.279,451,0.8686,0,0.4582,0,
"0732500719","201302",0,,120,1.279,451,0.8686,0,0.4582,0,
"0732500719","201303",0,,50,1.279,402,0.8686,68,0.4582,0,
"0732500719","201304",0,,46,1.279,445,0.8686,17,0.4582,0,
"0732500719","201305",0,,61,1.279,460,0.8686,17,0.4582,0,
"0732500719","201306",0,,67,1.279,454,0.8686,22,0.4582,0,
"0732500719","201307",0,,65,1.279,423,0.8686,19,0.4582,0,
"0732500719","201308",0,,86,1.279,456,0.8686,20,0.4582,0,
"0732500719","201309",0,,68,1.279,462,0.8686,18,0.4582,0,
"0732500719","201309",0,,0,,0,,0,,0,
"0732500719","201310",0,,25,1.279,163,0.8686,7,0.4582,0,
"0732500719","201310",0,,55,1.2755,289,0.8686,17,0.4617,0,
"0732500719","201311",0,,45,1.2755,446,0.8686,16,0.4617,0,
"0732500719","201312",0,,56,1.2755,413,0.8686,11,0.4617,0,
"0732501122","201301",0,,0,1.279,547,0.8686,0,0.4582,0,
"0732501122","201302",0,,0,1.279,547,0.8686,0,0.4582,0,
"0732501122","201303",0,,12900,1.279,14759,0.8686,9000,0.4582,0,
"0732501122","201304",0,,41800,1.279,46923,0.8686,25500,0.4582,0,
"0732501122","201305",0,,30300,1.279,32887,0.8686,15900,0.4582,0,
"0732501122","201306",0,,28600,1.279,32238,0.8686,14000,0.4582,0,
"0732501122","201307",0,,27600,1.279,31246,0.8686,13200,0.4582,0,
"0732501122","201308",0,,31300,1.279,34980,0.8686,15300,0.4582,0,
"0732501122","201309",0,,31600,1.279,36037,0.8686,15500,0.4582,0,
"0732501122","201309",0,,0,,0,,0,,0,
"0732501122","201310",0,,10500,1.279,12164,0.8686,5100,0.4582,0,
"0732501122","201310",0,,26000,1.2755,29048,0.8686,12100,0.4617,0,
"0732501122","201311",0,,51400,1.2755,60035,0.8686,28000,0.4617,0,
"0732501122","201312",0,,39500,1.2755,45639,0.8686,25200,0.4617,0,
"0733100720","201301",0,,400,1.279,1600,0.8686,600,0.4582,0,
"0733100720","201302",0,,600,1.279,1400,0.8686,200,0.4582,0,
"0733100720","201303",0,,600,1.279,200,0.8686,200,0.4582,0,
"0733100720","201304",0,,2000,1.279,2600,0.8686,400,0.4582,0,
"0733100720","201305",0,,4400,1.279,1800,0.8686,600,0.4582,0,
"0733100720","201306",0,,4800,1.279,3200,0.8686,2000,0.4582,0,
"0733100720","201307",0,,2000,1.279,3200,0.8686,800,0.4582,0,
"0733100720","201308",0,,400,1.279,400,0.8686,200,0.4582,0,
"0733100720","201309",0,,0,,0,,0,,0,
"0733100720","201309",0,,0,1.279,1400,0.8686,0,0.4582,0,
"0733100720","201310",0,,0,1.279,200,0.8686,0,0.4582,0,
"0733100720","201310",0,,0,1.2755,1000,0.8686,0,0.4617,0,
"0733100720","201311",0,,3600,1.2755,2400,0.8686,2400,0.4617,0,
"0733100720","201312",0,,2000,1.2755,1600,0.8686,2000,0.4617,0,
"0734100111","201301",0,,0,1.279,0,0.8686,0,0.4582,0,
"0734100111","201302",0,,0,1.279,0,0.8686,0,0.4582,0,
"0734100111","201303",0,,0,1.279,0,0.8686,0,0.4582,0,
"0734100111","201304",0,,0,1.279,0,0.8686,0,0.4582,0,
"0734100111","201305",0,,0,1.279,0,0.8686,0,0.4582,0,
"0734100111","201306",0,,0,1.279,0,0.8686,0,0.4582,0,
"0734100111","201307",0,,0,1.279,0,0.8686,0,0.4582,0,
"0734100111","201308",0,,0,1.279,0,0.8686,0,0.4582,0,
"0734100111","201309",0,,0,1.279,0,0.8686,0,0.4582,0,
"0734100111","201310",0,,0,1.2755,0,0.8686,0,0.4617,0,
"0734100111","201311",0,,0,1.2755,0,0.8686,0,0.4617,0,
"0734100111","201312",0,,0,1.2755,0,0.8686,0,0.4617,0,
"0744000728","201301",0,,0,,0,,0,,0,
"0744000728","201302",0,,0,,0,,0,,0,
"0744000728","201303",0,,0,,0,,0,,0,
"0744000728","201304",0,,0,,0,,0,,0,
"0744000728","201305",0,,0,,0,,0,,0,
"0744000728","201306",0,,0,,0,,0,,0,
"0744000728","201307",0,,0,,0,,0,,0,
"0744000728","201308",0,,0,,0,,0,,0,
"0744000728","201309",0,,0,,0,,0,,0,
"0744000728","201310",0,,0,,0,,0,,0,
"0744000728","201311",0,,0,,0,,0,,0,
"0744000728","201312",0,,0,,0,,0,,0,
"0745096675","201301",0,,79500,0.8135,74229,0.5606,61500,0.3077,0,
"0745096675","201302",0,,30000,0.8135,30064,0.5606,15000,0.3077,0,
"0745096675","201303",0,,81000,0.8135,77488,0.5606,75000,0.3077,0,
"0745096675","201304",0,,48000,0.8135,51304,0.5606,34500,0.3077,0,
"0745096675","201305",0,,49500,0.8135,78599,0.5606,60000,0.3077,0,
"0745096675","201306",0,,40500,0.8135,19589,0.5606,10500,0.3077,0,
"0745096675","201307",0,,19500,0.8135,28591,0.5606,18000,0.3077,0,
"0745096675","201308",0,,58500,0.8135,69483,0.5606,43500,0.3077,0,
"0745096675","201309",0,,78000,0.8135,74247,0.5606,60000,0.3077,0,
"0745096675","201310",0,,69000,0.81,68060,0.5606,54000,0.3112,0,
"0745096675","201311",0,,72000,0.81,72616,0.5606,55500,0.3112,0,
"0745096675","201312",0,,97500,0.81,109241,0.5606,84000,0.3112,0,
"0773003278","201301",0,,0,0.8065,0,0.5536,0,0.3007,0,
"0773003278","201302",0,,0,0.8065,0,0.5536,0,0.3007,0,
"0773003278","201303",0,,0,0.8065,0,0.5536,0,0.3007,0,
"0773003278","201304",0,,0,0.8065,0,0.5536,0,0.3007,0,
"0773003278","201305",0,,0,0.8065,0,0.5536,0,0.3007,0,
"0773003278","201306",0,,0,0.8065,0,0.5536,0,0.3007,0,
"0773003278","201307",0,,0,0.8065,0,0.5536,0,0.3007,0,
"0773003278","201308",0,,0,0.8065,900,0.5536,0,0.3007,0,
"0773003278","201309",0,,0,0.8065,0,0.5536,0,0.3007,0,
"0773003278","201309",0,,0,,0,,0,,0,
"0773003278","201310",0,,0,0.8065,0,0.5536,0,0.3007,0,
"0773003278","201310",0,,0,0.803,0,0.5536,0,0.3042,0,
"0773003278","201311",0,,0,0.803,0,0.5536,0,0.3042,0,
"0773003278","201312",0,,0,0.803,0,0.5536,0,0.3042,0,
"6400011673","201301",0,,38000,1.279,32804,0.8686,16800,0.4582,0,
"6400011673","201302",0,,39600,1.279,34404,0.8686,20000,0.4582,0,
"6400011673","201303",0,,33200,1.279,28403,0.8686,16400,0.4582,0,
"6400011673","201304",0,,34800,1.279,30803,0.8686,16400,0.4582,0,
"6400011673","201305",0,,6000,1.279,6400,0.8686,3600,0.4582,0,
"6400011673","201306",0,,6800,1.279,6400,0.8686,4000,0.4582,0,
"6400011673","201307",0,,5200,1.279,5600,0.8686,3200,0.4582,0,
"6400011673","201308",0,,6400,1.279,6000,0.8686,3600,0.4582,0,
"6400011673","201308",0,,632,1.279,732,0.8686,620,0.4582,0,
"6400306171","201301",0,,0,,0,0.52,0,0.2929,0,
"6400306171","201302",0,,0,,0,0.52,0,0.2929,0,
"6400306171","201303",0,,0,,0,0.52,0,0.2929,0,
"6400306171","201304",0,,0,,0,0.52,0,0.2929,0,
"6400306171","201305",0,,0,,0,0.5,0,,0,
"6400306171","201306",0,,0,,0,0.5,0,,0,
"6400306171","201307",0,,0,,0,0.5,0,,0,
"6400306171","201308",0,,0,,0,0.5,0,,0,
"6400306171","201309",0,,0,,0,0.5,0,,0,
"6400306171","201310",0,,0,,0,0.5,0,,0,
"6400306171","201311",0,,0,,0,0.5,0,,0,
"6400306171","201312",0,,0,,0,0.52,0,0.2929,0,
"6600211059","201301",0,,1716,1.29,1537,0.8796,3073,0.4692,0,
"6600211059","201302",0,,2203,1.29,2014,0.8796,4177,0.4692,0,
"6600211059","201303",0,,4436,1.29,4092,0.8796,9882,0.4692,0,
"6600211059","201304",0,,2006,1.29,1511,0.8796,5735,0.4692,0,
"6600211059","201305",0,,2049,1.29,1375,0.8796,7184,0.4692,0,
"6600211059","201306",0,,1506,1.29,1352,0.8796,6657,0.4692,0,
"6600211059","201307",0,,698,1.29,790,0.8796,3262,0.4692,0,
"6600211059","201308",0,,693,1.29,681,0.8796,3122,0.4692,0,
"6600211059","201309",0,,0,,0,,0,,0,
"6600211059","201309",0,,1726,1.29,1128,0.8796,5813,0.4692,0,
"6600211059","201310",0,,2293,1.2865,1379,0.8796,5074,0.4727,0,
"6600211059","201310",0,,575,1.29,365,0.8796,1938,0.4692,0,
"6600211059","201311",0,,3805,1.2865,2371,0.8796,7198,0.4727,0,
"6600211059","201312",0,,2248,1.2865,1686,0.8796,3860,0.4727,0,
"6820130848","201301",0,,10202,1.29,16178,0.8796,13608,0.4692,0,
"6820130848","201302",0,,1755,1.29,3739,0.8796,1470,0.4692,0,
"6820130848","201303",0,,1412,1.29,1785,0.8796,1114,0.4692,0,
"6820130848","201304",0,,15265,1.29,23699,0.8796,19595,0.4692,0,
"6820130848","201305",0,,16138,1.29,27060,0.8796,21676,0.4692,0,
"6820130848","201306",0,,20405,1.29,26976,0.8796,22794,0.4692,0,
"6820130848","201307",0,,17341,1.29,19892,0.8796,18564,0.4692,0,
"6820130848","201308",0,,19167,1.29,22684,0.8796,20934,0.4692,0,
"6820130848","201309",0,,20547,1.29,23386,0.8796,19051,0.4692,0,
"6820130848","201310",0,,20783,1.2865,23808,0.8796,19241,0.4727,0,
"6820130848","201311",0,,20526,1.2865,24504,0.8796,18822,0.4727,0,
"6820130848","201312",0,,8846,1.2865,11921,0.8796,1322,0.4727,0,
"6961193661","201301",0,,2973,1.279,4259,0.8686,591,0.4582,0,
"6961193661","201302",0,,1152,1.279,2099,0.8686,237,0.4582,0,
"6961193661","201303",0,,513,1.279,844,0.8686,372,0.4582,0,
"6961193661","201304",0,,330,1.279,624,0.8686,210,0.4582,0,
"6961193661","201305",0,,261,1.279,576,0.8686,198,0.4582,0,
"6961193661","201306",0,,165,1.279,441,0.8686,117,0.4582,0,
"6961193661","201307",0,,162,1.279,456,0.8686,120,0.4582,0,
"6961193661","201308",0,,204,1.279,492,0.8686,129,0.4582,0,
"6961193661","201309",0,,195,1.279,498,0.8686,123,0.4582,0,
"6961193661","201309",0,,0,,0,,0,,0,
"6961193661","201310",0,,60,1.279,175,0.8686,30,0.4582,0,
"6961193661","201310",0,,63,1.279,235,0.8686,51,0.4582,0,
"6961193661","201311",0,,243,1.2755,522,0.8686,138,0.4617,0,
"6961193661","201312",0,,177,1.2755,552,0.8686,72,0.4617,0,
"6982034590","201301",0,,0,0.8135,0,0.5606,0,0.3077,0,
"6982034590","201301",0,,17600,0.8135,18800,0.5606,10800,0.3077,0,
"6982034590","201302",0,,15200,0.8135,11200,0.5606,10000,0.3077,0,
"6982034590","201303",0,,1600,0.8135,7600,0.5606,800,0.3077,0,
"6982034590","201304",0,,1200,0.8135,1600,0.5606,400,0.3077,0,
"6982034590","201305",0,,6800,0.8135,8400,0.5606,400,0.3077,0,
"6982034590","201306",0,,19600,0.8135,20400,0.5606,800,0.3077,0,
"6982034590","201307",0,,20000,0.8135,15200,0.5606,400,0.3077,0,
"6982034590","201308",0,,5600,0.8135,17080,0.5606,400,0.3077,0,
"6982034590","201309",0,,0,,0,,0,,0,
"6982034590","201309",0,,0,0.8135,0,0.5606,0,0.3077,0,
"6982034590","201309",0,,14800,0.8135,14400,0.5606,800,0.3077,0,
"6982034590","201310",0,,12000,0.81,13200,0.5606,400,0.3112,0,
"6982034590","201311",0,,10800,0.81,11600,0.5606,400,0.3112,0,
"6982034590","201312",0,,9200,0.81,10400,0.5606,800,0.3112,0,
"7000714571","201301",0,,0,1.279,389,0.8686,0,0.4582,0,
"7000714571","201302",0,,0,1.279,389,0.8686,0,0.4582,0,
"7000714571","201303",0,,0,1.279,389,0.8686,0,0.4582,0,
"7000714571","201304",0,,0,1.279,389,0.8686,0,0.4582,0,
"7000714571","201305",0,,0,1.279,389,0.8686,0,0.4582,0,
"7000714571","201306",0,,0,1.279,389,0.8686,0,0.4582,0,
"7000714571","201307",0,,0,1.279,389,0.8686,0,0.4582,0,
"7000714571","201308",0,,0,1.279,389,0.8686,0,0.4582,0,
"7000714571","201309",0,,18360,1.279,19953,0.8686,420,0.4582,0,
"7000714571","201309",0,,0,,0,,0,,0,
"7000714571","201310",0,,1620,1.279,1919,0.8686,60,0.4582,0,
"7000714571","201310",0,,1980,1.279,2947,0.8686,60,0.4582,0,
"7000714571","201311",0,,5160,1.2755,5971,0.8686,120,0.4617,0,
"7000714571","201312",0,,5340,1.2755,6454,0.8686,240,0.4617,0,
"7030002501","201301",0,,996,1.279,1885,0.8686,390,0.4582,0,
"7030002501","201302",0,,465,1.279,1039,0.8686,248,0.4582,0,
"7030002501","201303",0,,1060,1.279,2107,0.8686,306,0.4582,0,
"7030002501","201304",0,,1518,1.279,2793,0.8686,192,0.4582,0,
"7030002501","201305",0,,1002,1.279,1869,0.8686,55,0.4582,0,
"7030002501","201306",0,,826,1.279,1688,0.8686,75,0.4582,0,
"7030002501","201307",0,,1445,1.279,2910,0.8686,74,0.4582,0,
"7030002501","201308",0,,881,1.279,1778,0.8686,55,0.4582,0,
"7030002501","201309",0,,1243,1.279,2435,0.8686,15,0.4582,0,
"7030002501","201310",0,,1342,1.2755,2881,0.8686,89,0.4617,0,
"7030002501","201311",0,,1196,1.2755,2494,0.8686,78,0.4617,0,
"7030002501","201312",0,,818,1.2755,1327,0.8686,334,0.4617,0,
"7090069809","201301",0,,0,1.279,0,0.8686,0,0.4582,0,
"7090069809","201302",0,,0,1.279,0,0.8686,0,0.4582,0,
"7090069809","201303",0,,0,1.279,0,0.8686,0,0.4582,0,
"7090069809","201304",0,,0,1.279,0,0.8686,0,0.4582,0,
"7090069809","201305",0,,0,1.279,0,0.8686,0,0.4582,0,
"7090069809","201306",0,,0,1.279,0,0.8686,0,0.4582,0,
"7090069809","201307",0,,0,1.279,0,0.8686,0,0.4582,0,
"7090069809","201308",0,,0,1.279,0,0.8686,0,0.4582,0,
"7090069809","201309",0,,0,1.279,0,0.8686,0,0.4582,0,
"7090069809","201309",0,,0,,0,,0,,0,
"7090069809","201310",0,,0,1.2755,0,0.8686,0,0.4617,0,
"7090069809","201310",0,,0,1.279,0,0.8686,0,0.4582,0,
"7090069809","201311",0,,0,1.2755,0,0.8686,0,0.4617,0,
"7090069809","201312",0,,0,1.2755,0,0.8686,0,0.4617,0,
"7091228708","201301",0,,0,1.294,0,0.8786,0,0.4632,0,
"7091228708","201302",0,,0,1.294,0,0.8786,0,0.4632,0,
"7091228708","201303",0,,0,1.294,0,0.8786,0,0.4632,0,
"7091228708","201304",0,,0,1.294,0,0.8786,0,0.4632,0,
"7091228708","201305",0,,0,1.294,0,0.8786,0,0.4632,0,
"7091228708","201306",0,,0,1.294,0,0.8786,0,0.4632,0,
"7091228708","201307",0,,0,1.294,0,0.8786,0,0.4632,0,
"7091228708","201308",0,,0,1.294,0,0.8786,0,0.4632,0,
"7091228708","201309",0,,0,1.294,0,0.8786,0,0.4632,0,
"7091228708","201310",0,,0,1.294,0,0.8786,0,0.4632,0,
"7091228708","201310",0,,0,1.2905,0,0.8786,0,0.4667,0,
"7091228708","201311",0,,0,1.2905,0,0.8786,0,0.4667,0,
"7091228708","201312",0,,0,1.2905,0,0.8786,0,0.4667,0,
"7091431182","201301",0,,0,1.294,0,0.8786,0,0.4632,0,
"7091431182","201302",0,,0,1.294,0,0.8786,0,0.4632,0,
"7091431182","201303",0,,0,1.294,0,0.8786,0,0.4632,0,
"7091431182","201304",0,,0,1.294,0,0.8786,0,0.4632,0,
"7091431182","201305",0,,0,1.294,70,0.8786,0,0.4632,0,
"7091431182","201306",0,,0,1.294,20,0.8786,0,0.4632,0,
"7091431182","201307",0,,0,1.294,30,0.8786,0,0.4632,0,
"7091431182","201308",0,,0,1.294,30,0.8786,0,0.4632,0,
"7091431182","201309",0,,0,1.294,30,0.8786,0,0.4632,0,
"7091431182","201310",0,,0,1.294,30,0.8786,0,0.4632,0,
"7091431182","201310",0,,0,1.294,0,0.8786,0,0.4632,0,
"7091431182","201311",0,,0,1.2905,150,0.8786,0,0.4667,0,
"7091431182","201312",0,,0,1.2905,30,0.8786,0,0.4667,0,
"7161809406","201301",0,,40480,1.279,51454,0.8686,30320,0.4582,0,
"7161809406","201302",0,,30800,1.279,38217,0.8686,16000,0.4582,0,
"7161809406","201303",0,,27520,1.279,32458,0.8686,13520,0.4582,0,
"7161809406","201304",0,,23200,1.279,15986,0.8686,10560,0.4582,0,
"7161809406","201305",0,,9840,1.279,7820,0.8686,5920,0.4582,0,
"7161809406","201306",0,,17760,1.279,15380,0.8686,8880,0.4582,0,
"7161809406","201307",0,,12320,1.279,10565,0.8686,6320,0.4582,0,
"7161809406","201308",0,,13120,1.279,11325,0.8686,7440,0.4582,0,
"7161809406","201309",0,,11440,1.279,10374,0.8686,5760,0.4582,0,
"7161809406","201310",0,,9840,1.2755,8306,0.8686,5280,0.4617,0,
"7161809406","201311",0,,24560,1.2755,21206,0.8686,10960,0.4617,0,
"7161809406","201312",0,,10080,1.2755,8392,0.8686,6000,0.4617,0,
"7172456879","201301",0,,0,1.279,0,0.8686,0,0.4582,0,
"7172456879","201302",0,,0,1.279,0,0.8686,0,0.4582,0,
"7172456879","201303",0,,0,1.279,0,0.8686,0,0.4582,0,
"7172456879","201304",0,,3205,1.279,3625,0.8686,2561,0.4582,0,
"7172456879","201305",0,,2166,1.279,2587,0.8686,1382,0.4582,0,
"7172456879","201306",0,,2212,1.279,2744,0.8686,695,0.4582,0,
"7172456879","201307",0,,2301,1.279,2724,0.8686,627,0.4582,0,
"7172456879","201308",0,,2658,1.279,2859,0.8686,849,0.4582,0,
"7172456879","201309",0,,2350,1.279,2418,0.8686,777,0.4582,0,
"7172456879","201310",0,,2949,1.2755,2896,0.8686,1168,0.4617,0,
"7172456879","201311",0,,3347,1.2755,3404,0.8686,1393,0.4617,0,
"7172456879","201312",0,,3130,1.2755,3347,0.8686,1069,0.4617,0,
"7410028381","201301",0,,145,1.279,318,0.8686,139,0.4582,0,
"7410028381","201302",0,,0,1.279,209,0.8686,0,0.4582,0,
"7410028381","201303",0,,2556,1.279,2936,0.8686,2555,0.4582,0,
"7410028381","201304",0,,278,1.279,511,0.8686,293,0.4582,0,
"7410028381","201305",0,,94,1.279,295,0.8686,65,0.4582,0,
"7410028381","201306",0,,60,1.279,270,0.8686,36,0.4582,0,
"7410028381","201307",0,,60,1.279,269,0.8686,30,0.4582,0,
"7410028381","201308",0,,90,1.279,299,0.8686,60,0.4582,0,
"7410028381","201309",0,,186,1.279,408,0.8686,73,0.4582,0,
"7410028381","201310",0,,0,1.2755,209,0.8686,0,0.4617,0,
"7410028381","201311",0,,0,1.2755,-7,0.8686,0,0.4617,0,
"7410028381","201312",0,,0,1.2755,0,0.8686,0,0.4617,0,
"7480009497","201301",0,,0,0.8065,0,0.5536,0,0.3007,0,
"7480009497","201302",0,,0,0.8065,0,0.5536,0,0.3007,0,
"7480009497","201303",0,,1800,0.8065,2490,0.5536,0,0.3007,0,
"7480009497","201304",0,,8200,0.8065,10253,0.5536,100,0.3007,0,
"7480009497","201305",0,,11000,0.8065,13821,0.5536,400,0.3007,0,
"7480009497","201306",0,,11300,0.8065,11407,0.5536,300,0.3007,0,
"7480009497","201307",0,,9500,0.8065,10679,0.5536,200,0.3007,0,
"7480009497","201308",0,,9300,0.8065,10782,0.5536,200,0.3007,0,
"7480009497","201309",0,,8400,0.8065,9558,0.5536,200,0.3007,0,
"7480009497","201309",0,,0,,0,,0,,0,
"7480009497","201310",0,,8600,0.8065,10017,0.5536,100,0.3007,0,
"7480009497","201310",0,,1200,0.8065,1268,0.5536,0,0.3007,0,
"7480009497","201311",0,,7900,0.803,8548,0.5536,300,0.3042,0,
"7480009497","201312",0,,12600,0.803,12841,0.5536,900,0.3042,0,
"7480054093","201301",0,,270,1.279,531,0.8686,30,0.4582,0,
"7480054093","201302",0,,60,1.279,320,0.8686,30,0.4582,0,
"7480054093","201303",0,,60,1.279,320,0.8686,60,0.4582,0,
"7480054093","201304",0,,60,1.279,380,0.8686,30,0.4582,0,
"7480054093","201305",0,,330,1.279,592,0.8686,150,0.4582,0,
"7480054093","201306",0,,240,1.279,561,0.8686,60,0.4582,0,
"7480054093","201307",0,,360,1.279,651,0.8686,60,0.4582,0,
"7480054093","201308",0,,390,1.279,501,0.8686,60,0.4582,0,
"7480054093","201309",0,,210,1.279,441,0.8686,30,0.4582,0,
"7480054093","201309",0,,0,,0,,0,,0,
"7480054093","201310",0,,0,1.279,0,0.8686,0,0.4582,0,
"7480054093","201310",0,,120,1.279,381,0.8686,30,0.4582,0,
"7480054093","201311",0,,300,1.2755,471,0.8686,90,0.4617,0,
"7480054093","201312",0,,0,1.2755,230,0.8686,0,0.4617,0,
"7480066175","201301",0,,6900,0.8065,6602,0.5536,400,0.3007,0,
"7480066175","201302",0,,7800,0.8065,6909,0.5536,1300,0.3007,0,
"7480066175","201303",0,,5800,0.8065,5604,0.5536,1200,0.3007,0,
"7480066175","201304",0,,6400,0.8065,6304,0.5536,1300,0.3007,0,
"7480066175","201305",0,,7400,0.8065,6910,0.5536,1500,0.3007,0,
"7480066175","201306",0,,6900,0.8065,7111,0.5536,1400,0.3007,0,
"7480066175","201307",0,,5800,0.8065,6005,0.5536,1500,0.3007,0,
"7480066175","201308",0,,5500,0.8065,5503,0.5536,1600,0.3007,0,
"7480066175","201309",0,,4600,0.8065,5097,0.5536,900,0.3007,0,
"7480066175","201309",0,,0,,0,,0,,0,
"7480066175","201310",0,,1400,0.8065,1329,0.5536,500,0.3007,0,
"7480066175","201310",0,,4100,0.8065,4278,0.5536,1100,0.3007,0,
"7480066175","201311",0,,5600,0.803,6002,0.5536,1200,0.3042,0,
"7480066175","201312",0,,5800,0.803,5801,0.5536,1500,0.3042,0,
"7560022666","201301",0,,2600,1.279,6400,0.8686,0,0.4582,0,
"7560022666","201302",0,,2000,1.279,2000,0.8686,2000,0.4582,0,
"7560022666","201303",0,,2000,1.279,5000,0.8686,1000,0.4582,0,
"7560022666","201304",0,,1200,1.279,8800,0.8686,1000,0.4582,0,
"7560022666","201305",0,,2000,1.279,4000,0.8686,6000,0.4582,0,
"7560022666","201306",0,,5000,1.279,20400,0.8686,0,0.4582,0,
"7560022666","201307",0,,6000,1.279,19800,0.8686,0,0.4582,0,
"7560022666","201308",0,,8600,1.279,18000,0.8686,2000,0.4582,0,
"7560022666","201309",0,,4400,1.279,18400,0.8686,4000,0.4582,0,
"7560022666","201310",0,,1838,1.279,5420,0.8686,966,0.4582,0,
"7560022666","201310",0,,1962,1.279,5780,0.8686,1034,0.4582,0,
"7560022666","201311",0,,10000,1.2755,9400,0.8686,2000,0.4617,0,
"7560022666","201312",0,,19600,1.2755,2600,0.8686,8000,0.4617,0,
"7560051725","201301",0,,0,1.294,4712,0.8786,0,0.4632,0,
"7560051725","201302",0,,0,1.294,5087,0.8786,0,0.4632,0,
"7560051725","201303",0,,0,1.294,500,0.8786,0,0.4632,0,
"7560051725","201304",0,,0,1.294,0,0.8786,0,0.4632,0,
"7560051725","201305",0,,0,1.294,674,0.8786,0,0.4632,0,
"7560051725","201306",0,,0,1.294,331,0.8786,0,0.4632,0,
"7560051725","201307",0,,0,1.294,0,0.8786,0,0.4632,0,
"7560051725","201308",0,,0,1.294,0,0.8786,0,0.4632,0,
"7560051725","201309",0,,0,1.294,0,0.8786,0,0.4632,0,
"7560051725","201310",0,,0,1.294,0,0.8786,0,0.4632,0,
"7560051725","201310",0,,0,1.294,0,0.8786,0,0.4632,0,
"7560051725","201311",0,,0,1.2905,0,0.8786,0,0.4667,0,
"7560051725","201312",0,,0,1.2905,0,0.8786,0,0.4667,0,
"7560057420","201301",0,,9600,1.279,10800,0.8686,7600,0.4582,0,
"7560057420","201302",0,,10000,1.279,12400,0.8686,29600,0.4582,0,
"7560057420","201303",0,,9200,1.279,7600,0.8686,6400,0.4582,0,
"7560057420","201304",0,,15200,1.279,15600,0.8686,12000,0.4582,0,
"7560057420","201305",0,,9600,1.279,9200,0.8686,7200,0.4582,0,
"7560057420","201306",0,,6000,1.279,5600,0.8686,2400,0.4582,0,
"7560057420","201307",0,,8000,1.279,6000,0.8686,6000,0.4582,0,
"7560057420","201308",0,,4000,1.279,5600,0.8686,2400,0.4582,0,
"7560057420","201309",0,,0,1.279,10000,0.8686,400,0.4582,0,
"7560057420","201310",0,,0,1.279,0,0.8686,0,0.4582,0,
"7560057420","201310",0,,0,1.279,0,0.8686,0,0.4582,0,
"7560057420","201311",0,,0,1.2755,0,0.8686,0,0.4617,0,
"7560057420","201312",0,,0,1.2755,0,0.8686,0,0.4617,0,
"7820029408","201301",0,,808,0.8065,568,0.5536,1032,0.3007,0,
"7820029408","201302",0,,616,0.8065,-552,0.5536,624,0.3007,0,
"7820029408","201303",0,,2880,0.8065,3360,0.5536,1680,0.3007,0,
"7820029408","201304",0,,8000,0.8065,6400,0.5536,2400,0.3007,0,
"7820029408","201305",0,,16000,0.8065,12000,0.5536,2400,0.3007,0,
"7820029408","201306",0,,74400,0.8065,58400,0.5536,35200,0.3007,0,
"7820029408","201307",0,,60000,0.8065,43200,0.5536,28800,0.3007,0,
"7820029408","201308",0,,56000,0.8065,39200,0.5536,28000,0.3007,0,
"7820029408","201309",0,,46400,0.8065,34400,0.5536,23200,0.3007,0,
"7820029408","201310",0,,1712,0.8065,1408,0.5536,832,0.3007,0,
"7820029408","201310",0,,49488,0.803,40992,0.5536,23968,0.3042,0,
"7820029408","201311",0,,22944,0.803,21368,0.5536,13856,0.3042,0,
"7820029408","201312",0,,10096,0.803,8880,0.5536,3176,0.3042,0,
"7850043658","201301",0,,5730,1.279,4701,0.8686,1950,0.4582,0,
"7850043658","201302",0,,3300,1.279,3014,0.8686,1410,0.4582,0,
"7850043658","201303",0,,2820,1.279,2796,0.8686,1170,0.4582,0,
"7850043658","201304",0,,5400,1.279,4478,0.8686,1680,0.4582,0,
"7850043658","201305",0,,3930,1.279,3508,0.8686,1500,0.4582,0,
"7850043658","201306",0,,4470,1.279,4068,0.8686,1530,0.4582,0,
"7850043658","201307",0,,5370,1.279,4738,0.8686,2040,0.4582,0,
"7850043658","201308",0,,3000,1.279,3109,0.8686,1410,0.4582,0,
"7850043658","201309",0,,4140,1.279,3980,0.8686,1710,0.4582,0,
"7850043658","201309",0,,0,,0,,0,,0,
"7850043658","201310",0,,2190,1.2755,1868,0.8686,780,0.4617,0,
"7850043658","201310",0,,3540,1.279,3053,0.8686,1110,0.4582,0,
"7850043658","201311",0,,5250,1.2755,4600,0.8686,1770,0.4617,0,
"7850043658","201312",0,,4860,1.2755,4500,0.8686,1680,0.4617,0,
"7850049092","201301",0,,0,1.279,0,0.8686,0,0.4582,0,
"7850049092","201302",0,,0,1.279,0,0.8686,0,0.4582,0,
"7850049092","201303",0,,0,1.279,11070,0.8686,0,0.4582,0,
"7850049092","201304",0,,0,1.279,2429,0.8686,0,0.4582,0,
"7850049092","201305",0,,0,1.279,2514,0.8686,0,0.4582,0,
"7850049092","201306",0,,0,1.279,2730,0.8686,0,0.4582,0,
"7850049092","201307",0,,0,1.279,0,0.8686,0,0.4582,0,
"7850049092","201308",0,,0,1.279,2083,0.8686,0,0.4582,0,
"7850049092","201309",0,,0,1.279,1508,0.8686,0,0.4582,0,
"7850049092","201309",0,,0,,0,,0,,0,
"7850049092","201310",0,,0,1.279,910,0.8686,0,0.4582,0,
"7850049092","201310",0,,0,1.279,729,0.8686,0,0.4582,0,
"7850049092","201311",0,,0,1.2755,0,0.8686,0,0.4617,0,
"7850049092","201312",0,,0,1.2755,1412,0.8686,0,0.4617,0,
"7855297685","201301",0,,0,1.279,0,0.8686,0,0.4582,0,
"7855297685","201302",0,,0,1.279,0,0.8686,0,0.4582,0,
"7855297685","201303",0,,0,1.279,0,0.8686,0,0.4582,0,
"7855297685","201304",0,,0,1.279,0,0.8686,0,0.4582,0,
"7855297685","201305",0,,0,1.279,0,0.8686,0,0.4582,0,
"7855297685","201306",0,,0,1.279,0,0.8686,0,0.4582,0,
"7855297685","201307",0,,0,1.279,0,0.8686,0,0.4582,0,
"7855297685","201308",0,,0,1.279,0,0.8686,0,0.4582,0,
"7855297685","201309",0,,0,1.279,0,0.8686,0,0.4582,0,
"7855297685","201309",0,,0,,0,,0,,0,
"7855297685","201310",0,,0,1.2755,0,0.8686,0,0.4617,0,
"7855297685","201310",0,,0,1.279,0,0.8686,0,0.4582,0,
"7855297685","201311",0,,0,1.2755,0,0.8686,0,0.4617,0,
"7855297685","201312",0,,18400,1.2755,19200,0.8686,12800,0.4617,0,
"8000077972","201301",0,,2031,0.8135,2042,0.5606,1663,0.3077,0,
"8000077972","201302",0,,1618,0.8135,2077,0.5606,1426,0.3077,0,
"8000077972","201303",0,,1446,0.8135,701,0.5606,1482,0.3077,0,
"8000077972","201304",0,,942,0.8135,988,0.5606,842,0.3077,0,
"8000077972","201305",0,,549,0.8135,434,0.5606,544,0.3077,0,
"8000077972","201306",0,,615,0.8135,580,0.5606,640,0.3077,0,
"8000077972","201307",0,,756,0.8135,761,0.5606,696,0.3077,0,
"8000077972","201308",0,,862,0.8135,897,0.5606,731,0.3077,0,
"8000077972","201309",0,,1104,0.8135,1139,0.5606,595,0.3077,0,
"8000077972","201310",0,,1845,0.81,1799,0.5606,766,0.3112,0,
"8000077972","201311",0,,121,0.81,111,0.5606,151,0.3112,0,
"8000077972","201312",0,,0,0.81,0,0.5606,0,0.3112,0,
"8027065516","201301",0,,1236,1.294,1247,0.8786,1260,0.4632,0,
"8027065516","201302",0,,884,1.294,897,0.8786,796,0.4632,0,
"8027065516","201303",0,,759,1.294,801,0.8786,670,0.4632,0,
"8027065516","201304",0,,427,1.294,427,0.8786,268,0.4632,0,
"8027065516","201305",0,,0,1.294,0,0.8786,0,0.4632,0,
"8027065516","201306",0,,1523,1.294,1647,0.8786,697,0.4632,0,
"8027065516","201307",0,,427,1.294,427,0.8786,268,0.4632,0,
"8027065516","201308",0,,642,1.294,806,0.8786,6,0.4632,0,
"8027065516","201309",0,,320,1.294,402,0.8786,66,0.4632,0,
"8027065516","201310",0,,426,1.294,467,0.8786,151,0.4632,0,
"8027065516","201310",0,,284,1.294,312,0.8786,100,0.4632,0,
"8027065516","201311",0,,820,1.2905,782,0.8786,449,0.4667,0,
"8027065516","201312",0,,428,1.2905,453,0.8786,306,0.4667,0,
"8030865822","201301",0,,0,1.305,326,0.8896,0,0.4742,0,
"8030865822","201302",0,,0,1.305,304,0.8896,0,0.4742,0,
"8030865822","201303",0,,0,1.305,280,0.8896,0,0.4742,0,
"8030865822","201304",0,,0,1.305,40,0.8896,0,0.4742,0,
"8030865822","201304",0,,0,1.305,19,0.8896,0,0.4742,0,
"8030865822","201305",0,,0,1.305,357,0.8896,0,0.4742,0,
"8030865822","201306",0,,0,1.305,808,0.8896,0,0.4742,0,
"8030865822","201307",0,,0,1.305,315,0.8896,0,0.4742,0,
"8030865822","201308",0,,0,1.305,793,0.8896,0,0.4742,0,
"8030865822","201309",0,,0,1.305,570,0.8896,0,0.4742,0,
"8030865822","201310",0,,0,1.305,247,0.8896,0,0.4742,0,
"8030865822","201310",0,,0,1.305,178,0.8896,0,0.4742,0,
"8030865822","201311",0,,0,1.3015,591,0.8896,0,0.4777,0,
"8030865822","201312",0,,0,1.3015,361,0.8896,0,0.4777,0,
"8071884808","201301",0,,0,1.294,0,0.8786,0,0.4632,0,
"8071884808","201302",0,,0,1.294,0,0.8786,0,0.4632,0,
"8071884808","201303",0,,0,1.294,0,0.8786,0,0.4632,0,
"8071884808","201304",0,,0,1.294,0,0.8786,0,0.4632,0,
"8071884808","201305",0,,0,1.294,0,0.8786,0,0.4632,0,
"8071884808","201306",0,,0,1.294,0,0.8786,0,0.4632,0,
"8071884808","201307",0,,0,1.294,0,0.8786,0,0.4632,0,
"8071884808","201308",0,,0,1.294,0,0.8786,0,0.4632,0,
"8071884808","201309",0,,0,1.294,0,0.8786,0,0.4632,0,
"8071884808","201310",0,,0,1.294,0,0.8786,0,0.4632,0,
"8071884808","201310",0,,0,1.294,0,0.8786,0,0.4632,0,
"8071884808","201311",0,,0,1.2905,0,0.8786,0,0.4667,0,
"8071884808","201312",0,,0,1.2905,0,0.8786,0,0.4667,0,
"8074308679","201301",0,,593,1.279,895,0.8686,502,0.4582,0,
"8074308679","201302",0,,439,1.279,754,0.8686,386,0.4582,0,
"8074308679","201303",0,,184,1.279,491,0.8686,126,0.4582,0,
"8074308679","201304",0,,110,1.279,406,0.8686,129,0.4582,0,
"8074308679","201305",0,,306,1.279,577,0.8686,116,0.4582,0,
"8074308679","201306",0,,242,1.279,554,0.8686,106,0.4582,0,
"8074308679","201307",0,,143,1.279,391,0.8686,91,0.4582,0,
"8074308679","201308",0,,366,1.279,650,0.8686,448,0.4582,0,
"8074308679","201309",0,,0,,0,,0,,0,
"8074308679","201309",0,,37,1.279,39,0.8686,27,0.4582,0,
"8074308679","201309",0,,804,1.279,900,0.8686,1102,0.4582,0,
"8074308679","201310",0,,568,1.2755,863,0.8686,610,0.4617,0,
"8074308679","201311",0,,253,1.2755,487,0.8686,306,0.4617,0,
"8074308679","201312",0,,0,1.2755,288,0.8686,0,0.4617,0,
"8076811676","201301",0,,3048,0.8135,3258,0.5606,1536,0.3077,0,
"8076811676","201302",0,,3594,0.8135,3528,0.5606,1584,0.3077,0,
"8076811676","201303",0,,12474,0.8135,11388,0.5606,5178,0.3077,0,
"8076811676","201304",0,,8994,0.8135,7818,0.5606,2496,0.3077,0,
"8076811676","201305",0,,10890,0.8135,9606,0.5606,3096,0.3077,0,
"8076811676","201306",0,,9234,0.8135,8538,0.5606,2736,0.3077,0,
"8076811676","201307",0,,4476,0.8135,3816,0.5606,810,0.3077,0,
"8076811676","201308",0,,2850,0.8135,2556,0.5606,852,0.3077,0,
"8076811676","201309",0,,8478,0.8135,7044,0.5606,1602,0.3077,0,
"8076811676","201310",0,,8820,0.81,7014,0.5606,2316,0.3112,0,
"8076811676","201311",0,,14244,0.81,13602,0.5606,3384,0.3112,0,
"8076811676","201312",0,,7740,0.81,9672,0.5606,8988,0.3112,0,
"8077011396","201301",0,,40500,1.29,27020,0.8796,24000,0.4692,0,
"8077011396","201302",0,,45000,1.29,40530,0.8796,25500,0.4692,0,
"8077011396","201303",0,,34500,1.29,27014,0.8796,15000,0.4692,0,
"8077011396","201304",0,,18000,1.29,10503,0.8796,4500,0.4692,0,
"8077011396","201305",0,,4500,1.29,6001,0.8796,1500,0.4692,0,
"8077011396","201306",0,,6000,1.29,4500,0.8796,1500,0.4692,0,
"8077011396","201307",0,,3000,1.29,7500,0.8796,0,0.4692,0,
"8077011396","201308",0,,4500,1.29,1500,0.8796,1500,0.4692,0,
"8077011396","201309",0,,4500,1.29,6001,0.8796,1500,0.4692,0,
"8077011396","201309",0,,0,,0,,0,,0,
"8077011396","201310",0,,1500,1.29,1500,0.8796,1500,0.4692,0,
"8077011396","201310",0,,0,1.2865,1500,0.8796,0,0.4727,0,
"8077011396","201311",0,,18000,1.2865,9002,0.8796,3000,0.4727,0,
"8077011396","201312",0,,25500,1.2865,22508,0.8796,9000,0.4727,0,
"8086686415","201301",0,,5628,1.29,6551,0.8796,3617,0.4692,0,
"8086686415","201302",0,,0,1.29,346,0.8796,0,0.4692,0,
"8086686415","201303",0,,0,1.29,81,0.8796,0,0.4692,0,
"8086686415","201303",0,,0,,0,,0,,0,
"8112649201","201301",0,,1800,1.279,2661,0.8686,1200,0.4582,0,
"8112649201","201302",0,,800,1.279,1459,0.8686,800,0.4582,0,
"8112649201","201303",0,,5200,1.279,6485,0.8686,2200,0.4582,0,
"8112649201","201304",0,,34200,1.279,40036,0.8686,25600,0.4582,0,
"8112649201","201305",0,,39400,1.279,43063,0.8686,33200,0.4582,0,
"8112649201","201306",0,,39400,1.279,43063,0.8686,33200,0.4582,0,
"8112649201","201307",0,,38000,1.279,53350,0.8686,9800,0.4582,0,
"8112649201","201308",0,,50200,1.279,53653,0.8686,62000,0.4582,0,
"8112649201","201309",0,,47000,1.279,54248,0.8686,35400,0.4582,0,
"8112649201","201310",0,,47800,1.2755,57174,0.8686,35400,0.4617,0,
"8112649201","201311",0,,52400,1.2755,58698,0.8686,37800,0.4617,0,
"8112649201","201312",0,,55200,1.2755,65230,0.8686,41200,0.4617,0,
"8115235674","201301",0,,3026,1.29,3423,0.8796,2676,0.4692,0,
"8115235674","201302",0,,0,1.29,346,0.8796,0,0.4692,0,
"8115235674","201303",0,,0,1.29,346,0.8796,0,0.4692,0,
"8115235674","201304",0,,6707,1.29,7535,0.8796,5480,0.4692,0,
"8115235674","201305",0,,4267,1.29,4821,0.8796,2008,0.4692,0,
"8115235674","201306",0,,1633,1.29,1947,0.8796,806,0.4692,0,
"8115235674","201307",0,,959,1.29,1299,0.8796,482,0.4692,0,
"8115235674","201308",0,,816,1.29,1068,0.8796,422,0.4692,0,
"8115235674","201309",0,,0,,0,,0,,0,
"8115235674","201309",0,,1266,1.29,1546,0.8796,297,0.4692,0,
"8115235674","201310",0,,422,1.29,450,0.8796,99,0.4692,0,
"8115235674","201310",0,,2284,1.2865,2555,0.8796,932,0.4727,0,
"8115235674","201311",0,,3777,1.2865,4295,0.8796,1282,0.4727,0,
"8115235674","201312",0,,0,1.2865,346,0.8796,0,0.4727,0,
"8125225142","201301",0,,720,1.279,1047,0.8686,600,0.4582,0,
"8125225142","201302",0,,0,1.279,446,0.8686,0,0.4582,0,
"8125225142","201303",0,,1080,1.279,1407,0.8686,1080,0.4582,0,
"8125225142","201304",0,,1080,1.279,1767,0.8686,600,0.4582,0,
"8125225142","201305",0,,5040,1.279,5381,0.8686,1080,0.4582,0,
"8125225142","201306",0,,8520,1.279,7785,0.8686,600,0.4582,0,
"8125225142","201307",0,,9720,1.279,7791,0.8686,1680,0.4582,0,
"8125225142","201308",0,,8760,1.279,8386,0.8686,2760,0.4582,0,
"8125225142","201309",0,,15720,1.279,14666,0.8686,4440,0.4582,0,
"8125225142","201309",0,,0,,0,,0,,0,
"8125225142","201310",0,,5280,1.279,5086,0.8686,1080,0.4582,0,
"8125225142","201310",0,,10800,1.279,10176,0.8686,2160,0.4582,0,
"8125225142","201311",0,,15720,1.2755,15383,0.8686,3960,0.4617,0,
"8125225142","201312",0,,21360,1.2755,19887,0.8686,9840,0.4617,0,
"8127759186","201310",0,,76,1.29,152,0.8796,76,0.4692,0,
"8127759186","201310",0,,324,1.2865,648,0.8796,324,0.4727,0,
"8127759186","201311",0,,800,1.2865,1200,0.8796,400,0.4727,0,
"8127759186","201312",0,,1200,1.2865,400,0.8796,800,0.4727,0,
"8147801708","201306",0,,14320,1.29,14624,0.8796,2880,0.4692,0,
"8147801708","201307",0,,6160,1.29,6276,0.8796,5520,0.4692,0,
"8147801708","201308",0,,6400,1.29,7660,0.8796,6240,0.4692,0,
"8147801708","201309",0,,0,1.29,0,0.8796,0,0.4692,0,
"8147801708","201309",0,,10960,1.29,11472,0.8796,10800,0.4692,0,
"8147801708","201309",0,,0,,0,,0,,0,
"8147801708","201310",0,,6560,1.2865,6838,0.8796,3680,0.4727,0,
"8147801708","201311",0,,4240,1.2865,3825,0.8796,1520,0.4727,0,
"8147801708","201312",0,,4880,1.2865,2703,0.8796,800,0.4727,0,
"8155814738","201311",0,,0,1.2755,0,0.8686,0,0.4617,0,
"8155814738","201312",0,,28500,1.2755,37500,0.8686,13500,0.4617,0,
"8158196734","201309",0,,5100,1.279,3300,0.8686,25200,0.4582,0,
"8158196734","201310",0,,13200,1.2755,4500,0.8686,52500,0.4617,0,
"8158196734","201311",0,,21000,1.2755,3600,0.8686,58800,0.4617,0,
"8158196734","201312",0,,10500,1.2755,5400,0.8686,59100,0.4617,0,
