
======================================================================================
----------------------------------------------------------------------------
	簇个数:	 20
--------------------------------------
	簇ID:	 计数

	0:	 2172802
	1:	 1
	2:	 1
	3:	 1
	4:	 2
	5:	 1
	6:	 1
	7:	 409
	8:	 55
	9:	 8
	10:	 1
	11:	 2
	12:	 1
	13:	 1
	14:	 4
	15:	 19
	16:	 2
	17:	 55
	18:	 3
	19:	 2808
--------------------------------------
	 簇中心 

0,2172802,||,0.0,269.42886026103804,13.25241130400725,263.24354527157976,11.779248034897115,254.06236644457096,10.928537864042816,225.0416004882209,13.728204835540714,223.75054526743762,13.00915874404624,229.94759127332776
1,1,||,0.0,2695996.0,8159430.0,1.7071426E7,1.0258397E7,7278270.0,8738429.0,1.1242506E7,1.5244879E7,1.5612803E7,1.5576764E7,1.6013604E7
2,1,||,0.0,160000.0,680000.0,3280000.0,3560000.0,3900000.0,3760000.0,3840000.0,4860000.0,3500000.0,4100000.0,4020000.0
3,1,||,0.0,59.0,27.0,19.0,24.0,21.0,45.0,24.0,21.0,19.0,24.0,5769273.0
4,2,||,0.0,287917.5,339960.0,302475.0,300090.0,131805.0,165000.0,795605.0,271185.0,174855.0,302700.0,233445.0
5,1,||,0.0,3597264.0,4185984.0,5367120.0,4754640.0,3906144.0,4364448.0,4366560.0,4383456.0,4765200.0,5101536.0,5444208.0
6,1,||,0.0,53520.0,404960.0,784480.0,991760.0,1154800.0,1125040.0,1060880.0,908560.0,821200.0,741360.0,152800.0
7,409,||,0.0,24642.760391198044,14058.691931540343,16318.110024449878,12217.070904645478,12765.092909535453,12681.787286063569,14420.14914425428,13150.638141809291,13469.987775061125,15040.066014669927,18240.383863080686
8,55,||,0.0,159333.21818181817,46842.836363636365,31513.927272727273,10016.218181818182,12040.127272727274,7801.218181818182,8011.727272727273,9705.145454545454,10040.745454545455,22093.18181818182,42997.74545454545
9,8,||,0.0,272768.875,195341.375,332360.5,347539.75,323806.125,273777.375,265541.875,308939.75,228735.75,334349.375,259231.0
10,1,||,0.0,3200.0,3200.0,3200.0,0.0,0.0,0.0,0.0,0.0,4471200.0,0.0,0.0
11,2,||,0.0,1465194.0,328174.5,367742.5,371486.0,339066.5,348048.5,181707.5,224858.0,712507.0,548790.0,775612.0
12,1,||,0.0,147780.0,422400.0,441060.0,985740.0,505230.0,83820.0,654360.0,807870.0,498060.0,231900.0,498210.0
13,1,||,0.0,151650.0,1350.0,544500.0,486000.0,483000.0,565500.0,556500.0,616500.0,471000.0,138000.0,405000.0
14,4,||,0.0,12933.75,59257.5,333356.25,239696.25,196755.0,180000.0,168135.0,279956.25,208376.25,199241.25,71223.75
15,19,||,0.0,115453.42105263157,135613.68421052632,150340.15789473685,129957.57894736843,140262.7894736842,128080.52631578948,108979.78947368421,92115.63157894737,97684.8947368421,98927.26315789473,91813.1052631579
16,2,||,0.0,294000.0,152000.0,106000.0,132000.0,37000.0,76000.0,64000.0,122000.0,479000.0,244000.0,812000.0
17,55,||,0.0,27090.927272727273,41349.98181818182,54907.58181818182,48179.34545454545,46828.09090909091,52688.30909090909,52938.38181818182,53697.25454545455,45701.0,57286.65454545455,46222.472727272725
18,3,||,0.0,463786.6666666667,284180.0,396366.6666666667,369846.6666666667,443706.6666666667,517560.0,565546.6666666666,496426.6666666667,364360.0,456266.6666666667,568006.6666666666
19,2808,||,0.0,6386.911441728657,2474.2079348211123,4209.88522848034,2311.9985830676587,3711.5823591923486,2336.4282678002123,4090.647892313142,2750.422600070847,3735.037194473964,2340.804463336876,3938.900106269926
----------------------------------------------------------------------------
	 打印每个簇及其样本信息 

----------------------------------------------------------------------------
	 簇及其样本 

--------------------------------------
	簇ID:	 计数
	0:	 2172802

	样本数据

109, 0000001090, ||, 0.0, 76.0, 58.0, 68.0, 0.0, 9.0, 42.0, 71.0, 63.0, 63.0, 54.0, 48.0, ||,  0
265, 0000002657, ||, 0.0, 4.0, 0.0, 0.0, 0.0, 0.0, 0.0, 0.0, 0.0, 0.0, 0.0, 0.0, ||,  0
1007, 0000010072, ||, 0.0, 1.0, 0.0, 0.0, 0.0, 0.0, 40.0, 20.0, 35.0, 0.0, 0.0, 0.0, ||,  0
1243, 0000012430, ||, 0.0, 2.0, 1.0, 3.0, 0.0, 16.0, 0.0, 4.0, 12.0, 1.0, 12.0, 21.0, ||,  0
1606, 0000016067, ||, 0.0, 26.0, 13.0, 14.0, 16.0, 57.0, 100.0, 100.0, 92.0, 86.0, 56.0, 17.0, ||,  0
1649, 0000016490, ||, 0.0, 75.0, 0.0, 146.0, 1114.0, 22.0, 396.0, 228.0, 257.0, 221.0, 211.0, 212.0, ||,  0
2080, 0000020800, ||, 0.0, 14.0, 2.0, 0.0, 0.0, 0.0, 0.0, 0.0, 0.0, 0.0, 0.0, 0.0, ||,  0
2467, 0000024671, ||, 0.0, 102.0, 114.0, 176.0, 130.0, 116.0, 70.0, 53.0, 43.0, 38.0, 64.0, 67.0, ||,  0
3761, 0000037613, ||, 0.0, 58.0, 46.0, 84.0, 0.0, 0.0, 130.0, 52.0, 43.0, 46.0, 35.0, 28.0, ||,  0
6583, 0000065838, ||, 0.0, 182.0, 176.0, 0.0, 0.0, 0.0, 6.0, 85.0, 0.0, 0.0, 0.0, 0.0, ||,  0
7061, 0000070616, ||, 0.0, 5.0, 4.0, 50.0, 30.0, 24.0, 33.0, 0.0, 0.0, 0.0, 0.0, 0.0, ||,  0
8099, 0000080994, ||, 0.0, 1.0, 0.0, 0.0, 0.0, 0.0, 5.0, 10.0, 10.0, 6.0, 1.0, 2.0, ||,  0
8945, 0000089454, ||, 0.0, 1.0, 0.0, 0.0, 0.0, 4.0, 1.0, 1.0, 0.0, 0.0, 0.0, 0.0, ||,  0
9195, 0000091956, ||, 0.0, 19.0, 0.0, 22.0, 5.0, 0.0, 0.0, 1.0, 10.0, 0.0, 0.0, 0.0, ||,  0
9294, 0000092946, ||, 0.0, 3.0, 3.0, 1.0, 5.0, 8.0, 5.0, 4.0, 5.0, 6.0, 18.0, 5.0, ||,  0
9997, 0000099976, ||, 0.0, 55.0, 77.0, 88.0, 67.0, 11.0, 11.0, 152.0, 68.0, 64.0, 36.0, 30.0, ||,  0
10047, 0000100478, ||, 0.0, 4.0, 16.0, 3.0, 7.0, 2.0, 0.0, 3.0, 62.0, 72.0, 92.0, 37.0, ||,  0
10160, 0000101602, ||, 0.0, 214.0, 106.0, 0.0, 0.0, 280.0, 87.0, 0.0, 0.0, 0.0, 0.0, 0.0, ||,  0
10660, 0000106607, ||, 0.0, 1.0, 0.0, 0.0, 0.0, 0.0, 0.0, 0.0, 0.0, 0.0, 0.0, 0.0, ||,  0
11457, 0000114572, ||, 0.0, 19.0, 96.0, 34.0, 0.0, 108.0, 30.0, 36.0, 35.0, 32.0, 35.0, 36.0, ||,  0
11506, 0000115067, ||, 0.0, 122.0, 0.0, 0.0, 3.0, 0.0, 0.0, 6.0, 3.0, 22.0, 206.0, 262.0, ||,  0
12770, 0000127703, ||, 0.0, 8.0, 4.0, 195.0, 154.0, 29.0, 22.0, 19.0, 17.0, 11.0, 43.0, 71.0, ||,  0
13579, 0000135795, ||, 0.0, 194.0, 186.0, 233.0, 215.0, 35.0, 19.0, 24.0, 33.0, 69.0, 144.0, 119.0, ||,  0
13642, 0000136424, ||, 0.0, 2.0, 0.0, 0.0, 0.0, 1.0, 15.0, 24.0, 16.0, 17.0, 16.0, 14.0, ||,  0
14656, 0000146568, ||, 0.0, 1.0, 0.0, 0.0, 0.0, 0.0, 3.0, 4.0, 0.0, 0.0, 0.0, 3.0, ||,  0
14823, 0000148232, ||, 0.0, 22.0, 29.0, 21.0, 0.0, 0.0, 0.0, 17.0, 35.0, 14.0, 2.0, 1.0, ||,  0
15219, 0000152192, ||, 0.0, 1.0, 0.0, 0.0, 0.0, 0.0, 2.0, 6.0, 0.0, 0.0, 1.0, 0.0, ||,  0
15400, 0000154000, ||, 0.0, 8.0, 10.0, 22.0, 25.0, 3.0, 6.0, 0.0, 4.0, 12.0, 7.0, 2.0, ||,  0
15998, 0000159988, ||, 0.0, 102.0, 50.0, 0.0, 87.0, 21.0, 33.0, 0.0, 27.0, 0.0, 92.0, 47.0, ||,  0
16360, 0000163604, ||, 0.0, 80.0, 59.0, 54.0, 170.0, 167.0, 149.0, 137.0, 133.0, 116.0, 165.0, 149.0, ||,  0
16556, 0000165567, ||, 0.0, 4.0, 0.0, 0.0, 2.0, 0.0, 0.0, 4.0, 1.0, 1.0, 1.0, 0.0, ||,  0
16921, 0000169211, ||, 0.0, 2.0, 0.0, 0.0, 1.0, 0.0, 3.0, 0.0, 1.0, 1.0, 0.0, 0.0, ||,  0
16969, 0000169699, ||, 0.0, 36.0, 60.0, 55.0, 18.0, 1.0, 65.0, 65.0, 75.0, 80.0, 76.0, 73.0, ||,  0
17237, 0000172370, ||, 0.0, 102.0, 0.0, 0.0, 189.0, 85.0, 46.0, 81.0, 68.0, 62.0, 49.0, 63.0, ||,  0
18024, 0000180245, ||, 0.0, 151.0, 0.0, 123.0, 68.0, 55.0, 88.0, 88.0, 74.0, 81.0, 85.0, 109.0, ||,  0
18277, 0000182775, ||, 0.0, 1.0, 0.0, 0.0, 88.0, 205.0, 203.0, 217.0, 201.0, 195.0, 216.0, 207.0, ||,  0
18302, 0000183026, ||, 0.0, 165.0, 29.0, 27.0, 54.0, 40.0, 61.0, 55.0, 39.0, 36.0, 37.0, 25.0, ||,  0
18468, 0000184683, ||, 0.0, 20.0, 3.0, 9.0, 6.0, 7.0, 16.0, 19.0, 18.0, 10.0, 16.0, 9.0, ||,  0
18654, 0000186546, ||, 0.0, 2.0, 9.0, 103.0, 182.0, 32.0, 25.0, 19.0, 7.0, 27.0, 42.0, 63.0, ||,  0
19477, 0000194772, ||, 0.0, 112.0, 48.0, 84.0, 45.0, 12.0, 8.0, 30.0, 21.0, 39.0, 71.0, 93.0, ||,  0
20720, 0000207209, ||, 0.0, 6.0, 15.0, 2.0, 0.0, 0.0, 0.0, 21.0, 77.0, 82.0, 122.0, 98.0, ||,  0
20770, 0000207704, ||, 0.0, 49.0, 36.0, 83.0, 77.0, 85.0, 68.0, 21.0, 0.0, 9.0, 0.0, 0.0, ||,  0
21567, 0000215679, ||, 0.0, 8.0, 5.0, 0.0, 1.0, 0.0, 1.0, 0.0, 38.0, 7.0, 0.0, 1.0, ||,  0
21708, 0000217082, ||, 0.0, 24.0, 0.0, 0.0, 1.0, 0.0, 1.0, 65.0, 82.0, 81.0, 131.0, 174.0, ||,  0
21840, 0000218405, ||, 0.0, 172.0, 81.0, 75.0, 67.0, 0.0, 99.0, 51.0, 54.0, 53.0, 83.0, 83.0, ||,  0
21951, 0000219512, ||, 0.0, 1.0, 146.0, 141.0, 229.0, 147.0, 123.0, 101.0, 108.0, 0.0, 0.0, 0.0, ||,  0
22064, 0000220646, ||, 0.0, 24.0, 71.0, 70.0, 42.0, 32.0, 4.0, 53.0, 2.0, 1.0, 5.0, 1.0, ||,  0
22243, 0000222437, ||, 0.0, 3.0, 1.0, 0.0, 2.0, 0.0, 0.0, 3.0, 0.0, 2.0, 0.0, 0.0, ||,  0
22248, 0000222482, ||, 0.0, 21.0, 10.0, 12.0, 13.0, 7.0, 19.0, 9.0, 0.0, 0.0, 0.0, 0.0, ||,  0
22286, 0000222860, ||, 0.0, 116.0, 47.0, 17.0, 0.0, 0.0, 0.0, 0.0, 0.0, 0.0, 0.0, 0.0, ||,  0
22335, 0000223355, ||, 0.0, 10.0, 0.0, 29.0, 1.0, 0.0, 0.0, 0.0, 0.0, 1.0, 0.0, 0.0, ||,  0
22939, 0000229395, ||, 0.0, 3.0, 2.0, 1.0, 0.0, 0.0, 0.0, 0.0, 0.0, 1.0, 1.0, 0.0, ||,  0
23344, 0000233444, ||, 0.0, 1.0, 16.0, 18.0, 15.0, 38.0, 56.0, 62.0, 79.0, 66.0, 60.0, 62.0, ||,  0
23509, 0000235091, ||, 0.0, 3.0, 13.0, 14.0, 6.0, 0.0, 4.0, 2.0, 0.0, 0.0, 0.0, 0.0, ||,  0
23813, 0000238133, ||, 0.0, 28.0, 15.0, 5.0, 14.0, 3.0, 6.0, 4.0, 1.0, 7.0, 18.0, 56.0, ||,  0
24259, 0000242598, ||, 0.0, 115.0, 70.0, 50.0, 49.0, 19.0, 63.0, 53.0, 0.0, 1.0, 71.0, 133.0, ||,  0
25039, 0000250391, ||, 0.0, 132.0, 68.0, 71.0, 50.0, 61.0, 63.0, 87.0, 107.0, 87.0, 66.0, 59.0, ||,  0
25497, 0000254973, ||, 0.0, 81.0, 79.0, 76.0, 87.0, 68.0, 63.0, 116.0, 76.0, 49.0, 57.0, 55.0, ||,  0
25508, 0000255080, ||, 0.0, 232.0, 142.0, 119.0, 0.0, 270.0, 131.0, 116.0, 0.0, 279.0, 0.0, 319.0, ||,  0
25558, 0000255585, ||, 0.0, 16.0, 0.0, 0.0, 0.0, 43.0, 70.0, 72.0, 71.0, 69.0, 80.0, 202.0, ||,  0
25713, 0000257132, ||, 0.0, 194.0, 0.0, 0.0, 434.0, 0.0, 0.0, 455.0, 0.0, 0.0, 313.0, 0.0, ||,  0
25770, 0000257709, ||, 0.0, 292.0, 189.0, 179.0, 202.0, 147.0, 30.0, 207.0, 0.0, 0.0, 583.0, 181.0, ||,  0
25966, 0000259662, ||, 0.0, 33.0, 52.0, 13.0, 0.0, 0.0, 0.0, 0.0, 0.0, 0.0, 0.0, 0.0, ||,  0
26098, 0000260985, ||, 0.0, 1.0, 1.0, 0.0, 1.0, 86.0, 182.0, 214.0, 157.0, 132.0, 83.0, 60.0, ||,  0
26425, 0000264251, ||, 0.0, 2.0, 1.0, 1.0, 4.0, 0.0, 0.0, 0.0, 1.0, 0.0, 1.0, 1.0, ||,  0
27408, 0000274089, ||, 0.0, 5.0, 0.0, 0.0, 0.0, 0.0, 0.0, 0.0, 0.0, 0.0, 0.0, 0.0, ||,  0
27618, 0000276186, ||, 0.0, 6.0, 38.0, 384.0, 174.0, 15.0, 20.0, 20.0, 23.0, 27.0, 508.0, 75.0, ||,  0
27830, 0000278300, ||, 0.0, 3.0, 6.0, 0.0, 11.0, 14.0, 15.0, 65.0, 72.0, 50.0, 34.0, 194.0, ||,  0
29308, 0000293088, ||, 0.0, 1.0, 87.0, 141.0, 90.0, 46.0, 269.0, 97.0, 357.0, 326.0, 177.0, 91.0, ||,  0
30380, 0000303806, ||, 0.0, 5.0, 31.0, 9.0, 16.0, 0.0, 3.0, 35.0, 48.0, 42.0, 33.0, 12.0, ||,  0
30878, 0000308784, ||, 0.0, 2.0, 1.0, 0.0, 0.0, 12.0, 13.0, 27.0, 33.0, 21.0, 23.0, 2.0, ||,  0
31153, 0000311537, ||, 0.0, 1.0, 390.0, 386.0, 483.0, 352.0, 270.0, 228.0, 279.0, 283.0, 364.0, 425.0, ||,  0
31349, 0000313490, ||, 0.0, 1.0, 0.0, 0.0, 0.0, 0.0, 0.0, 0.0, 0.0, 0.0, 0.0, 0.0, ||,  0
31542, 0000315425, ||, 0.0, 16.0, 0.0, 1.0, 2.0, 12.0, 1.0, 81.0, 43.0, 36.0, 184.0, 188.0, ||,  0
31788, 0000317883, ||, 0.0, 12.0, 44.0, 38.0, 73.0, 46.0, 37.0, 41.0, 43.0, 45.0, 52.0, 44.0, ||,  0
31924, 0000319241, ||, 0.0, 199.0, 937.0, 1767.0, 572.0, 717.0, 680.0, 876.0, 864.0, 622.0, 643.0, 882.0, ||,  0
32551, 0000325514, ||, 0.0, 9.0, 0.0, 0.0, 2.0, 0.0, 0.0, 5.0, 0.0, 0.0, 2.0, 0.0, ||,  0
32730, 0000327305, ||, 0.0, 22.0, 14.0, 13.0, 0.0, 0.0, 0.0, 5.0, 0.0, 0.0, 0.0, 0.0, ||,  0
32839, 0000328395, ||, 0.0, 93.0, 94.0, 0.0, 0.0, 0.0, 0.0, 0.0, 0.0, 0.0, 0.0, 0.0, ||,  0
32945, 0000329457, ||, 0.0, 103.0, 130.0, 53.0, 108.0, 39.0, 47.0, 56.0, 92.0, 81.0, 97.0, 76.0, ||,  0
33015, 0000330158, ||, 0.0, 2.0, 0.0, 0.0, 0.0, 0.0, 0.0, 0.0, 80.0, 2.0, 3.0, 35.0, ||,  0
33992, 0000339924, ||, 0.0, 1.0, 0.0, 3.0, 1.0, 0.0, 2.0, 0.0, 1.0, 26.0, 0.0, 0.0, ||,  0
35786, 0000357861, ||, 0.0, 2.0, 0.0, 0.0, 0.0, 0.0, 0.0, 0.0, 0.0, 0.0, 1.0, 0.0, ||,  0
36639, 0000366393, ||, 0.0, 50.0, 81.0, 57.0, 55.0, 54.0, 48.0, 58.0, 60.0, 47.0, 69.0, 59.0, ||,  0
36646, 0000366465, ||, 0.0, 3.0, 6.0, 4.0, 2.0, 2.0, 6.0, 67.0, 71.0, 68.0, 12.0, 0.0, ||,  0
36714, 0000367149, ||, 0.0, 3.0, 2.0, 2.0, 2.0, 2.0, 1.0, 1.0, 3.0, 3.0, 3.0, 3.0, ||,  0
36752, 0000367527, ||, 0.0, 29.0, 34.0, 0.0, 20.0, 62.0, 74.0, 93.0, 132.0, 105.0, 157.0, 95.0, ||,  0
37839, 0000378390, ||, 0.0, 92.0, 109.0, 46.0, 32.0, 0.0, 0.0, -457.0, 20.0, 0.0, 0.0, 0.0, ||,  0
38275, 0000382755, ||, 0.0, 5.0, 13.0, 9.0, 2.0, 1.0, 0.0, 6.0, 4.0, 13.0, 4.0, 3.0, ||,  0
40716, 0000407162, ||, 0.0, 223.0, 0.0, 0.0, 0.0, 270.0, 255.0, 363.0, 288.0, 98.0, 180.0, 9.0, ||,  0
40891, 0000408918, ||, 0.0, 8.0, 7.0, 6.0, 4.0, 1.0, 0.0, 0.0, 1.0, 0.0, 7.0, 3.0, ||,  0
41027, 0000410276, ||, 0.0, 3.0, 23.0, 29.0, 25.0, 21.0, 20.0, 19.0, 17.0, 18.0, 21.0, 21.0, ||,  0
41201, 0000412012, ||, 0.0, 529.0, 789.0, 558.0, 292.0, 140.0, 87.0, 106.0, 86.0, 104.0, 382.0, 132.0, ||,  0
41249, 0000412490, ||, 0.0, 13.0, 84.0, 75.0, 44.0, 16.0, 17.0, 20.0, 22.0, 2.0, 0.0, 0.0, ||,  0
41850, 0000418502, ||, 0.0, 16.0, 8.0, 19.0, 13.0, 12.0, 19.0, 17.0, 10.0, 11.0, 16.0, 7.0, ||,  0
42086, 0000420860, ||, 0.0, 135.0, 135.0, 0.0, 75.0, 75.0, 135.0, 135.0, 0.0, 0.0, 0.0, 330.0, ||,  0
42307, 0000423074, ||, 0.0, 69.0, 47.0, 136.0, 57.0, 71.0, 73.0, 86.0, 82.0, 85.0, 59.0, 79.0, ||,  0
42451, 0000424514, ||, 0.0, 3.0, 0.0, 1.0, 1.0, 0.0, 0.0, 0.0, 0.0, 1.0, 0.0, 1.0, ||,  0
42680, 0000426800, ||, 0.0, 1.0, 1.0, 0.0, 0.0, 1.0, 2.0, 14.0, 16.0, 13.0, 5.0, 6.0, ||,  0
44318, 0000443180, ||, 0.0, 107.0, 111.0, 0.0, 3.0, 1.0, 0.0, 0.0, 0.0, 0.0, 0.0, 0.0, ||,  0
--------------------------------------
	簇ID:	 计数
	1:	 1

	样本数据

811589327, 8113199866, ||, 0.0, 2695996.0, 8159430.0, 1.7071426E7, 1.0258397E7, 7278270.0, 8738429.0, 1.1242506E7, 1.5244879E7, 1.5612803E7, 1.5576764E7, 1.6013604E7, ||,  1
--------------------------------------
	簇ID:	 计数
	2:	 1

	样本数据

811606278, 8113348822, ||, 0.0, 160000.0, 680000.0, 3280000.0, 3560000.0, 3900000.0, 3760000.0, 3840000.0, 4860000.0, 3500000.0, 4100000.0, 4020000.0, ||,  2
--------------------------------------
	簇ID:	 计数
	3:	 1

	样本数据

25651843, 0256518436, ||, 0.0, 59.0, 27.0, 19.0, 24.0, 21.0, 45.0, 24.0, 21.0, 19.0, 24.0, 5769273.0, ||,  3
--------------------------------------
	簇ID:	 计数
	4:	 2

	样本数据

709007525, 7090075257, ||, 0.0, 294000.0, 435000.0, 339000.0, 428580.0, 104550.0, 330000.0, 1026000.0, 312000.0, 246000.0, 435000.0, 297000.0, ||,  4
743002009, 0743002009, ||, 0.0, 281835.0, 244920.0, 265950.0, 171600.0, 159060.0, 0.0, 565210.0, 230370.0, 103710.0, 170400.0, 169890.0, ||,  4
--------------------------------------
	簇ID:	 计数
	5:	 1

	样本数据

15452517, 0154525174, ||, 0.0, 3597264.0, 4185984.0, 5367120.0, 4754640.0, 3906144.0, 4364448.0, 4366560.0, 4383456.0, 4765200.0, 5101536.0, 5444208.0, ||,  5
--------------------------------------
	簇ID:	 计数
	6:	 1

	样本数据

803837571, 8037642040, ||, 0.0, 53520.0, 404960.0, 784480.0, 991760.0, 1154800.0, 1125040.0, 1060880.0, 908560.0, 821200.0, 741360.0, 152800.0, ||,  6
--------------------------------------
	簇ID:	 计数
	7:	 409

	样本数据

92036, 0000920360, ||, 0.0, 31471.0, 17991.0, 20002.0, 16742.0, 11154.0, 10881.0, 12806.0, 10871.0, 8439.0, 19106.0, 18898.0, ||,  7
298978, 0002989785, ||, 0.0, 30390.0, 10980.0, 23400.0, 9720.0, 10020.0, 9720.0, 21300.0, 16050.0, 24960.0, 23580.0, 16230.0, ||,  7
5013102, 0050131020, ||, 0.0, 12000.0, 15000.0, 15000.0, 12200.0, 12500.0, 11622.0, 9500.0, 10411.0, 7492.0, 3100.0, 8647.0, ||,  7
5083266, 0050832662, ||, 0.0, 60354.0, 20160.0, 29100.0, 34860.0, 22320.0, 23580.0, 14910.0, 21120.0, 19830.0, 31650.0, 34650.0, ||,  7
5274314, 0052743144, ||, 0.0, 24090.0, 14820.0, 17580.0, 16620.0, 15630.0, 17790.0, 16260.0, 18540.0, 20040.0, 10410.0, 9060.0, ||,  7
5315284, 0053152842, ||, 0.0, 540.0, 9630.0, 12390.0, 13200.0, 12900.0, 13980.0, 16110.0, 11130.0, 12150.0, 11670.0, 12960.0, ||,  7
7086354, 0070863547, ||, 0.0, 24080.0, 43660.0, 40400.0, 41840.0, 35060.0, 35100.0, 35140.0, 4500.0, 6480.0, 3940.0, 4043.0, ||,  7
7089022, 0070890222, ||, 0.0, 40610.0, 44682.0, 0.0, 0.0, 51680.0, 0.0, 50555.0, 4540.0, 5196.0, 6996.0, 2854.0, ||,  7
7103402, 0071034023, ||, 0.0, 30580.0, 45780.0, 17900.0, 0.0, 0.0, 0.0, 0.0, 0.0, 0.0, 3000.0, 21560.0, ||,  7
9267944, 0092679447, ||, 0.0, 21.0, 13.0, 21771.0, 35756.0, 40513.0, 36582.0, 36199.0, 39403.0, 29501.0, 797.0, 2.0, ||,  7
17219434, 0172194343, ||, 0.0, 31424.0, 9996.0, 10000.0, 8880.0, 8000.0, 8800.0, 10780.0, 9080.0, 5371.0, 5017.0, 9204.0, ||,  7
17240223, 0172402233, ||, 0.0, 19047.0, 10743.0, 9240.0, 9330.0, 11160.0, 13649.0, 12241.0, 17140.0, 12417.0, 10434.0, 7028.0, ||,  7
17248422, 0172484224, ||, 0.0, 24859.0, 11269.0, 14601.0, 16781.0, 10555.0, 9704.0, 11021.0, 15132.0, 10053.0, 13356.0, 12156.0, ||,  7
25378554, 0253785541, ||, 0.0, 27280.0, 12600.0, 14600.0, 14320.0, 14120.0, 12980.0, 14060.0, 13980.0, 14220.0, 16660.0, 10580.0, ||,  7
25380743, 0253807438, ||, 0.0, 6021.0, 17886.0, 18100.0, 5378.0, 8754.0, 8249.0, 8396.0, 9488.0, 10216.0, 11967.0, 13003.0, ||,  7
25389210, 0253892100, ||, 0.0, 63630.0, 9330.0, 13410.0, 10605.0, 10650.0, 13740.0, 15765.0, 15990.0, 13830.0, 12900.0, 11610.0, ||,  7
25482997, 0254829974, ||, 0.0, 25091.0, 0.0, 27520.0, 0.0, 28299.0, 0.0, 25016.0, 0.0, 21434.0, 0.0, 14410.0, ||,  7
25505452, 0255054520, ||, 0.0, 32610.0, 10680.0, 12990.0, 7200.0, 6480.0, 4320.0, 4140.0, 3120.0, 3660.0, 4860.0, 5160.0, ||,  7
26004843, 0260048431, ||, 0.0, 57690.0, 5550.0, 21480.0, 15600.0, 22650.0, 25830.0, 16740.0, 19230.0, 18240.0, 18690.0, 24030.0, ||,  7
26097692, 0260976927, ||, 0.0, 19920.0, 3630.0, 11745.0, 14250.0, 13500.0, 12150.0, 6420.0, 4800.0, 8220.0, 13080.0, 14280.0, ||,  7
27131416, 0271314165, ||, 0.0, 540.0, 3504.0, 2602.0, 6232.0, 22297.0, 15233.0, 13981.0, 15132.0, 15536.0, 32697.0, 28394.0, ||,  7
27143278, 0271432786, ||, 0.0, 24315.0, 16485.0, 16860.0, 16485.0, 12585.0, 10665.0, 6810.0, 13350.0, 19320.0, 7620.0, 16860.0, ||,  7
27222256, 0272222562, ||, 0.0, 25940.0, 6060.0, 27700.0, 0.0, 0.0, 0.0, 0.0, 40.0, 9960.0, 10000.0, 24124.0, ||,  7
30157273, 0301572738, ||, 0.0, 31387.0, 12705.0, 26283.0, 27726.0, 32305.0, 38121.0, 33744.0, 16192.0, 30822.0, 18253.0, 39131.0, ||,  7
30431585, 0304315855, ||, 0.0, 46330.0, 25959.0, 21501.0, 21520.0, 23880.0, 27260.0, 36420.0, 44460.0, 29699.0, 23142.0, 22499.0, ||,  7
30614176, 0306141764, ||, 0.0, 39247.0, 3784.0, 30716.0, 0.0, 6568.0, 1818.0, 1834.0, 1528.0, 2557.0, 2787.0, 2419.0, ||,  7
30938323, 0309383239, ||, 0.0, 14130.0, 0.0, 15630.0, 0.0, 15000.0, 0.0, 17070.0, 0.0, 21915.0, 0.0, 29325.0, ||,  7
31368015, 0313680151, ||, 0.0, 28868.0, 31387.0, 16268.0, 19539.0, 0.0, 39423.0, 49351.0, 0.0, 44961.0, 16670.0, 22522.0, ||,  7
31506594, 0315065943, ||, 0.0, 21426.0, 0.0, 18825.0, 0.0, 17906.0, 0.0, 17052.0, 0.0, 20355.0, 0.0, 17210.0, ||,  7
760001700, 0760001700, ||, 0.0, 3200.0, 32000.0, 74400.0, 90400.0, 0.0, 0.0, 0.0, 8800.0, 7200.0, 7200.0, 5600.0, ||,  7
770004340, 0770004340, ||, 0.0, 65600.0, 20400.0, 24000.0, 22400.0, 32400.0, 28400.0, 29200.0, 31200.0, 22000.0, 30400.0, 30800.0, ||,  7
661000059, 6610000599, ||, 0.0, 4250.0, 9900.0, 8150.0, 7500.0, 10352.0, 18182.0, 19456.0, 17999.0, 14583.0, 15814.0, 15293.0, ||,  7
690000301, 6900003019, ||, 0.0, 1800.0, 1200.0, 0.0, 0.0, 0.0, 1800.0, 80502.0, 50298.0, 42198.0, 80502.0, 0.0, ||,  7
690004359, 6900043592, ||, 0.0, 31500.0, 8100.0, 17400.0, 20100.0, 12300.0, 5394.0, 2106.0, 14016.0, 18315.0, 18069.0, 19500.0, ||,  7
696049143, 6960491432, ||, 0.0, 25494.0, 9738.0, 4302.0, 2916.0, 39510.0, 21516.0, 21960.0, 23988.0, 16056.0, 0.0, 0.0, ||,  7
703000870, 7030008701, ||, 0.0, 96.0, 17535.0, 21987.0, 19774.0, 18634.0, 20920.0, 22669.0, 25910.0, 25712.0, 14472.0, 299.0, ||,  7
731003635, 7310036356, ||, 0.0, 60524.0, 19925.0, 84516.0, 20083.0, 24917.0, 9962.0, 331.0, 0.0, 0.0, 0.0, 0.0, ||,  7
741002337, 7410023373, ||, 0.0, 4500.0, 1200.0, 2100.0, 30600.0, 55500.0, 44700.0, 40800.0, 29400.0, 37188.0, 23100.0, 1800.0, ||,  7
748003356, 7480033564, ||, 0.0, 14756.0, 8640.0, 11992.0, 10966.0, 16257.0, 16171.0, 17963.0, 16252.0, 15452.0, 10211.0, 0.0, ||,  7
748003653, 7480036534, ||, 0.0, 37662.0, 12515.0, 11413.0, 5823.0, 7576.0, 7271.0, 5751.0, 5545.0, 5455.0, 5174.0, 11729.0, ||,  7
748114427, 7481144272, ||, 0.0, 26768.0, 0.0, 20084.0, 0.0, 42595.0, 0.0, 30262.0, 0.0, 36855.0, 0.0, 30887.0, ||,  7
221413, 0002214131, ||, 0.0, 30060.0, 13960.0, 25020.0, 0.0, 23528.0, 712.0, 712.0, 632.0, 792.0, 9148.0, 22520.0, ||,  7
288824, 0002888242, ||, 0.0, 5512.0, 9572.0, 15000.0, 14960.0, 11960.0, 15440.0, 18960.0, 15160.0, 13280.0, 14960.0, 12680.0, ||,  7
298977, 0002989772, ||, 0.0, 53550.0, 15030.0, 39180.0, 6990.0, 0.0, 7200.0, 31380.0, 19470.0, 16710.0, 9540.0, 10050.0, ||,  7
573149, 0005731493, ||, 0.0, 39346.0, 17086.0, 13417.0, 10325.0, 6730.0, 9851.0, 10167.0, 11251.0, 12446.0, 12066.0, 16030.0, ||,  7
2613918, 0026139180, ||, 0.0, 81375.0, 30363.0, 0.0, 0.0, 0.0, 0.0, 0.0, 0.0, 0.0, 39600.0, 40500.0, ||,  7
2793827, 0027938270, ||, 0.0, 3000.0, 86931.0, 18983.0, 4.0, 4.0, 131.0, 219.0, 106.0, 156.0, 5739.0, 16667.0, ||,  7
9293961, 0092939615, ||, 0.0, 6619.0, 282.0, 10451.0, 2653.0, 3114.0, 13967.0, 20183.0, 3950.0, 282.0, 282.0, 70159.0, ||,  7
13026925, 0130269256, ||, 0.0, 104380.0, 3472.0, 0.0, 0.0, 0.0, 0.0, 0.0, 0.0, 0.0, 0.0, 0.0, ||,  7
17218986, 0172189868, ||, 0.0, 39976.0, 12675.0, 16499.0, 21120.0, 17550.0, 20700.0, 26730.0, 25441.0, 18881.0, 24482.0, 20176.0, ||,  7
25650453, 0256504534, ||, 0.0, 76613.0, 2074.0, 1022.0, 801.0, 1753.0, 1257.0, 2245.0, 1748.0, 1413.0, 941.0, 994.0, ||,  7
25703222, 0257032221, ||, 0.0, 11250.0, 54050.0, 0.0, 0.0, 0.0, 0.0, 0.0, 0.0, 0.0, 45250.0, 31350.0, ||,  7
25987629, 0259876294, ||, 0.0, 30000.0, 30210.0, 32100.0, 33300.0, 36900.0, 33600.0, 27690.0, 3750.0, 3660.0, 4200.0, 6210.0, ||,  7
26004699, 0260046998, ||, 0.0, 25200.0, 0.0, 8610.0, 2460.0, 2700.0, 2370.0, 2580.0, 2310.0, 1830.0, 31050.0, 53460.0, ||,  7
26018806, 0260188063, ||, 0.0, 17625.0, 12735.0, 27675.0, 11895.0, 10410.0, 2760.0, 9270.0, 10515.0, 6090.0, 8700.0, 9645.0, ||,  7
26019827, 0260198279, ||, 0.0, 48356.0, 4076.0, 5338.0, 5084.0, 4987.0, 4607.0, 5022.0, 4773.0, 5019.0, 4843.0, 5791.0, ||,  7
26097771, 0260977715, ||, 0.0, 12392.0, 6438.0, 6800.0, 8292.0, 9720.0, 9740.0, 10974.0, 14981.0, 14220.0, 5896.0, 10675.0, ||,  7
26653084, 0266530844, ||, 0.0, 51000.0, 11040.0, 11040.0, 8640.0, 6960.0, 8240.0, 9280.0, 9560.0, 7160.0, 8800.0, 9600.0, ||,  7
26987155, 0269871553, ||, 0.0, 22406.0, 17516.0, 17926.0, 25016.0, 18443.0, 15101.0, 14161.0, 30146.0, 16741.0, 15784.0, 12418.0, ||,  7
27147157, 0271471572, ||, 0.0, 13500.0, 23700.0, 18600.0, 0.0, 0.0, 0.0, 0.0, 0.0, 0.0, 35100.0, 17400.0, ||,  7
30147520, 0301475200, ||, 0.0, 45688.0, 30095.0, 19642.0, 14174.0, 13431.0, 14682.0, 15275.0, 13678.0, 11244.0, 16783.0, 18066.0, ||,  7
30219680, 0302196803, ||, 0.0, 34160.0, 16440.0, 13840.0, 15720.0, 11400.0, 11760.0, 14840.0, 20280.0, 5480.0, 10006.0, 7674.0, ||,  7
30233800, 0302338001, ||, 0.0, 120.0, 60.0, 10020.0, 14100.0, 22020.0, 19560.0, 17460.0, 20220.0, 16920.0, 17801.0, 18485.0, ||,  7
30236233, 0302362338, ||, 0.0, 18000.0, 5540.0, 13110.0, 3120.0, 16490.0, 0.0, 14610.0, 9500.0, 9110.0, 7200.0, 7030.0, ||,  7
30614465, 0306144659, ||, 0.0, 31606.0, 5220.0, 7100.0, 8900.0, 42411.0, 13979.0, 18699.0, 19862.0, 17377.0, 13753.0, 15004.0, ||,  7
30884532, 0308845323, ||, 0.0, 1452.0, 13320.0, 11880.0, 11850.0, 12690.0, 12750.0, 1740.0, 20910.0, 3540.0, 21750.0, 9120.0, ||,  7
30978095, 0309780955, ||, 0.0, 24918.0, 10709.0, 10721.0, 4813.0, 4760.0, 9036.0, 9485.0, 12096.0, 12596.0, 4904.0, 11969.0, ||,  7
31064181, 0310641812, ||, 0.0, 19483.0, 6348.0, 8953.0, 7868.0, 8261.0, 9703.0, 10558.0, 11268.0, 8630.0, 7691.0, 7409.0, ||,  7
31609732, 0316097321, ||, 0.0, 28486.0, 11508.0, 14845.0, 13980.0, 16118.0, 0.0, 35091.0, 19606.0, 16449.0, 14103.0, 13056.0, ||,  7
740002423, 0740002423, ||, 0.0, 1075.0, 360.0, 335.0, 210.0, 24155.0, 50565.0, 44710.0, 46040.0, 750.0, 295.0, 390.0, ||,  7
670167582, 6701675820, ||, 0.0, 75374.0, 22485.0, 20766.0, 15309.0, 5858.0, 480.0, 0.0, 4040.0, 8160.0, 10980.0, 2250.0, ||,  7
716180881, 7161808810, ||, 0.0, 5474.0, 21605.0, 16692.0, 12374.0, 7629.0, 4633.0, 6301.0, 8453.0, 7823.0, 6591.0, 13541.0, ||,  7
731002743, 7310027433, ||, 0.0, 7053.0, 3736.0, 2702.0, 2005.0, 13259.0, 15967.0, 29930.0, 25289.0, 25667.0, 11135.0, 790.0, ||,  7
748001530, 7480015308, ||, 0.0, 22760.0, 0.0, 23820.0, 0.0, 21560.0, 0.0, 19360.0, 0.0, 20780.0, 0.0, 21320.0, ||,  7
748004369, 7480043695, ||, 0.0, 76408.0, 22444.0, 0.0, 0.0, 0.0, 0.0, 0.0, 0.0, 17031.0, 2677.0, 34962.0, ||,  7
748004734, 7480047349, ||, 0.0, 10000.0, 0.0, 53090.0, 0.0, 10890.0, 0.0, 10260.0, 0.0, 9240.0, 0.0, 23400.0, ||,  7
748007667, 7480076671, ||, 0.0, 64140.0, 0.0, 41820.0, 0.0, 0.0, 0.0, 0.0, 0.0, 0.0, 0.0, 43620.0, ||,  7
108718, 0001087185, ||, 0.0, 20805.0, 0.0, 0.0, 0.0, 0.0, 247977.0, 0.0, 0.0, 0.0, 0.0, 0.0, ||,  7
440100, 0004401009, ||, 0.0, 28812.0, 9074.0, 9731.0, 8221.0, 14532.0, 9175.0, 9216.0, 10055.0, 8312.0, 10270.0, 10583.0, ||,  7
573148, 0005731480, ||, 0.0, 38937.0, 14249.0, 13994.0, 12062.0, 12414.0, 10262.0, 11820.0, 12247.0, 14242.0, 17647.0, 19093.0, ||,  7
2793715, 0027937150, ||, 0.0, 15216.0, 17459.0, 12001.0, 9151.0, 12723.0, 14913.0, 6177.0, 5787.0, 7190.0, 10043.0, 11415.0, ||,  7
5093102, 0050931024, ||, 0.0, 86890.0, 30740.0, 30430.0, 0.0, 0.0, 0.0, 0.0, 0.0, 0.0, 0.0, 44230.0, ||,  7
7194590, 0071945907, ||, 0.0, 32.0, 426.0, 13550.0, 21985.0, 25868.0, 25600.0, 23626.0, 29388.0, 31187.0, 29520.0, 21450.0, ||,  7
13208136, 0132081364, ||, 0.0, 3400.0, 31200.0, 8378.0, 12876.0, 14537.0, 12903.0, 15522.0, 15045.0, 15374.0, 15184.0, 14021.0, ||,  7
15021618, 0150216186, ||, 0.0, 12990.0, 30000.0, 30000.0, 30000.0, 30000.0, 30000.0, 18390.0, 13335.0, 14865.0, 16260.0, 16185.0, ||,  7
17218980, 0172189800, ||, 0.0, 28020.0, 11280.0, 10320.0, 10660.0, 7520.0, 8840.0, 11640.0, 10340.0, 10140.0, 9540.0, 13080.0, ||,  7
17248468, 0172484686, ||, 0.0, 17766.0, 25947.0, 16000.0, 32750.0, 38794.0, 14216.0, 11306.0, 13554.0, 14109.0, 17704.0, 17958.0, ||,  7
23167154, 0231671547, ||, 0.0, 30480.0, 15000.0, 10860.0, 10680.0, 10980.0, 11160.0, 19140.0, 19110.0, 10350.0, 11010.0, 10260.0, ||,  7
23248695, 0232486955, ||, 0.0, 76640.0, 28260.0, 20120.0, 20360.0, 22340.0, 24400.0, 31060.0, 28820.0, 19700.0, 17260.0, 17540.0, ||,  7
25649802, 0256498024, ||, 0.0, 44380.0, 0.0, 0.0, 0.0, 0.0, 14080.0, 0.0, 50300.0, 6220.0, 6000.0, 18680.0, ||,  7
25715335, 0257153359, ||, 0.0, 34402.0, 13802.0, 12450.0, 12114.0, 13232.0, 5749.0, 13292.0, 6018.0, 7876.0, 8225.0, 8829.0, ||,  7
25987604, 0259876047, ||, 0.0, 13920.0, 23120.0, 27520.0, 27160.0, 19680.0, 12920.0, 11440.0, 10000.0, 12600.0, 15520.0, 16440.0, ||,  7
25987741, 0259877415, ||, 0.0, 28330.0, 8540.0, 9640.0, 9920.0, 7960.0, 6870.0, 7670.0, 5470.0, 6470.0, 11049.0, 9380.0, ||,  7
26004445, 0260044455, ||, 0.0, 96268.0, 0.0, 15546.0, 8000.0, 8000.0, 8236.0, 10000.0, 6000.0, 3000.0, 8000.0, 10002.0, ||,  7
26004471, 0260044716, ||, 0.0, 30660.0, 10650.0, 19800.0, 19200.0, 21240.0, 20250.0, 23160.0, 1500.0, 37860.0, 21030.0, 1950.0, ||,  7
26007132, 0260071329, ||, 0.0, 40200.0, 16020.0, 9840.0, 16705.0, 10745.0, 27120.0, 40200.0, 33576.0, 4278.0, 6550.0, 8818.0, ||,  7
26097683, 0260976839, ||, 0.0, 59320.0, 23640.0, 23480.0, 15600.0, 13200.0, 10440.0, 4920.0, 4140.0, 7480.0, 13560.0, 30600.0, ||,  7
26272242, 0262722421, ||, 0.0, 21360.0, 0.0, 67035.0, 0.0, 15720.0, 0.0, 5115.0, 0.0, 4920.0, 0.0, 32384.0, ||,  7
26653212, 0266532127, ||, 0.0, 120.0, 3240.0, 18000.0, 68800.0, 8740.0, 7240.0, 6000.0, 11800.0, 3840.0, 0.0, 16500.0, ||,  7
26809067, 0268090674, ||, 0.0, 13110.0, 10860.0, 8970.0, 12000.0, 12000.0, 11700.0, 18300.0, 61620.0, 0.0, 4380.0, 42180.0, ||,  7
--------------------------------------
	簇ID:	 计数
	8:	 55

	样本数据

298577, 0002985770, ||, 0.0, 152160.0, 63360.0, 61260.0, 0.0, 0.0, 0.0, 0.0, 0.0, 0.0, 0.0, 56640.0, ||,  8
17248403, 0172484035, ||, 0.0, 159889.0, 48012.0, 48529.0, 0.0, 0.0, 0.0, 0.0, 0.0, 0.0, 8232.0, 43175.0, ||,  8
25701415, 0257014153, ||, 0.0, 82000.0, 82000.0, 0.0, 0.0, 0.0, 0.0, 0.0, 0.0, 0.0, 120000.0, 80000.0, ||,  8
27182529, 0271825294, ||, 0.0, 102811.0, 0.0, 88702.0, 0.0, 71258.0, 0.0, 60260.0, 0.0, 68491.0, 0.0, 68508.0, ||,  8
680501023, 6805010233, ||, 0.0, 272283.0, 68299.0, 30817.0, 238.0, 238.0, 238.0, 238.0, 238.0, 238.0, 49451.0, 66749.0, ||,  8
26019797, 0260197973, ||, 0.0, 96030.0, 71820.0, 28920.0, 0.0, 0.0, 0.0, 0.0, 0.0, 0.0, 21990.0, 28770.0, ||,  8
31122652, 0311226524, ||, 0.0, 100062.0, 28304.0, 10256.0, 0.0, 0.0, 0.0, 0.0, 0.0, 0.0, 28012.0, 0.0, ||,  8
15339441, 0153394416, ||, 0.0, 109942.0, 47580.0, 30840.0, 3720.0, 3240.0, 8340.0, 20280.0, 15420.0, 3540.0, 4560.0, 30180.0, ||,  8
7127394, 0071273945, ||, 0.0, 109394.0, 34261.0, 24775.0, 15438.0, 12504.0, 12480.0, 9828.0, 17532.0, 17736.0, 18426.0, 21931.0, ||,  8
25379614, 0253796141, ||, 0.0, 138080.0, 74240.0, 50200.0, 0.0, 0.0, 0.0, 0.0, 0.0, 0.0, 26040.0, 80000.0, ||,  8
25600647, 0256006476, ||, 0.0, 244600.0, 140100.0, 0.0, 0.0, 0.0, 0.0, 0.0, 0.0, 29100.0, 18100.0, 0.0, ||,  8
26912568, 0269125689, ||, 0.0, 126360.0, 57540.0, 32100.0, 0.0, 2940.0, 0.0, 0.0, 0.0, 0.0, 18060.0, 53700.0, ||,  8
298592, 0002985927, ||, 0.0, 99400.0, 42685.0, 12163.0, 0.0, 0.0, 0.0, 0.0, 0.0, 0.0, 11952.0, 26320.0, ||,  8
507554, 0005075544, ||, 0.0, 166544.0, 101848.0, 28392.0, 0.0, 0.0, 0.0, 0.0, 0.0, 0.0, 98784.0, 128744.0, ||,  8
11043486, 0110434867, ||, 0.0, 138000.0, 30000.0, 16000.0, 2000.0, 0.0, 2000.0, 0.0, 0.0, 2000.0, 2000.0, 42000.0, ||,  8
25703613, 0257036135, ||, 0.0, 114691.0, 1000.0, 1009.0, 0.0, 0.0, 3690.0, 0.0, 1190.0, 0.0, 2000.0, 1000.0, ||,  8
31387906, 0313879065, ||, 0.0, 189480.0, 78162.0, 0.0, 0.0, 39222.0, 0.0, 0.0, 0.0, 1433.0, 5815.0, 105927.0, ||,  8
748008210, 7480082104, ||, 0.0, 180600.0, 36300.0, 19200.0, 16200.0, 10800.0, 12300.0, 9000.0, 6900.0, 0.0, 8100.0, 4200.0, ||,  8
756001399, 7560013990, ||, 0.0, 136200.0, 20200.0, 17000.0, 24200.0, 8400.0, 17000.0, 7600.0, 10600.0, 16000.0, 18800.0, 8000.0, ||,  8
785110589, 7851105898, ||, 0.0, 142440.0, 0.0, 61620.0, 0.0, 0.0, 0.0, 0.0, 0.0, 0.0, 0.0, 57900.0, ||,  8
800041596, 8000397087, ||, 0.0, 96510.0, 31800.0, 35700.0, 0.0, 0.0, 0.0, 0.0, 2220.0, 6000.0, 9000.0, 6000.0, ||,  8
810732938, 8104988268, ||, 0.0, 117400.0, 32040.0, 30680.0, 0.0, 0.0, 0.0, 0.0, 0.0, 0.0, 79163.0, 42317.0, ||,  8
811515355, 8112480592, ||, 0.0, 191280.0, 57360.0, 17940.0, 780.0, 840.0, 900.0, 0.0, 0.0, 0.0, 70500.0, 36000.0, ||,  8
811559490, 8112913023, ||, 0.0, 896000.0, 100000.0, 88000.0, 88000.0, 92000.0, 0.0, 0.0, 0.0, 0.0, 0.0, 0.0, ||,  8
811815061, 8115263903, ||, 0.0, 155000.0, 75000.0, 40000.0, 2900.0, 0.0, 0.0, 0.0, 0.0, 34260.0, 0.0, 65860.0, ||,  8
812218485, 8119133666, ||, 0.0, 146376.0, 49272.0, 36640.0, 7080.0, 7688.0, 17472.0, 16248.0, 25640.0, 64568.0, 66392.0, 76024.0, ||,  8
812230890, 8119247372, ||, 0.0, 161444.0, 89859.0, 93298.0, 317.0, 253.0, 245.0, 245.0, 437.0, 245.0, 4832.0, 43482.0, ||,  8
814539342, 8141926076, ||, 0.0, 123875.0, 47045.0, 13520.0, 200.0, 0.0, 0.0, 0.0, 0.0, 0.0, 15600.0, 61560.0, ||,  8
814557639, 8142092538, ||, 0.0, 150000.0, 106320.0, 0.0, 0.0, 84560.0, 160.0, 200.0, 200.0, 240.0, 1320.0, 49440.0, ||,  8
814612737, 8142600876, ||, 0.0, 99200.0, 58080.0, 48800.0, 0.0, 0.0, 0.0, 0.0, 0.0, 0.0, 3240.0, 8320.0, ||,  8
785001230, 7850012304, ||, 0.0, 107200.0, 71904.0, 59488.0, 0.0, 0.0, 24000.0, 20800.0, 11200.0, 19200.0, 10400.0, 40800.0, ||,  8
792000545, 7920005450, ||, 0.0, 135200.0, 8800.0, 20000.0, 13600.0, 24000.0, 25600.0, 13600.0, 34400.0, 28000.0, 31200.0, 43200.0, ||,  8
806824112, 8066867298, ||, 0.0, 237508.0, 51728.0, 61540.0, 49668.0, 50936.0, 40000.0, 20040.0, 122212.0, 43940.0, 0.0, 107952.0, ||,  8
807213969, 8070579798, ||, 0.0, 124800.0, 51360.0, 59680.0, 48351.0, 45449.0, 56160.0, 47880.0, 46160.0, 16600.0, 31520.0, 83680.0, ||,  8
807792555, 8076185847, ||, 0.0, 179357.0, 28680.0, 24090.0, 0.0, 0.0, 0.0, 0.0, 0.0, 0.0, 2820.0, 29198.0, ||,  8
811557902, 8112897714, ||, 0.0, 117000.0, 23400.0, 36000.0, 32400.0, 30600.0, 34200.0, 33000.0, 28200.0, 39000.0, 30000.0, 42600.0, ||,  8
811863097, 8115716276, ||, 0.0, 129304.0, 38104.0, 21792.0, 264.0, 0.0, 0.0, 0.0, 0.0, 0.0, 17104.0, 36288.0, ||,  8
812182683, 8118795418, ||, 0.0, 96602.0, 49122.0, 40880.0, 422.0, 0.0, 0.0, 0.0, 0.0, 0.0, 40974.0, 49070.0, ||,  8
812239423, 8119332483, ||, 0.0, 345120.0, 20160.0, 7200.0, 6960.0, 8880.0, 9480.0, 11520.0, 8400.0, 9600.0, 9840.0, 8880.0, ||,  8
792000546, 7920005463, ||, 0.0, 189200.0, 31200.0, 79200.0, 0.0, 0.0, 0.0, 0.0, 10400.0, 8400.0, 16000.0, 36000.0, ||,  8
803388127, 8033414984, ||, 0.0, 139800.0, 53400.0, 21000.0, 0.0, 0.0, 0.0, 0.0, 0.0, 0.0, 34800.0, 75600.0, ||,  8
803820129, 8037478364, ||, 0.0, 156177.0, 7038.0, 17022.0, 14544.0, 18741.0, 17487.0, 20250.0, 15807.0, 19569.0, 22638.0, 19353.0, ||,  8
812239431, 8119332568, ||, 0.0, 152040.0, 11040.0, 10680.0, 7920.0, 10080.0, 9360.0, 10320.0, 7320.0, 8640.0, 9960.0, 10800.0, ||,  8
811877826, 8115856808, ||, 0.0, 168400.0, 44800.0, 19200.0, 0.0, 1600.0, 880.0, 0.0, 1920.0, 1600.0, 28800.0, 28400.0, ||,  8
813252763, 8129164128, ||, 0.0, 96990.0, 39870.0, 15960.0, 0.0, 0.0, 0.0, 0.0, 0.0, 0.0, 8250.0, 71610.0, ||,  8
814455054, 8141119139, ||, 0.0, 101622.0, 52286.0, 41376.0, 0.0, 0.0, 0.0, 0.0, 0.0, 0.0, 26521.0, 96314.0, ||,  8
814598818, 8142488696, ||, 0.0, 123100.0, 10400.0, 11800.0, 10100.0, 11600.0, 10800.0, 12100.0, 10500.0, 2900.0, 15600.0, 13800.0, ||,  8
785001232, 7850012320, ||, 0.0, 248000.0, 71600.0, 36000.0, 71200.0, 38400.0, 44000.0, 48000.0, 48800.0, 42400.0, 55200.0, 59200.0, ||,  8
792000547, 7920005476, ||, 0.0, 168800.0, 24400.0, 40800.0, 64000.0, 29200.0, 12800.0, 8400.0, 9200.0, 7200.0, 16800.0, 9200.0, ||,  8
808013587, 8078268256, ||, 0.0, 115521.0, 55973.0, 37981.0, 6.0, 39.0, 4.0, 4.0, 7.0, 8.0, 8912.0, 49944.0, ||,  8
812298783, 8119885668, ||, 0.0, 99861.0, 26254.0, 15662.0, 1552.0, 975.0, -49.0, 0.0, 0.0, 225.0, 11303.0, 21272.0, ||,  8
813105479, 8127744698, ||, 0.0, 144148.0, 53868.0, 34040.0, 28588.0, 31276.0, 24156.0, 21992.0, 24296.0, 28200.0, 25920.0, 26552.0, ||,  8
813128210, 8127965657, ||, 0.0, 136224.0, 21384.0, 25344.0, 25344.0, 11088.0, 33264.0, 35640.0, 60984.0, 19008.0, 25344.0, 57816.0, ||,  8
814540768, 8141933704, ||, 0.0, 121702.0, 42698.0, 13170.0, 0.0, 0.0, 0.0, 0.0, 0.0, 0.0, 15750.0, 54600.0, ||,  8
814598793, 8142488508, ||, 0.0, 131600.0, 14400.0, 17000.0, 14900.0, 15400.0, 12100.0, 13200.0, 13600.0, 13900.0, 9100.0, 0.0, ||,  8
--------------------------------------
	簇ID:	 计数
	9:	 8

	样本数据

21164071, 0211640718, ||, 0.0, 447000.0, 0.0, 64320.0, 446280.0, 516360.0, 139200.0, 138000.0, 271680.0, 0.0, 447000.0, 118560.0, ||,  9
804909927, 8048156749, ||, 0.0, 561660.0, 392040.0, 339900.0, 341880.0, 452100.0, 366300.0, 342540.0, 284460.0, 263340.0, 269940.0, 423720.0, ||,  9
814563307, 8142148202, ||, 0.0, 327180.0, 287520.0, 264480.0, 188940.0, 167880.0, 247740.0, 295800.0, 305880.0, 221040.0, 153840.0, 221760.0, ||,  9
813212791, 8128778261, ||, 0.0, 240450.0, 296790.0, 318510.0, 250155.0, 301335.0, 159450.0, 275895.0, 235995.0, 276390.0, 252750.0, 159615.0, ||,  9
814339523, 8139965229, ||, 0.0, 165600.0, 80220.0, 125400.0, 193620.0, 171660.0, 280260.0, 435660.0, 378540.0, 198540.0, 222480.0, 289620.0, ||,  9
806774913, 8066409616, ||, 0.0, 224000.0, 106000.0, 848000.0, 518000.0, 290000.0, 408260.0, 83920.0, 464000.0, 396000.0, 618000.0, 54240.0, ||,  9
813163797, 8128304837, ||, 0.0, 57341.0, 199441.0, 362914.0, 534303.0, 398314.0, 338769.0, 305640.0, 221983.0, 268036.0, 400685.0, 589373.0, ||,  9
813299751, 8129627883, ||, 0.0, 158920.0, 200720.0, 335360.0, 307140.0, 292800.0, 250240.0, 246880.0, 308980.0, 206540.0, 310100.0, 216960.0, ||,  9
--------------------------------------
	簇ID:	 计数
	10:	 1

	样本数据

27147172, 0271471729, ||, 0.0, 3200.0, 3200.0, 3200.0, 0.0, 0.0, 0.0, 0.0, 0.0, 4471200.0, 0.0, 0.0, ||,  10
--------------------------------------
	簇ID:	 计数
	11:	 2

	样本数据

745090630, 0745090630, ||, 0.0, 1322388.0, 464349.0, 423485.0, 430972.0, 414133.0, 408097.0, 363415.0, 449716.0, 321014.0, 377580.0, 375224.0, ||,  11
811564390, 8112954280, ||, 0.0, 1608000.0, 192000.0, 312000.0, 312000.0, 264000.0, 288000.0, 0.0, 0.0, 1104000.0, 720000.0, 1176000.0, ||,  11
--------------------------------------
	簇ID:	 计数
	12:	 1

	样本数据

774002643, 0774002643, ||, 0.0, 147780.0, 422400.0, 441060.0, 985740.0, 505230.0, 83820.0, 654360.0, 807870.0, 498060.0, 231900.0, 498210.0, ||,  12
--------------------------------------
	簇ID:	 计数
	13:	 1

	样本数据

774000774, 0774000774, ||, 0.0, 151650.0, 1350.0, 544500.0, 486000.0, 483000.0, 565500.0, 556500.0, 616500.0, 471000.0, 138000.0, 405000.0, ||,  13
--------------------------------------
	簇ID:	 计数
	14:	 4

	样本数据

751002450, 7510024508, ||, 0.0, 14940.0, 0.0, 209160.0, 194670.0, 0.0, 0.0, 139950.0, 478560.0, 242610.0, 122340.0, 0.0, ||,  14
691018170, 6910181701, ||, 0.0, 22215.0, 0.0, 659805.0, 327900.0, 290940.0, 263955.0, 121845.0, 197790.0, 249795.0, 249255.0, 140340.0, ||,  14
691001992, 6910019923, ||, 0.0, 13425.0, 200730.0, 240645.0, 130170.0, 207225.0, 212130.0, 181080.0, 271380.0, 172035.0, 273375.0, 75555.0, ||,  14
706000492, 0706000492, ||, 0.0, 1155.0, 36300.0, 223815.0, 306045.0, 288855.0, 243915.0, 229665.0, 172095.0, 169065.0, 151995.0, 69000.0, ||,  14
--------------------------------------
	簇ID:	 计数
	15:	 19

	样本数据

25701088, 0257010887, ||, 0.0, 43200.0, 139200.0, 106200.0, 93000.0, 88800.0, 117600.0, 125400.0, 102000.0, 86400.0, 74400.0, 48000.0, ||,  15
691001990, 6910019907, ||, 0.0, 128.0, 111320.0, 137141.0, 77326.0, 107155.0, 106480.0, 90698.0, 124225.0, 86177.0, 116280.0, 116191.0, ||,  15
50276, 0000502766, ||, 0.0, 195708.0, 97854.0, 97854.0, 97854.0, 97854.0, 97854.0, 97854.0, 97854.0, 97854.0, 97854.0, 97854.0, ||,  15
698192084, 6981920841, ||, 0.0, 238590.0, 249984.0, 278592.0, 248952.0, 221046.0, 0.0, 0.0, 0.0, 0.0, 0.0, 0.0, ||,  15
773002579, 0773002579, ||, 0.0, 165696.0, 13974.0, 127578.0, 206274.0, 97398.0, 134022.0, 50328.0, 17670.0, 67650.0, 31410.0, 73140.0, ||,  15
691004968, 6910049681, ||, 0.0, 770.0, 152120.0, 136480.0, 144330.0, 284980.0, 174670.0, 137640.0, 70020.0, 91040.0, 21350.0, 3670.0, ||,  15
761003704, 0761003704, ||, 0.0, 2000.0, 12000.0, 164000.0, 172000.0, 184000.0, 164000.0, 46000.0, 80000.0, 198000.0, 162000.0, 314000.0, ||,  15
691001989, 6910019893, ||, 0.0, 32.0, 162504.0, 178808.0, 115376.0, 188272.0, 160144.0, 81736.0, 189952.0, 141272.0, 71280.0, 143656.0, ||,  15
756004369, 7560043690, ||, 0.0, 152600.0, 126000.0, 160500.0, 76200.0, 56400.0, 54900.0, 72600.0, 57300.0, 47400.0, 68700.0, 82800.0, ||,  15
809278397, 8090719420, ||, 0.0, 10260.0, 117360.0, 197880.0, 248200.0, 259660.0, 196740.0, 172680.0, 59020.0, 118980.0, 137800.0, 3580.0, ||,  15
814641223, 8142865772, ||, 0.0, 48000.0, 115980.0, 175960.0, 26060.0, 143480.0, 159180.0, 53380.0, 51140.0, 193240.0, 257620.0, 86620.0, ||,  15
812804157, 8124967403, ||, 0.0, 197808.0, 163600.0, 195072.0, 166088.0, 214544.0, 177632.0, 150184.0, 0.0, 0.0, 5928.0, 160736.0, ||,  15
812870694, 8125507187, ||, 0.0, 154400.0, 68800.0, 144000.0, 181600.0, 121600.0, 165600.0, 136800.0, 120800.0, 84000.0, 142400.0, 39200.0, ||,  15
813141107, 8128090705, ||, 0.0, 320640.0, 107700.0, 89220.0, 59790.0, 66390.0, 92730.0, 93090.0, 91800.0, 66900.0, 101490.0, 117270.0, ||,  15
757001437, 7570014374, ||, 0.0, 540.0, 136722.0, 134550.0, 145140.0, 177534.0, 162732.0, 167004.0, 171528.0, 189648.0, 179502.0, 68664.0, ||,  15
757002304, 7570023040, ||, 0.0, 90426.0, 142512.0, 170628.0, 170004.0, 155880.0, 141246.0, 147222.0, 155388.0, 148452.0, 167604.0, 151068.0, ||,  15
785004594, 7850045944, ||, 0.0, 40452.0, 257000.0, 56000.0, 76000.0, 86000.0, 88000.0, 103000.0, 93000.0, 89000.0, 85000.0, 67000.0, ||,  15
785132976, 7851329768, ||, 0.0, 369000.0, 339000.0, 222000.0, 54000.0, 18000.0, 129000.0, 195000.0, 133500.0, 0.0, 0.0, 0.0, ||,  15
811692036, 8114139249, ||, 0.0, 163365.0, 63030.0, 84000.0, 111000.0, 96000.0, 111000.0, 150000.0, 135000.0, 150000.0, 159000.0, 171000.0, ||,  15
--------------------------------------
	簇ID:	 计数
	16:	 2

	样本数据

708000239, 7080002391, ||, 0.0, 88000.0, 204000.0, 192000.0, 224000.0, 44000.0, 92000.0, 68000.0, 164000.0, 728000.0, 48000.0, 824000.0, ||,  16
811655582, 8113754865, ||, 0.0, 500000.0, 100000.0, 20000.0, 40000.0, 30000.0, 60000.0, 60000.0, 80000.0, 230000.0, 440000.0, 800000.0, ||,  16
--------------------------------------
	簇ID:	 计数
	17:	 55

	样本数据

26004485, 0260044859, ||, 0.0, 41460.0, 40500.0, 31710.0, 36060.0, 67230.0, 91800.0, 43500.0, 41910.0, 0.0, 96120.0, 60510.0, ||,  17
731000214, 7310002146, ||, 0.0, 3682.0, 11911.0, 115586.0, 118840.0, 69145.0, 106618.0, 107444.0, 17819.0, 115345.0, 26321.0, 0.0, ||,  17
9294517, 0092945177, ||, 0.0, 114400.0, 0.0, 0.0, 40512.0, 0.0, 170864.0, 33200.0, 38392.0, 37416.0, 54976.0, 69416.0, ||,  17
600132142, 6001321423, ||, 0.0, 482.0, 18139.0, 33840.0, 86910.0, 108164.0, 99616.0, 79146.0, 8130.0, 0.0, 0.0, 0.0, ||,  17
670184947, 6701849476, ||, 0.0, 141.0, 11507.0, 32249.0, 23633.0, 115080.0, 45477.0, 64583.0, 130994.0, 79060.0, 83883.0, 74397.0, ||,  17
27003085, 0270030859, ||, 0.0, 165.0, 29443.0, 18019.0, 32014.0, 44033.0, 36419.0, 32003.0, 59534.0, 42822.0, 31296.0, 19441.0, ||,  17
698191791, 6981917913, ||, 0.0, 40000.0, 0.0, 27200.0, 68400.0, 83600.0, 38400.0, 18000.0, 15600.0, 35200.0, 20800.0, 11600.0, ||,  17
800004, 0008000040, ||, 0.0, 54196.0, 198.0, 111210.0, 14652.0, 20460.0, 24552.0, 29766.0, 41646.0, 135102.0, 135828.0, 0.0, ||,  17
19507240, 0195072400, ||, 0.0, 70782.0, 58944.0, 55254.0, 41760.0, 45522.0, 39054.0, 59346.0, 55332.0, 49722.0, 66690.0, 60768.0, ||,  17
27130930, 0271309303, ||, 0.0, 146.0, 146.0, 146.0, 123163.0, 43474.0, 61768.0, 32857.0, 36658.0, 29764.0, 26574.0, 17429.0, ||,  17
696123925, 6961239259, ||, 0.0, 2740.0, 2100.0, 9230.0, 9230.0, 28180.0, 65930.0, 330205.0, 184740.0, 43970.0, 9480.0, 15510.0, ||,  17
748008136, 7480081361, ||, 0.0, 691.0, 6317.0, 75897.0, 90528.0, 85491.0, 102510.0, 98142.0, 113507.0, 90911.0, 109234.0, 98420.0, ||,  17
19191079, 0191910791, ||, 0.0, 80008.0, 85152.0, 79488.0, 56252.0, 45260.0, 68416.0, 13904.0, 106472.0, 67724.0, 71028.0, 79680.0, ||,  17
26966935, 0269669358, ||, 0.0, 62330.0, 33791.0, 37457.0, 44885.0, 29053.0, 32501.0, 44281.0, 34268.0, 40712.0, 54240.0, 53640.0, ||,  17
691001991, 6910019910, ||, 0.0, 128.0, 53838.0, 55536.0, 45386.0, 51598.0, 55220.0, 48325.0, 66636.0, 48783.0, 92699.0, 63422.0, ||,  17
695078279, 6950782791, ||, 0.0, 89574.0, 57660.0, 18618.0, 38268.0, 29166.0, 45858.0, 65592.0, 26712.0, 13128.0, 37782.0, 22674.0, ||,  17
698193076, 6981930767, ||, 0.0, 1680.0, 15390.0, 1035.0, 83685.0, 69900.0, 93810.0, 78945.0, 50340.0, 49485.0, 76185.0, 30630.0, ||,  17
709007526, 7090075260, ||, 0.0, 141000.0, 53225.0, 86157.0, 65940.0, 59020.0, 60480.0, 69013.0, 104683.0, 71889.0, 107478.0, 93753.0, ||,  17
802572452, 8025461136, ||, 0.0, 40200.0, 21600.0, 73800.0, 94800.0, 105000.0, 94800.0, 81600.0, 60600.0, 61800.0, 111600.0, 24000.0, ||,  17
811087068, 8108578067, ||, 0.0, 6876.0, 23980.0, 67488.0, 50516.0, 92120.0, 57672.0, 63276.0, 58556.0, 42492.0, 18884.0, 0.0, ||,  17
811633215, 8113592955, ||, 0.0, 841.0, 91064.0, 39959.0, 41194.0, 42955.0, 45359.0, 42517.0, 51063.0, 40550.0, 48485.0, 49424.0, ||,  17
813024855, 8126941072, ||, 0.0, 1006.0, 37209.0, 57868.0, 18297.0, 14397.0, 69754.0, 70831.0, 66756.0, 48704.0, 58528.0, 62969.0, ||,  17
813196202, 8128611740, ||, 0.0, 813.0, 659.0, 36983.0, 40606.0, 33190.0, 47907.0, 43884.0, 55524.0, 89309.0, 82808.0, 69632.0, ||,  17
814031785, 8136923633, ||, 0.0, 25860.0, 47250.0, 56310.0, 36810.0, 45060.0, 64470.0, 97080.0, 48390.0, 41010.0, 61500.0, 88800.0, ||,  17
756004798, 7560047982, ||, 0.0, 15000.0, 41000.0, 24000.0, 24000.0, 26000.0, 48000.0, 43000.0, 48000.0, 26000.0, 31000.0, 29000.0, ||,  17
805505043, 8053950512, ||, 0.0, 24000.0, 99000.0, 69000.0, 0.0, 0.0, 0.0, 0.0, 0.0, 0.0, 159000.0, 159000.0, ||,  17
811714804, 8114330088, ||, 0.0, 2400.0, 46200.0, 13800.0, 42600.0, 30000.0, 9600.0, 0.0, 115200.0, 0.0, 79422.0, 22578.0, ||,  17
811835591, 8115468786, ||, 0.0, 245.0, 239852.0, 56216.0, 16670.0, 12338.0, 11376.0, 22211.0, 20444.0, 13060.0, 18355.0, 31058.0, ||,  17
812615377, 8123016885, ||, 0.0, 43200.0, 36000.0, 24000.0, 24800.0, 20800.0, 28000.0, 36000.0, 39200.0, 20000.0, 49600.0, 50400.0, ||,  17
812668621, 8123519687, ||, 0.0, 346.0, 3047.0, 3848.0, 42987.0, 3848.0, 53005.0, 24730.0, 23193.0, 33652.0, 53839.0, 87291.0, ||,  17
812722515, 8124057779, ||, 0.0, 47682.0, 47184.0, 54606.0, 56786.0, 24349.0, 59096.0, 49349.0, 35769.0, 44835.0, 46087.0, 56185.0, ||,  17
812792590, 8124793727, ||, 0.0, 37036.0, 34576.0, 66720.0, 36752.0, 37952.0, 20088.0, 43496.0, 71552.0, 71276.0, 109292.0, 54516.0, ||,  17
814405951, 8140626050, ||, 0.0, 31998.0, 146734.0, 157152.0, 0.0, 0.0, 0.0, 33.0, 23.0, 202.0, 40937.0, 65631.0, ||,  17
757001991, 7570019917, ||, 0.0, 192.0, 89245.0, 79644.0, 88134.0, 70929.0, 91502.0, 91383.0, 105809.0, 94053.0, 91426.0, 101356.0, ||,  17
782002641, 7820026412, ||, 0.0, 5000.0, 30600.0, 211000.0, 126400.0, 15860.0, 7180.0, 2000.0, 0.0, 0.0, 0.0, 0.0, ||,  17
801815930, 8017995571, ||, 0.0, 374.0, 0.0, 118844.0, 29559.0, 18818.0, 20993.0, 29266.0, 0.0, 64672.0, 27371.0, 23829.0, ||,  17
811842031, 8115520420, ||, 0.0, 452.0, 4931.0, 1089.0, 11743.0, 40033.0, 54572.0, 43568.0, 55684.0, 58702.0, 65024.0, 61855.0, ||,  17
812708930, 8123931241, ||, 0.0, 51420.0, 38442.0, 0.0, 65694.0, 28590.0, 0.0, 0.0, 80424.0, 73842.0, 73506.0, 88608.0, ||,  17
812746916, 8124291250, ||, 0.0, 44928.0, 27660.0, 9661.0, 129304.0, 132724.0, 62353.0, 93729.0, 93952.0, 89168.0, 106295.0, 209.0, ||,  17
812933316, 8126077425, ||, 0.0, 40000.0, 54000.0, 46000.0, 36000.0, 35000.0, 33000.0, 40000.0, 33000.0, 24000.0, 38000.0, 47000.0, ||,  17
813306874, 8129698115, ||, 0.0, 5767.0, 5281.0, 155020.0, 58025.0, 44035.0, 103841.0, 76380.0, 130125.0, 64557.0, 79338.0, 49826.0, ||,  17
814418945, 8140751497, ||, 0.0, 87600.0, 58152.0, 46512.0, 29016.0, 29712.0, 33648.0, 39360.0, 30896.0, 25592.0, 33992.0, 54656.0, ||,  17
814588255, 8142385418, ||, 0.0, 288.0, 41293.0, 48535.0, 39599.0, 28770.0, 27014.0, 30519.0, 27434.0, 27712.0, 41147.0, 14263.0, ||,  17
757002496, 7570024968, ||, 0.0, 770.0, 1010.0, 49860.0, 58100.0, 101500.0, 100290.0, 94970.0, 74430.0, 83560.0, 26160.0, 0.0, ||,  17
801985184, 8019682053, ||, 0.0, 375.0, 0.0, 86861.0, 31968.0, 41526.0, 41236.0, 46848.0, 46636.0, 51623.0, 49038.0, 55379.0, ||,  17
811101872, 8108578070, ||, 0.0, 3696.0, 0.0, 41800.0, 62584.0, 69684.0, 58752.0, 38396.0, 32636.0, 31028.0, 0.0, 0.0, ||,  17
813303408, 8129668499, ||, 0.0, 33018.0, 23611.0, 33468.0, 43655.0, 50031.0, 91266.0, 66221.0, 42905.0, 26042.0, 38254.0, 48501.0, ||,  17
814021250, 8136820253, ||, 0.0, 89385.0, 49725.0, 39390.0, 36000.0, 31500.0, 34500.0, 42000.0, 49500.0, 43965.0, 44535.0, 57000.0, ||,  17
814073400, 8137331976, ||, 0.0, 114632.0, 63552.0, 70952.0, 67512.0, 75088.0, 70656.0, 78688.0, 90848.0, 85640.0, 86464.0, 88048.0, ||,  17
814225980, 8138843201, ||, 0.0, 5297.0, 8916.0, 37476.0, 39889.0, 35076.0, 34693.0, 30800.0, 41894.0, 27596.0, 37132.0, 21195.0, ||,  17
814626471, 8142723694, ||, 0.0, 725.0, 14073.0, 26110.0, 21494.0, 38187.0, 35977.0, 32753.0, 32753.0, 34963.0, 39186.0, 80165.0, ||,  17
811302940, 8110515331, ||, 0.0, 22000.0, 121600.0, 170800.0, 44000.0, 40400.0, 40800.0, 26800.0, 16000.0, 18800.0, 18800.0, 28000.0, ||,  17
814279385, 8139369829, ||, 0.0, 2286.0, 67922.0, 64031.0, 17838.0, 92237.0, 34091.0, 65422.0, 62989.0, 28060.0, 95394.0, 21866.0, ||,  17
814562609, 8142141908, ||, 0.0, 451.0, 180411.0, 54105.0, 24202.0, 25423.0, 27214.0, 29672.0, 27981.0, 36994.0, 45710.0, 39286.0, ||,  17
814746865, 8143893318, ||, 0.0, 237.0, 209.0, 38377.0, 42212.0, 48037.0, 45859.0, 46577.0, 49810.0, 39063.0, 44043.0, 39420.0, ||,  17
--------------------------------------
	簇ID:	 计数
	18:	 3

	样本数据

733100135, 0733100135, ||, 0.0, 719360.0, 128540.0, 477100.0, 505540.0, 565120.0, 544680.0, 600640.0, 623280.0, 363080.0, 490800.0, 604020.0, ||,  18
800249378, 8002445313, ||, 0.0, 240000.0, 352000.0, 352000.0, 280000.0, 352000.0, 432000.0, 568000.0, 392000.0, 424000.0, 248000.0, 560000.0, ||,  18
811712503, 8114294562, ||, 0.0, 432000.0, 372000.0, 360000.0, 324000.0, 414000.0, 576000.0, 528000.0, 474000.0, 306000.0, 630000.0, 540000.0, ||,  18
--------------------------------------
	簇ID:	 计数
	19:	 2808

	样本数据

293985, 0002939852, ||, 0.0, 3630.0, 1920.0, 4230.0, 3390.0, 2700.0, 2670.0, 3630.0, 3390.0, 600.0, 900.0, 2490.0, ||,  19
294005, 0002940058, ||, 0.0, 2400.0, 4000.0, 4000.0, 3520.0, 0.0, 0.0, 0.0, 0.0, 0.0, 23000.0, 6000.0, ||,  19
294741, 0002947411, ||, 0.0, 3960.0, 3960.0, 6780.0, 6000.0, 0.0, 0.0, 0.0, 0.0, 2610.0, 3540.0, 11250.0, ||,  19
296127, 0002961271, ||, 0.0, 2400.0, 0.0, 1760.0, 6200.0, 8920.0, 0.0, 3080.0, 40.0, 800.0, 0.0, 0.0, ||,  19
298423, 0002984230, ||, 0.0, 8560.0, 3000.0, 5260.0, 6000.0, 4000.0, 4000.0, 4000.0, 4000.0, 14060.0, 5000.0, 5000.0, ||,  19
298442, 0002984429, ||, 0.0, 7560.0, 2235.0, 2805.0, 2010.0, 2430.0, 2820.0, 3435.0, 4155.0, 2250.0, 2565.0, 2685.0, ||,  19
298980, 0002989802, ||, 0.0, 1980.0, 1360.0, 5800.0, 1250.0, 1770.0, 1100.0, 4730.0, 1370.0, 3300.0, 1950.0, 1380.0, ||,  19
299109, 0002991098, ||, 0.0, 6045.0, 3015.0, 7470.0, 2280.0, 1845.0, 2280.0, 3090.0, 2535.0, 2610.0, 2505.0, 2370.0, ||,  19
372159, 0003721591, ||, 0.0, 13805.0, 3693.0, 367.0, 0.0, 0.0, 0.0, 0.0, 879.0, 163.0, 453.0, 0.0, ||,  19
372208, 0003722086, ||, 0.0, 10178.0, 3107.0, 3245.0, 1183.0, 417.0, 408.0, 546.0, 504.0, 422.0, 1133.0, 0.0, ||,  19
372215, 0003722158, ||, 0.0, 11205.0, 0.0, 6242.0, 0.0, 391.0, 156.0, 217.0, 180.0, 0.0, 315.0, 0.0, ||,  19
577063, 0005770638, ||, 0.0, 36135.0, 0.0, 0.0, 0.0, 0.0, 0.0, 0.0, 0.0, 0.0, 0.0, 0.0, ||,  19
2611427, 0026114271, ||, 0.0, 1170.0, 2741.0, 2350.0, 2528.0, 2597.0, 2944.0, 5245.0, 4071.0, 2845.0, 2707.0, 2697.0, ||,  19
2629941, 0026299411, ||, 0.0, 3000.0, 0.0, 0.0, 2754.0, 2597.0, 2844.0, 2457.0, 5649.0, 2394.0, 2305.0, 1236.0, ||,  19
2644043, 0026440431, ||, 0.0, 1539.0, 1228.0, 1113.0, 3300.0, 3467.0, 2222.0, 2042.0, 1969.0, 1780.0, 2200.0, 2280.0, ||,  19
2724105, 0027241051, ||, 0.0, 12026.0, 2050.0, 2182.0, 4918.0, 2317.0, 3054.0, 2013.0, 8330.0, 8596.0, 4560.0, 701.0, ||,  19
2793113, 0027931136, ||, 0.0, 2000.0, 0.0, 0.0, 0.0, 0.0, 33865.0, 122.0, 74.0, 226.0, 271.0, 823.0, ||,  19
2793366, 0027933666, ||, 0.0, 5640.0, 1360.0, 2847.0, 2733.0, 2024.0, 3670.0, 3670.0, 356.0, 500.0, 8305.0, 2477.0, ||,  19
5022444, 0050224441, ||, 0.0, 6150.0, 0.0, 4530.0, 570.0, 600.0, 150.0, 1560.0, 1620.0, 1320.0, 1230.0, 1530.0, ||,  19
5098789, 0050987896, ||, 0.0, 3000.0, 1000.0, 12541.0, 3124.0, 2000.0, 3204.0, 4528.0, 4502.0, 2141.0, 2610.0, 2600.0, ||,  19
5098956, 0050989560, ||, 0.0, 2000.0, 2000.0, 2000.0, 2000.0, 2000.0, 2000.0, 2000.0, 3325.0, 3000.0, 2000.0, 1500.0, ||,  19
5103374, 0051033747, ||, 0.0, 12274.0, 7800.0, 0.0, 0.0, 0.0, 0.0, 0.0, 0.0, 100.0, 326.0, 314.0, ||,  19
5109159, 0051091590, ||, 0.0, 2280.0, 1353.0, 8148.0, 2263.0, 457.0, 2962.0, 1581.0, 601.0, 400.0, 1199.0, 1667.0, ||,  19
5110650, 0051106502, ||, 0.0, 1050.0, 0.0, 17640.0, 3150.0, 3330.0, 12570.0, 9960.0, 10710.0, 11040.0, 12060.0, 13740.0, ||,  19
5265862, 0052658626, ||, 0.0, 7653.0, 2468.0, 2305.0, 1976.0, 2276.0, 2150.0, 7307.0, 5181.0, 5309.0, 7003.0, 9598.0, ||,  19
5271320, 0052713200, ||, 0.0, 5008.0, 10354.0, 2625.0, 3605.0, 2789.0, 2655.0, 1989.0, 1041.0, 2365.0, 4837.0, 2011.0, ||,  19
5272501, 0052725018, ||, 0.0, 8946.0, 16800.0, 5684.0, 7357.0, 5796.0, 6283.0, 10180.0, 9342.0, 6259.0, 6275.0, 8467.0, ||,  19
5274654, 0052746547, ||, 0.0, 13111.0, 7599.0, 3469.0, 0.0, 0.0, 0.0, 0.0, 0.0, 0.0, 0.0, 7901.0, ||,  19
5275309, 0052753099, ||, 0.0, 6114.0, 4061.0, 4261.0, 2409.0, 5140.0, 2938.0, 4668.0, 3941.0, 4989.0, 3138.0, 2909.0, ||,  19
5275644, 0052756447, ||, 0.0, 2400.0, 0.0, 8360.0, 1680.0, 440.0, 0.0, 1080.0, 0.0, 4080.0, 2520.0, 3780.0, ||,  19
5314768, 0053147686, ||, 0.0, 2322.0, 3048.0, 2368.0, 2694.0, 2390.0, 2291.0, 1779.0, 1746.0, 1908.0, 1610.0, 2252.0, ||,  19
5314898, 0053148982, ||, 0.0, 4740.0, 3930.0, 2790.0, 2460.0, 6480.0, 4260.0, 4440.0, 3600.0, 3630.0, 3570.0, 3690.0, ||,  19
5316422, 0053164227, ||, 0.0, 5407.0, 2441.0, 3052.0, 3569.0, 2261.0, 7625.0, 4183.0, 4847.0, 4183.0, 2937.0, 3253.0, ||,  19
5335659, 0053356592, ||, 0.0, 3080.0, 2000.0, 2040.0, 2040.0, 1600.0, 2680.0, 3160.0, 9240.0, 14320.0, 2200.0, 0.0, ||,  19
5355664, 0053556644, ||, 0.0, 21862.0, 10120.0, 9320.0, 8200.0, 2560.0, 2240.0, 3400.0, 3880.0, 1960.0, 5880.0, 7320.0, ||,  19
5405703, 0054057034, ||, 0.0, 6141.0, 3025.0, 489.0, 1120.0, 1027.0, 1259.0, 1213.0, 1312.0, 1405.0, 1506.0, 1789.0, ||,  19
5428776, 0054287769, ||, 0.0, 2294.0, 2740.0, 2844.0, 2892.0, 3191.0, 3239.0, 3133.0, 2835.0, 2256.0, 3744.0, 1110.0, ||,  19
7040566, 0070405662, ||, 0.0, 6645.0, 2475.0, 1290.0, 2760.0, 1905.0, 2385.0, 3855.0, 7140.0, 255.0, 480.0, 171.0, ||,  19
7143057, 0071430573, ||, 0.0, 4620.0, 4079.0, 6669.0, 3012.0, 5637.0, 4455.0, 6554.0, 6539.0, 3842.0, 4799.0, 4653.0, ||,  19
7248464, 0072484643, ||, 0.0, 9914.0, 3682.0, 1931.0, 45.0, 0.0, 0.0, 0.0, 0.0, 0.0, 0.0, 0.0, ||,  19
7253611, 0072536113, ||, 0.0, 5915.0, 1730.0, 2542.0, 368.0, 5017.0, 2169.0, 2331.0, 1766.0, 1966.0, 1736.0, 941.0, ||,  19
7444646, 0074446461, ||, 0.0, 12947.0, 1885.0, 1850.0, 2434.0, 2354.0, 2430.0, 3014.0, 3588.0, 2440.0, 2972.0, 2724.0, ||,  19
9289552, 0092895528, ||, 0.0, 3992.0, 621.0, 921.0, 2857.0, 1012.0, 1508.0, 2232.0, 2572.0, 2625.0, 3307.0, 7943.0, ||,  19
9301350, 0093013505, ||, 0.0, 2097.0, 564.0, 1127.0, 2544.0, 6243.0, 5890.0, 4901.0, 2698.0, 596.0, 0.0, 1334.0, ||,  19
13066873, 0130668734, ||, 0.0, 40020.0, 0.0, 0.0, 10980.0, 6060.0, 10770.0, 5400.0, 2100.0, 0.0, 0.0, 0.0, ||,  19
13068891, 0130688912, ||, 0.0, 2310.0, 2940.0, 915.0, 2085.0, 2550.0, 2250.0, 3375.0, 2025.0, 1500.0, 3315.0, 1035.0, ||,  19
13082632, 0130826323, ||, 0.0, 31580.0, 9580.0, 7350.0, 0.0, 0.0, 0.0, 7631.0, 1377.0, 1274.0, 3074.0, 4444.0, ||,  19
13156012, 0131560129, ||, 0.0, 4651.0, 5630.0, 2830.0, 3071.0, 1250.0, 1128.0, 1669.0, 1677.0, 896.0, 2219.0, 3202.0, ||,  19
15035716, 0150357160, ||, 0.0, 4380.0, 1980.0, 2160.0, 1140.0, 1200.0, 1680.0, 1620.0, 2340.0, 2580.0, 3060.0, 2400.0, ||,  19
15035723, 0150357232, ||, 0.0, 7190.0, 13953.0, 5255.0, 3176.0, 3299.0, 3560.0, 3852.0, 4003.0, 2706.0, 2245.0, 1829.0, ||,  19
15142589, 0151425891, ||, 0.0, 270.0, 8110.0, 15280.0, 3160.0, 4960.0, 240.0, 20.0, 60.0, 120.0, 0.0, 0.0, ||,  19
15226130, 0152261306, ||, 0.0, 2480.0, 1404.0, 5192.0, 2746.0, 2203.0, 2513.0, 4846.0, 1410.0, 2833.0, 2990.0, 3185.0, ||,  19
15340437, 0153404377, ||, 0.0, 8150.0, 68.0, 2910.0, 2284.0, 1957.0, 1264.0, 0.0, 0.0, 0.0, 1336.0, 2466.0, ||,  19
17017712, 0170177120, ||, 0.0, 25312.0, 2500.0, 5340.0, 3600.0, 1620.0, 1800.0, 1880.0, 2620.0, 1968.0, 1380.0, 3400.0, ||,  19
17156114, 0171561140, ||, 0.0, 4026.0, 1658.0, 1700.0, 1518.0, 1651.0, 1708.0, 2278.0, 2402.0, 1738.0, 1577.0, 2226.0, ||,  19
17218772, 0172187729, ||, 0.0, 4082.0, 12618.0, 15600.0, 0.0, 3399.0, 5207.0, 6957.0, 6178.0, 4564.0, 7774.0, 6555.0, ||,  19
17218963, 0172189637, ||, 0.0, 3929.0, 1812.0, 1874.0, 1814.0, 2028.0, 2006.0, 2096.0, 1868.0, 1799.0, 1675.0, 1646.0, ||,  19
17219083, 0172190833, ||, 0.0, 4614.0, 3360.0, 3479.0, 3921.0, 4973.0, 5550.0, 5918.0, 5972.0, 8610.0, 19264.0, 9696.0, ||,  19
17241480, 0172414807, ||, 0.0, 6108.0, 14172.0, 6600.0, 7080.0, 4440.0, 3990.0, 4740.0, 4380.0, 3240.0, 6030.0, 6265.0, ||,  19
17294202, 0172942027, ||, 0.0, 3535.0, 0.0, 0.0, 4160.0, 1261.0, 2356.0, 3099.0, 2892.0, 2496.0, 1684.0, 2234.0, ||,  19
19183752, 0191837528, ||, 0.0, 8134.0, 1443.0, 2806.0, 694.0, 774.0, 765.0, 1112.0, 886.0, 594.0, 2448.0, 2594.0, ||,  19
19184082, 0191840821, ||, 0.0, 700.0, 0.0, 4300.0, 0.0, 1336.0, 5467.0, 6879.0, 5094.0, 3061.0, 2164.0, 1377.0, ||,  19
19556999, 0195569997, ||, 0.0, 366.0, 2219.0, 2774.0, 4117.0, 4769.0, 5854.0, 5013.0, 5165.0, 4923.0, 4900.0, 5311.0, ||,  19
19668727, 0196687274, ||, 0.0, 5550.0, 5149.0, 4419.0, 2652.0, 1230.0, 901.0, 1095.0, 1061.0, 594.0, 1135.0, 0.0, ||,  19
21060421, 0210604210, ||, 0.0, 500.0, 0.0, 4000.0, 4000.0, 4000.0, 4000.0, 3000.0, 2505.0, 800.0, 400.0, 405.0, ||,  19
21214741, 0212147412, ||, 0.0, 5600.0, 3018.0, 2646.0, 1993.0, 1880.0, 1522.0, 1965.0, 0.0, 1048.0, 2685.0, 4112.0, ||,  19
23055892, 0230558920, ||, 0.0, 401.0, 151.0, 638.0, 1449.0, 3292.0, 4252.0, 5536.0, 5175.0, 4526.0, 4550.0, 5048.0, ||,  19
23167163, 0231671635, ||, 0.0, 3297.0, 0.0, 3600.0, 1734.0, 0.0, 0.0, 4434.0, 1879.0, 0.0, 2243.0, 2358.0, ||,  19
25017531, 0250175318, ||, 0.0, 2865.0, 0.0, 2442.0, 0.0, 3064.0, 0.0, 4506.0, 0.0, 4182.0, 0.0, 3067.0, ||,  19
25063354, 0250633544, ||, 0.0, 8463.0, 0.0, 5010.0, 0.0, 7517.0, 0.0, 1880.0, 0.0, 2025.0, 0.0, 4020.0, ||,  19
25208897, 0252088971, ||, 0.0, 3582.0, 0.0, 3448.0, 0.0, 0.0, 0.0, 0.0, 0.0, 13250.0, 0.0, 4194.0, ||,  19
25217245, 0252172454, ||, 0.0, 6268.0, 0.0, 5589.0, 0.0, 5913.0, 0.0, 3656.0, 0.0, 3944.0, 0.0, 4435.0, ||,  19
25378226, 0253782265, ||, 0.0, 1414.0, 2276.0, 1688.0, 1675.0, 2761.0, 3597.0, 4849.0, 3701.0, 2160.0, 2568.0, 2322.0, ||,  19
25379785, 0253797854, ||, 0.0, 3697.0, 0.0, 3807.0, 5377.0, 2381.0, 4163.0, 1559.0, 1014.0, 1005.0, 507.0, 519.0, ||,  19
25382112, 0253821126, ||, 0.0, 8086.0, 2209.0, 2654.0, 3307.0, 2927.0, 3497.0, 4026.0, 3088.0, 2169.0, 2183.0, 2209.0, ||,  19
25383770, 0253837705, ||, 0.0, 2881.0, 3530.0, 3814.0, 3825.0, 3925.0, 3929.0, 4616.0, 3759.0, 3408.0, 3533.0, 3728.0, ||,  19
25389883, 0253898834, ||, 0.0, 4000.0, 0.0, 1287.0, 0.0, 12850.0, 5300.0, 6000.0, 5500.0, 6000.0, 5000.0, 5000.0, ||,  19
25399368, 0253993685, ||, 0.0, 8000.0, 4189.0, 4387.0, 4023.0, 4145.0, 5445.0, 6196.0, 5654.0, 4440.0, 4659.0, 4401.0, ||,  19
25418620, 0254186202, ||, 0.0, 8910.0, 0.0, 9180.0, 0.0, 9615.0, 0.0, 9000.0, 0.0, 11475.0, 0.0, 7890.0, ||,  19
25457426, 0254574265, ||, 0.0, 8758.0, 3594.0, 4142.0, 6776.0, 2781.0, 4114.0, 6819.0, 5474.0, 2142.0, 6195.0, 4714.0, ||,  19
25461928, 0254619283, ||, 0.0, 7274.0, 0.0, 7170.0, 0.0, 9003.0, 0.0, 6373.0, 0.0, 6339.0, 0.0, 9379.0, ||,  19
25479053, 0254790535, ||, 0.0, 5160.0, 0.0, 3696.0, 0.0, 4784.0, 0.0, 4381.0, 0.0, 3600.0, 0.0, 3630.0, ||,  19
25504790, 0255047906, ||, 0.0, 1000.0, 5675.0, 3133.0, 3068.0, 2692.0, 2677.0, 2481.0, 2069.0, 2879.0, 3226.0, 3562.0, ||,  19
25506461, 0255064619, ||, 0.0, 8805.0, 0.0, 0.0, 0.0, 12030.0, 4140.0, 0.0, 7260.0, 0.0, 1545.0, 4950.0, ||,  19
25548688, 0255486882, ||, 0.0, 5257.0, 0.0, 4650.0, 0.0, 4500.0, 0.0, 5850.0, 0.0, 4620.0, 0.0, 1515.0, ||,  19
25552079, 0255520793, ||, 0.0, 16640.0, 0.0, 7920.0, 0.0, 540.0, 0.0, 0.0, 0.0, 60.0, 0.0, 5520.0, ||,  19
25568001, 0255680011, ||, 0.0, 8701.0, 0.0, 4051.0, 0.0, 6285.0, 0.0, 6400.0, 0.0, 7073.0, 0.0, 5006.0, ||,  19
25571391, 0255713915, ||, 0.0, 4681.0, 0.0, 6812.0, 0.0, 3755.0, 0.0, 2600.0, 0.0, 1262.0, 0.0, 4224.0, ||,  19
25650008, 0256500082, ||, 0.0, 4310.0, 2060.0, 4057.0, 1510.0, 410.0, 2885.0, 3000.0, 8670.0, 3000.0, 4565.0, 0.0, ||,  19
25651654, 0256516544, ||, 0.0, 6828.0, 602.0, 4926.0, 6098.0, 7051.0, 6757.0, 8133.0, 7432.0, 6152.0, 8357.0, 5893.0, ||,  19
25652101, 0256521016, ||, 0.0, 33420.0, 8520.0, 5260.0, 1480.0, 1420.0, 1320.0, 1440.0, 1520.0, 1160.0, 3540.0, 7600.0, ||,  19
25704713, 0257047139, ||, 0.0, 2070.0, 19965.0, 5040.0, 3705.0, 3780.0, 2865.0, 3135.0, 4350.0, 3750.0, 2985.0, 7650.0, ||,  19
25704732, 0257047328, ||, 0.0, 703.0, 2323.0, 2296.0, 2126.0, 3329.0, 3753.0, 4097.0, 4120.0, 3427.0, 3677.0, 3518.0, ||,  19
25980732, 0259807320, ||, 0.0, 3843.0, 0.0, 3482.0, 0.0, 2545.0, 0.0, 2562.0, 0.0, 2729.0, 0.0, 2464.0, ||,  19
25982939, 0259829399, ||, 0.0, 5926.0, 0.0, 5430.0, 0.0, 2749.0, 0.0, 1069.0, 0.0, 991.0, 0.0, 3588.0, ||,  19
25987731, 0259877314, ||, 0.0, 10510.0, 0.0, 0.0, 0.0, 0.0, 6660.0, 0.0, 0.0, 0.0, 0.0, 5230.0, ||,  19
25989051, 0259890517, ||, 0.0, 1279.0, 1431.0, 2881.0, 3401.0, 3289.0, 1608.0, 3002.0, 3303.0, 3844.0, 2682.0, 3581.0, ||,  19
26001953, 0260019532, ||, 0.0, 4725.0, 1770.0, 1530.0, 1620.0, 1665.0, 2055.0, 1635.0, 2055.0, 4860.0, 4755.0, 8850.0, ||,  19
26002073, 0260020738, ||, 0.0, 6920.0, 3520.0, 2680.0, 2920.0, 2080.0, 0.0, 0.0, 13760.0, 4000.0, 4000.0, 3200.0, ||,  19
26002288, 0260022880, ||, 0.0, 7530.0, 2160.0, 2220.0, 3289.0, 3221.0, 3600.0, 3030.0, 2700.0, 1560.0, 4680.0, 3150.0, ||,  19
=====================================================================================