
======================================================================================
----------------------------------------------------------------------------
	簇个数:	 20
--------------------------------------
	簇ID:	 计数

	0:	 12353655
	1:	 3
	2:	 5
	3:	 11
	4:	 168
	5:	 1
	6:	 3
	7:	 4
	8:	 61
	9:	 6587
	10:	 1
	11:	 2
	12:	 15
	13:	 1
	14:	 569
	15:	 5
	16:	 1
	17:	 2
	18:	 26
	19:	 119
--------------------------------------
	 簇中心 

0,12353655,||,255.1474327752455,177.3544611152426,240.55318050804493,182.71733373828718,216.75866865808553,156.20667459899167,192.32659182845325,169.9551813384054,211.7468074874262,153.01251919368744,206.5623306626832,177.78252699136962
1,3,||,3.0196636666666668E7,2.4379505666666668E7,2.8086953333333332E7,2.5366727666666668E7,2.4532223E7,2.5368042333333332E7,2.7452951333333332E7,2.8375321666666668E7,2.6696557333333332E7,2.4099766333333332E7,2.2253156666666668E7,2.647405E7
2,5,||,1815755.2,780519.2,1798636.8,1015860.8,379255.2,63153.6,96213.6,193255.2,51890.4,1086810.4,4430649.6,1756539.2
3,11,||,6633406.181818182,5496860.090909091,5915583.2727272725,6679349.2727272725,6270587.0,6297928.2727272725,6239131.2727272725,6744176.0,6262193.0,5859263.181818182,6272670.7272727275,5705175.818181818
4,168,||,1034124.3095238095,790221.2619047619,887908.7380952381,1020564.0595238095,1018246.6547619047,1023032.880952381,1053565.613095238,1101769.7142857143,1018697.6607142857,1006615.2023809524,951065.0238095238,972439.1964285715
5,1,||,2.8486756E7,2.2827129E7,2.8224779E7,3857530.0,2.1245712E7,1.9697714E7,2.2769693E7,2.0501544E7,2.062832E7,1.810154E7,2.3783434E7,2.8107397E7
6,3,||,1.0093248E7,2679072.0,1.6591168E7,1.9056136E7,1.7822992E7,1.75582E7,1.8809824E7,1.8403088E7,1.6952672E7,1.3457224E7,1.6319864E7,1.9643712E7
7,4,||,3531610.0,2792072.0,2715740.0,431030.0,243610.0,259150.0,490940.0,1636705.0,2307730.0,2221429.0,2834976.0,3313172.0
8,61,||,1556772.6229508198,1155818.475409836,1633928.8524590165,2199256.573770492,2168827.37704918,2221521.3114754097,2190842.4590163934,2094345.6229508198,2099645.5901639345,1894259.1803278688,1804545.5409836066,1634473.0
9,6587,||,97663.55599513085,76274.38222763238,72742.30842970176,75136.25197808887,62771.7442178941,61843.33779671333,63724.19126597687,67549.1361838101,63801.797626293366,58211.33977480219,74895.80675593426,85665.68594035301
10,1,||,3.6759424E7,3.6251701E7,3.000622E7,2.4133462E7,3.7825244E7,3.9628242E7,2.9405525E7,3.4999031E7,1.6276216E7,8856190.0,2.6347623E7,3.6440416E7
11,2,||,411643.0,74280.0,5535435.0,6622969.5,4471260.0,7151772.0,6191453.0,7963690.0,6004402.0,4343143.5,2909221.0,1241940.0
12,15,||,5331230.066666666,4470325.266666667,4289577.6,4638466.2,3941726.1333333333,3903839.7333333334,3636796.2,3356977.1333333333,3556893.1333333333,3580692.2,3675872.4,3693284.466666667
13,1,||,1.1905312E7,3951067.0,1.8196002E7,7674973.0,1.3578386E7,1.2367228E7,9784807.0,1.4819982E7,9275552.0,1.0034799E7,6804010.0,1772424.0
14,569,||,394227.8820422535,305418.54753521126,304478.53345070424,365716.71654929576,361760.3908450704,385077.22535211267,395688.9841549296,403064.71654929576,391898.8468309859,346677.03345070424,361616.03345070424,383800.1830985916
15,5,||,1.17974712E7,9919410.4,9825460.8,1.19539536E7,1.15522144E7,7914387.2,9046991.2,7507437.6,7529787.2,6859407.2,7294784.0,8397282.4
16,1,||,2.4789913E7,2.5663277E7,2.2765338E7,2.0244371E7,1.6124004E7,1.7489756E7,1.7808634E7,1.9411441E7,2.3769887E7,2.2179377E7,2.5404456E7,3.4149738E7
17,2,||,1.33188E7,9989232.0,4861164.0,660000.0,660000.0,528000.0,660000.0,660000.0,528000.0,528000.0,528000.0,528000.0
18,26,||,2734828.0384615385,2355667.6153846155,2593025.9615384615,2881648.730769231,2627179.230769231,2892724.8846153845,2980087.1923076925,2948950.0384615385,3052741.8846153845,2880102.3846153845,2857870.5,2821572.0
19,119,||,816856.8403361344,666707.8655462185,605143.6470588235,261801.0588235294,106427.58823529411,60834.91596638656,73109.74789915966,49630.991596638654,49035.87394957983,56925.31932773109,284327.29411764705,452286.3025210084
----------------------------------------------------------------------------
	 打印每个簇及其样本信息 

----------------------------------------------------------------------------
	 簇及其样本 

--------------------------------------
	簇ID:	 计数
	0:	 12353655

	样本数据

5, 0000000055, ||, 69.0, 77.0, 60.0, 71.0, 86.0, 100.0, 123.0, 136.0, 110.0, 93.0, 68.0, 89.0, ||,  0
12, 0000000127, ||, 112.0, 104.0, 87.0, 89.0, 74.0, 65.0, 82.0, 100.0, 89.0, 92.0, 77.0, 101.0, ||,  0
17, 0000000172, ||, 174.0, 126.0, 91.0, 122.0, 123.0, 120.0, 110.0, 108.0, 92.0, 86.0, 123.0, 132.0, ||,  0
29, 0000000299, ||, 174.0, 157.0, 152.0, 155.0, 162.0, 124.0, 99.0, 106.0, 86.0, 84.0, 75.0, 94.0, ||,  0
31, 0000000316, ||, 79.0, 78.0, 66.0, 61.0, 34.0, 51.0, 59.0, 60.0, 56.0, 56.0, 41.0, 47.0, ||,  0
36, 0000000361, ||, 120.0, 137.0, 96.0, 146.0, 144.0, 53.0, 45.0, 41.0, 46.0, 45.0, 138.0, 40.0, ||,  0
43, 0000000433, ||, 132.0, 111.0, 106.0, 124.0, 79.0, 93.0, 82.0, 76.0, 81.0, 85.0, 102.0, 114.0, ||,  0
48, 0000000488, ||, 69.0, 52.0, 17.0, 121.0, 80.0, 90.0, 65.0, 97.0, 74.0, 86.0, 68.0, 81.0, ||,  0
50, 0000000505, ||, 86.0, 92.0, 95.0, 43.0, 39.0, 80.0, 94.0, 80.0, 81.0, 103.0, 36.0, 68.0, ||,  0
55, 0000000550, ||, 252.0, 258.0, 235.0, 296.0, 222.0, 168.0, 0.0, 0.0, 0.0, 0.0, 0.0, 0.0, ||,  0
62, 0000000622, ||, 123.0, 92.0, 110.0, 121.0, 150.0, 88.0, 90.0, 144.0, 108.0, 86.0, 120.0, 93.0, ||,  0
67, 0000000677, ||, 53.0, 52.0, 51.0, 25.0, 8.0, 26.0, 23.0, 22.0, 29.0, 30.0, 16.0, 23.0, ||,  0
74, 0000000749, ||, 194.0, 144.0, 49.0, 25.0, 2.0, 75.0, 134.0, 153.0, 125.0, 143.0, 184.0, 162.0, ||,  0
79, 0000000794, ||, 152.0, 159.0, 106.0, 104.0, 4.0, 4.0, 1.0, 1.0, 10.0, 7.0, 5.0, 7.0, ||,  0
81, 0000000811, ||, 84.0, 83.0, 107.0, 151.0, 172.0, 98.0, 83.0, 78.0, 85.0, 67.0, 85.0, 108.0, ||,  0
86, 0000000866, ||, 72.0, 49.0, 63.0, 55.0, 58.0, 88.0, 109.0, 126.0, 107.0, 82.0, 76.0, 60.0, ||,  0
93, 0000000938, ||, 118.0, 110.0, 110.0, 133.0, 142.0, 86.0, 77.0, 101.0, 137.0, 109.0, 109.0, 108.0, ||,  0
98, 0000000983, ||, 117.0, 13.0, 7.0, 12.0, 12.0, 11.0, 14.0, 16.0, 8.0, 7.0, 6.0, 9.0, ||,  0
104, 0000001045, ||, 41.0, 15.0, 9.0, 68.0, 67.0, 92.0, 94.0, 108.0, 93.0, 83.0, 79.0, 91.0, ||,  0
111, 0000001117, ||, 125.0, 82.0, 179.0, 116.0, 128.0, 103.0, 103.0, 120.0, 100.0, 102.0, 101.0, 81.0, ||,  0
116, 0000001162, ||, 137.0, 164.0, 127.0, 97.0, 87.0, 89.0, 97.0, 99.0, 81.0, 60.0, 47.0, 50.0, ||,  0
123, 0000001234, ||, 148.0, 108.0, 127.0, 143.0, 177.0, 152.0, 152.0, 116.0, 83.0, 101.0, 141.0, 161.0, ||,  0
128, 0000001289, ||, 56.0, 51.0, 62.0, 46.0, 49.0, 45.0, 20.0, 42.0, 25.0, 14.0, 22.0, 17.0, ||,  0
130, 0000001306, ||, 114.0, 99.0, 120.0, 111.0, 119.0, 113.0, 123.0, 142.0, 133.0, 105.0, 111.0, 119.0, ||,  0
135, 0000001351, ||, 38.0, 39.0, 69.0, 46.0, 15.0, 38.0, 35.0, 13.0, 23.0, 10.0, 16.0, 22.0, ||,  0
147, 0000001478, ||, 137.0, 116.0, 136.0, 110.0, 131.0, 80.0, 94.0, 88.0, 101.0, 70.0, 93.0, 84.0, ||,  0
154, 0000001540, ||, 128.0, 120.0, 111.0, 133.0, 91.0, 88.0, 105.0, 129.0, 98.0, 101.0, 104.0, 88.0, ||,  0
159, 0000001595, ||, 93.0, 126.0, 111.0, 111.0, 120.0, 94.0, 61.0, 121.0, 127.0, 106.0, 110.0, 126.0, ||,  0
161, 0000001612, ||, 17.0, 19.0, 21.0, 22.0, 22.0, 35.0, 39.0, 37.0, 27.0, 22.0, 17.0, 16.0, ||,  0
166, 0000001667, ||, 120.0, 78.0, 98.0, 129.0, 139.0, 124.0, 163.0, 158.0, 123.0, 111.0, 110.0, 105.0, ||,  0
173, 0000001739, ||, 120.0, 120.0, 108.0, 117.0, 110.0, 84.0, 118.0, 153.0, 179.0, 156.0, 144.0, 84.0, ||,  0
178, 0000001784, ||, 56.0, 105.0, 46.0, 50.0, 52.0, 35.0, 5.0, 14.0, 20.0, 33.0, 32.0, 36.0, ||,  0
180, 0000001801, ||, 53.0, 52.0, 48.0, 58.0, 51.0, 47.0, 57.0, 63.0, 55.0, 51.0, 52.0, 53.0, ||,  0
185, 0000001856, ||, 158.0, 137.0, 147.0, 166.0, 159.0, 123.0, 69.0, 68.0, 19.0, 21.0, 20.0, 22.0, ||,  0
192, 0000001928, ||, 5.0, 173.0, 220.0, 114.0, 76.0, 3.0, 3.0, 1.0, 0.0, 0.0, 0.0, 2.0, ||,  0
197, 0000001973, ||, 130.0, 101.0, 98.0, 105.0, 126.0, 147.0, 34.0, 0.0, 0.0, 0.0, 0.0, 0.0, ||,  0
203, 0000002035, ||, 26.0, 28.0, 25.0, 27.0, 26.0, 24.0, 26.0, 35.0, 29.0, 22.0, 26.0, 29.0, ||,  0
208, 0000002080, ||, 189.0, 189.0, 148.0, 189.0, 175.0, 89.0, 49.0, 60.0, 70.0, 77.0, 105.0, 95.0, ||,  0
210, 0000002107, ||, 100.0, 31.0, 28.0, 69.0, 88.0, 150.0, 180.0, 221.0, 131.0, 210.0, 97.0, 59.0, ||,  0
222, 0000002224, ||, 231.0, 252.0, 222.0, 278.0, 414.0, 211.0, 213.0, 220.0, 209.0, 198.0, 212.0, 223.0, ||,  0
227, 0000002279, ||, 91.0, 118.0, 99.0, 80.0, 88.0, 76.0, 74.0, 101.0, 79.0, 78.0, 77.0, 81.0, ||,  0
234, 0000002341, ||, 99.0, 126.0, 108.0, 63.0, 61.0, 72.0, 71.0, 104.0, 115.0, 121.0, 124.0, 99.0, ||,  0
239, 0000002396, ||, 67.0, 165.0, 283.0, 224.0, 207.0, 185.0, 149.0, 140.0, 141.0, 119.0, 130.0, 131.0, ||,  0
241, 0000002413, ||, 289.0, 231.0, 219.0, 218.0, 251.0, 119.0, 96.0, 132.0, 162.0, 187.0, 208.0, 167.0, ||,  0
246, 0000002468, ||, 102.0, 98.0, 113.0, 111.0, 108.0, 133.0, 146.0, 161.0, 155.0, 165.0, 184.0, 212.0, ||,  0
253, 0000002530, ||, 130.0, 117.0, 90.0, 96.0, 93.0, 88.0, 84.0, 106.0, 88.0, 82.0, 89.0, 87.0, ||,  0
258, 0000002585, ||, 115.0, 131.0, 71.0, 68.0, 92.0, 17.0, 13.0, 15.0, 12.0, 10.0, 8.0, 7.0, ||,  0
260, 0000002602, ||, 72.0, 97.0, 77.0, 79.0, 33.0, 26.0, 29.0, 35.0, 30.0, 26.0, 22.0, 75.0, ||,  0
272, 0000002729, ||, 108.0, 141.0, 95.0, 95.0, 99.0, 68.0, 84.0, 94.0, 85.0, 90.0, 113.0, 105.0, ||,  0
277, 0000002774, ||, 101.0, 86.0, 73.0, 66.0, 88.0, 85.0, 100.0, 80.0, 86.0, 78.0, 104.0, 98.0, ||,  0
284, 0000002846, ||, 120.0, 124.0, 83.0, 75.0, 89.0, 55.0, 91.0, 90.0, 64.0, 61.0, 62.0, 65.0, ||,  0
289, 0000002891, ||, 148.0, 145.0, 120.0, 133.0, 132.0, 116.0, 124.0, 133.0, 118.0, 119.0, 123.0, 157.0, ||,  0
291, 0000002918, ||, 110.0, 106.0, 85.0, 163.0, 171.0, 74.0, 81.0, 105.0, 99.0, 124.0, 215.0, 153.0, ||,  0
296, 0000002963, ||, 18.0, 74.0, 33.0, 0.0, 1.0, 0.0, 1.0, 0.0, 64.0, 52.0, 49.0, 70.0, ||,  0
302, 0000003025, ||, 121.0, 127.0, 107.0, 56.0, 67.0, 45.0, 43.0, 48.0, 38.0, 46.0, 65.0, 57.0, ||,  0
307, 0000003070, ||, 87.0, 67.0, 66.0, 75.0, 48.0, 49.0, 53.0, 55.0, 54.0, 56.0, 59.0, 66.0, ||,  0
314, 0000003142, ||, 58.0, 85.0, 93.0, 88.0, 92.0, 94.0, 86.0, 92.0, 94.0, 94.0, 83.0, 88.0, ||,  0
319, 0000003197, ||, 339.0, 398.0, 326.0, 528.0, 694.0, 274.0, 283.0, 273.0, 253.0, 287.0, 410.0, 300.0, ||,  0
321, 0000003214, ||, 81.0, 83.0, 67.0, 108.0, 82.0, 63.0, 63.0, 94.0, 85.0, 73.0, 100.0, 91.0, ||,  0
326, 0000003269, ||, 225.0, 210.0, 222.0, 226.0, 267.0, 140.0, 128.0, 112.0, 113.0, 123.0, 239.0, 167.0, ||,  0
333, 0000003331, ||, 62.0, 62.0, 53.0, 55.0, 48.0, 46.0, 50.0, 61.0, 58.0, 44.0, 55.0, 58.0, ||,  0
338, 0000003386, ||, 52.0, 47.0, 37.0, 38.0, 39.0, 23.0, 54.0, 49.0, 57.0, 35.0, 38.0, 40.0, ||,  0
340, 0000003403, ||, 136.0, 161.0, 143.0, 152.0, 159.0, 151.0, 135.0, 110.0, 86.0, 99.0, 151.0, 149.0, ||,  0
345, 0000003458, ||, 156.0, 291.0, 143.0, 68.0, 92.0, 118.0, 125.0, 225.0, 176.0, 149.0, 149.0, 166.0, ||,  0
352, 0000003520, ||, 142.0, 0.0, 121.0, 503.0, 0.0, 332.0, 379.0, 377.0, 317.0, 365.0, 82.0, 96.0, ||,  0
357, 0000003575, ||, 65.0, 64.0, 55.0, 56.0, 58.0, 64.0, 82.0, 87.0, 76.0, 68.0, 66.0, 63.0, ||,  0
364, 0000003647, ||, 216.0, 209.0, 186.0, 202.0, 191.0, 139.0, 143.0, 139.0, 126.0, 121.0, 135.0, 148.0, ||,  0
369, 0000003692, ||, 22.0, 0.0, 9.0, 12.0, 9.0, 0.0, 1.0, 3.0, 29.0, 5.0, 90.0, 110.0, ||,  0
371, 0000003719, ||, 116.0, 104.0, 84.0, 108.0, 93.0, 88.0, 98.0, 113.0, 88.0, 95.0, 90.0, 87.0, ||,  0
376, 0000003764, ||, 2.0, 0.0, 2.0, 5.0, 6.0, 5.0, 9.0, 28.0, 11.0, 29.0, 22.0, 15.0, ||,  0
383, 0000003836, ||, 58.0, 83.0, 58.0, 63.0, 59.0, 50.0, 52.0, 64.0, 54.0, 50.0, 50.0, 46.0, ||,  0
388, 0000003881, ||, 182.0, 187.0, 131.0, 139.0, 83.0, 47.0, 68.0, 78.0, 83.0, 66.0, 73.0, 78.0, ||,  0
390, 0000003908, ||, 114.0, 147.0, 107.0, 116.0, 162.0, 90.0, 94.0, 103.0, 105.0, 90.0, 97.0, 102.0, ||,  0
395, 0000003953, ||, 108.0, 96.0, 98.0, 106.0, 85.0, 70.0, 81.0, 111.0, 91.0, 84.0, 110.0, 118.0, ||,  0
401, 0000004015, ||, 176.0, 160.0, 140.0, 140.0, 120.0, 107.0, 97.0, 124.0, 133.0, 128.0, 187.0, 191.0, ||,  0
406, 0000004060, ||, 116.0, 119.0, 110.0, 132.0, 126.0, 78.0, 85.0, 87.0, 81.0, 84.0, 92.0, 86.0, ||,  0
413, 0000004132, ||, 128.0, 121.0, 87.0, 72.0, 89.0, 83.0, 99.0, 96.0, 74.0, 76.0, 83.0, 68.0, ||,  0
418, 0000004187, ||, 187.0, 188.0, 152.0, 178.0, 175.0, 132.0, 116.0, 110.0, 8.0, 35.0, 44.0, 49.0, ||,  0
420, 0000004204, ||, 346.0, 329.0, 276.0, 233.0, 234.0, 216.0, 154.0, 112.0, 101.0, 120.0, 190.0, 198.0, ||,  0
425, 0000004259, ||, 200.0, 183.0, 167.0, 169.0, 147.0, 129.0, 137.0, 152.0, 147.0, 161.0, 168.0, 184.0, ||,  0
432, 0000004321, ||, 37.0, 39.0, 38.0, 41.0, 45.0, 48.0, 61.0, 61.0, 61.0, 57.0, 57.0, 52.0, ||,  0
437, 0000004376, ||, 116.0, 111.0, 143.0, 155.0, 152.0, 133.0, 121.0, 136.0, 91.0, 97.0, 269.0, 231.0, ||,  0
444, 0000004448, ||, 61.0, 61.0, 52.0, 44.0, 45.0, 39.0, 44.0, 44.0, 38.0, 40.0, 41.0, 52.0, ||,  0
449, 0000004493, ||, 77.0, 76.0, 69.0, 90.0, 125.0, 65.0, 84.0, 88.0, 85.0, 76.0, 70.0, 72.0, ||,  0
451, 0000004510, ||, 78.0, 69.0, 40.0, 30.0, 14.0, 10.0, 16.0, 23.0, 23.0, 44.0, 52.0, 44.0, ||,  0
456, 0000004565, ||, 84.0, 141.0, 119.0, 132.0, 128.0, 109.0, 118.0, 144.0, 133.0, 104.0, 110.0, 94.0, ||,  0
463, 0000004637, ||, 188.0, 235.0, 153.0, 162.0, 202.0, 138.0, 105.0, 120.0, 124.0, 87.0, 127.0, 92.0, ||,  0
468, 0000004682, ||, 739.0, 592.0, 430.0, 519.0, 202.0, 150.0, 158.0, 211.0, 142.0, 136.0, 155.0, 135.0, ||,  0
470, 0000004709, ||, 245.0, 249.0, 225.0, 255.0, 243.0, 158.0, 247.0, 396.0, 245.0, 186.0, 255.0, 328.0, ||,  0
475, 0000004754, ||, 207.0, 192.0, 127.0, 141.0, 147.0, 124.0, 129.0, 127.0, 133.0, 128.0, 138.0, 180.0, ||,  0
482, 0000004826, ||, 130.0, 112.0, 121.0, 140.0, 194.0, 179.0, 145.0, 153.0, 137.0, 137.0, 128.0, 134.0, ||,  0
487, 0000004871, ||, 146.0, 151.0, 132.0, 142.0, 151.0, 109.0, 97.0, 100.0, 99.0, 107.0, 123.0, 125.0, ||,  0
494, 0000004943, ||, 140.0, 128.0, 102.0, 118.0, 130.0, 115.0, 120.0, 132.0, 110.0, 105.0, 109.0, 110.0, ||,  0
500, 0000005005, ||, 3.0, 0.0, 108.0, 398.0, 282.0, 133.0, 104.0, 93.0, 114.0, 155.0, 237.0, 171.0, ||,  0
505, 0000005050, ||, 152.0, 141.0, 121.0, 126.0, 140.0, 113.0, 140.0, 193.0, 160.0, 127.0, 110.0, 112.0, ||,  0
512, 0000005122, ||, 61.0, 56.0, 35.0, 30.0, 26.0, 29.0, 25.0, 17.0, 22.0, 31.0, 37.0, 40.0, ||,  0
517, 0000005177, ||, 46.0, 48.0, 49.0, 49.0, 61.0, 59.0, 53.0, 46.0, 51.0, 44.0, 46.0, 44.0, ||,  0
524, 0000005249, ||, 141.0, 138.0, 126.0, 146.0, 166.0, 86.0, 114.0, 108.0, 94.0, 85.0, 92.0, 63.0, ||,  0
529, 0000005294, ||, 30.0, 65.0, 45.0, 61.0, 67.0, 21.0, 27.0, 90.0, 68.0, 39.0, 32.0, 17.0, ||,  0
531, 0000005311, ||, 183.0, 154.0, 138.0, 153.0, 183.0, 102.0, 47.0, 26.0, 3.0, 0.0, 0.0, 0.0, ||,  0
--------------------------------------
	簇ID:	 计数
	1:	 3

	样本数据

23000062, 0230000623, ||, 2.9419104E7, 2.5226784E7, 2.73768E7, 2.4970176E7, 2.2110528E7, 2.0632128E7, 2.613072E7, 2.4991296E7, 2.6755872E7, 2.6868864E7, 2.116224E7, 2.6427456E7, ||,  1
23000061, 0230000610, ||, 2.7136032E7, 2.2596288E7, 2.4951168E7, 2.512752E7, 2.6318688E7, 2.7034656E7, 2.5049376E7, 2.5257408E7, 2.2785312E7, 2.440416E7, 1.9036512E7, 2.3773728E7, ||,  1
812774788, 8124558849, ||, 3.4034774E7, 2.5315445E7, 3.1932892E7, 2.6002487E7, 2.5167453E7, 2.8437343E7, 3.1178758E7, 3.4877261E7, 3.0548488E7, 2.1026275E7, 2.6560718E7, 2.9220966E7, ||,  1
--------------------------------------
	簇ID:	 计数
	2:	 5

	样本数据

9216206, 0092162062, ||, 2214900.0, 0.0, 2436900.0, 1740900.0, 707700.0, 8400.0, 0.0, 0.0, 0.0, 0.0, 5607900.0, 3017700.0, ||,  2
2770175, 0027701759, ||, 2096760.0, 2009760.0, 1959360.0, 894480.0, 0.0, 0.0, 0.0, 0.0, 0.0, 1260360.0, 2243160.0, 2249640.0, ||,  2
800005, 0008000053, ||, 293616.0, 82836.0, 44424.0, 610524.0, 560376.0, 307368.0, 481068.0, 966276.0, 259452.0, 523692.0, 4463388.0, 26856.0, ||,  2
25395089, 0253950897, ||, 2510000.0, 1810000.0, 2040000.0, 190000.0, 0.0, 0.0, 0.0, 0.0, 0.0, 3650000.0, 4800000.0, 400000.0, ||,  2
806830150, 8066922449, ||, 1963500.0, 0.0, 2512500.0, 1643400.0, 628200.0, 0.0, 0.0, 0.0, 0.0, 0.0, 5038800.0, 3088500.0, ||,  2
--------------------------------------
	簇ID:	 计数
	3:	 11

	样本数据

23000082, 0230000825, ||, 5757424.0, 5069945.0, 5359980.0, 6099022.0, 7015333.0, 7387523.0, 2827928.0, 5698816.0, 5470555.0, 5226063.0, 5871590.0, 5583558.0, ||,  3
700099023, 7000990238, ||, 7364100.0, 6997500.0, 7182000.0, 7287900.0, 7243500.0, 8765400.0, 5992200.0, 6931500.0, 7678800.0, 6321300.0, 7226400.0, 6157800.0, ||,  3
15452496, 0154524966, ||, 5656860.0, 5747940.0, 5123844.0, 6241356.0, 6439752.0, 6792588.0, 6707448.0, 6250860.0, 5504796.0, 6092460.0, 5049396.0, 6207300.0, ||,  3
23000041, 0230000418, ||, 6013920.0, 4973760.0, 4712928.0, 5991744.0, 5891952.0, 5377152.0, 5635344.0, 6481728.0, 6442656.0, 5906736.0, 6332832.0, 5567760.0, ||,  3
748004922, 7480049228, ||, 6850800.0, 4118400.0, 6098400.0, 6811200.0, 6692400.0, 6811200.0, 7009200.0, 7801200.0, 7365600.0, 7286400.0, 7801200.0, 7722000.0, ||,  3
783059772, 7830597726, ||, 6558480.0, 6572640.0, 4824000.0, 5656560.0, 4696920.0, 5793600.0, 5902440.0, 6329400.0, 6447960.0, 6282840.0, 6306000.0, 4588560.0, ||,  3
800393565, 8003861840, ||, 9910560.0, 9463080.0, 6768300.0, 6642900.0, 4959240.0, 5136120.0, 6833640.0, 8176080.0, 5642340.0, 4158000.0, 6313560.0, 8005140.0, ||,  3
757003803, 7570038033, ||, 4986432.0, 5498328.0, 6621384.0, 7512648.0, 7117968.0, 7499712.0, 7302240.0, 7468296.0, 4901160.0, 4342272.0, 6032136.0, 2524632.0, ||,  3
801857182, 8018404663, ||, 5840604.0, 458568.0, 7424604.0, 7654284.0, 7041276.0, 4030488.0, 6646068.0, 6639336.0, 6655968.0, 6800508.0, 6717744.0, 6835752.0, ||,  3
806900851, 8067561869, ||, 7519248.0, 5050980.0, 6160176.0, 7956828.0, 7199676.0, 5889708.0, 8009496.0, 6153840.0, 6390648.0, 5821596.0, 5092560.0, 4649832.0, ||,  3
783059771, 7830597713, ||, 6509040.0, 6514320.0, 4795800.0, 5618400.0, 4678440.0, 5793720.0, 5764440.0, 6254880.0, 6383640.0, 6213720.0, 6255960.0, 4914600.0, ||,  3
--------------------------------------
	簇ID:	 计数
	4:	 168

	样本数据

2613889, 0026138897, ||, 888000.0, 672000.0, 640000.0, 664000.0, 672000.0, 904480.0, 928000.0, 1080000.0, 896000.0, 648000.0, 736000.0, 712000.0, ||,  4
7127507, 0071275071, ||, 823477.0, 620016.0, 718735.0, 584392.0, 678702.0, 724242.0, 991860.0, 1068734.0, 604795.0, 659196.0, 527715.0, 695138.0, ||,  4
13042013, 0130420134, ||, 831740.0, 839580.0, 774000.0, 834000.0, 832000.0, 794000.0, 806000.0, 882000.0, 888000.0, 820000.0, 836000.0, 726000.0, ||,  4
15434198, 0154341989, ||, 1750000.0, 1260000.0, 620000.0, 600000.0, 680000.0, 830000.0, 880000.0, 990000.0, 830000.0, 660000.0, 810000.0, 1100000.0, ||,  4
25571940, 0255719405, ||, 912000.0, 1020000.0, 1083000.0, 1200000.0, 870000.0, 1203000.0, 1020000.0, 1200000.0, 900000.0, 1002000.0, 330000.0, 900000.0, ||,  4
27146540, 0271465401, ||, 1004000.0, 796000.0, 610000.0, 828000.0, 866000.0, 846000.0, 780000.0, 1092000.0, 766000.0, 760000.0, 756000.0, 800000.0, ||,  4
30155755, 0301557555, ||, 659280.0, 626560.0, 550400.0, 572320.0, 664080.0, 773440.0, 856560.0, 927680.0, 887280.0, 723360.0, 632880.0, 594400.0, ||,  4
30429389, 0304293896, ||, 1522538.0, 1463157.0, 1425729.0, 1514872.0, 1472640.0, 1575037.0, 1315037.0, 1438590.0, 1553598.0, 1411760.0, 1337694.0, 1366901.0, ||,  4
31266987, 0312669878, ||, 837990.0, 857610.0, 798030.0, 839520.0, 886590.0, 1008270.0, 1064010.0, 1213170.0, 1072830.0, 976890.0, 899400.0, 809490.0, ||,  4
31267064, 0312670641, ||, 1536480.0, 1289680.0, 1144000.0, 1090480.0, 1079680.0, 1317360.0, 1459840.0, 1665360.0, 1415920.0, 1177600.0, 1125600.0, 1238320.0, ||,  4
706000484, 0706000484, ||, 842600.0, 598340.0, 786000.0, 900940.0, 893500.0, 896860.0, 860900.0, 850340.0, 906440.0, 862880.0, 1006400.0, 1025860.0, ||,  4
706000515, 0706000515, ||, 1233680.0, 1350560.0, 788640.0, 1574880.0, 1268320.0, 1233920.0, 1374960.0, 1259680.0, 564640.0, 1357600.0, 1433360.0, 1301200.0, ||,  4
745065942, 0745065942, ||, 679590.0, 794460.0, 672060.0, 462767.0, 700140.0, 825414.0, 657830.0, 608630.0, 801938.0, 1023331.0, 475442.0, 861850.0, ||,  4
745066257, 0745066257, ||, 1425600.0, 1140600.0, 1275900.0, 616000.0, 2211300.0, 1188700.0, 1503300.0, 53600.0, 941000.0, 626100.0, 328800.0, 570000.0, ||,  4
745090629, 0745090629, ||, 1538040.0, 1040460.0, 1320900.0, 1365360.0, 1571040.0, 1502460.0, 1201920.0, 1766460.0, 997980.0, 1390500.0, 1393740.0, 1710000.0, ||,  4
745090831, 0745090831, ||, 1976200.0, 2059000.0, 1480200.0, 2228400.0, 969000.0, 866400.0, 852600.0, 1332000.0, 1161000.0, 1252000.0, 1042400.0, 1320000.0, ||,  4
753004270, 0753004270, ||, 454600.0, 308520.0, 401520.0, 437900.0, 415820.0, 405840.0, 486180.0, 1054680.0, 1200360.0, 875100.0, 927240.0, 1536300.0, ||,  4
600130076, 6001300763, ||, 1600.0, 0.0, 452200.0, 1749000.0, 1886000.0, 867600.0, 0.0, 0.0, 1218600.0, 1796400.0, 2069200.0, 2382600.0, ||,  4
605002838, 6050028386, ||, 641920.0, 0.0, 248720.0, 1135520.0, 1297360.0, 1251920.0, 1198960.0, 1024240.0, 1254000.0, 903600.0, 694000.0, 776080.0, ||,  4
691005054, 6910050542, ||, 7560.0, 0.0, 13520.0, 386800.0, 1283320.0, 1445520.0, 1098680.0, 1159150.0, 1566450.0, 1126250.0, 625700.0, 11900.0, ||,  4
696734040, 6967340409, ||, 36400.0, 17600.0, 141200.0, 736400.0, 1070800.0, 931200.0, 1096000.0, 1430880.0, 1059120.0, 1034000.0, 646400.0, 505080.0, ||,  4
698191651, 6981916516, ||, 328590.0, 0.0, 497130.0, 970710.0, 881010.0, 881040.0, 816270.0, 774660.0, 907290.0, 736860.0, 919200.0, 736380.0, ||,  4
698191946, 6981919469, ||, 1193320.0, 1339720.0, 1255200.0, 1339560.0, 1075040.0, 15840.0, 712560.0, 1030320.0, 1218520.0, 633960.0, 965640.0, 582520.0, ||,  4
698198391, 6981983918, ||, 2077680.0, 2283600.0, 2097840.0, 2257320.0, 1926000.0, 1813200.0, 1775160.0, 1814640.0, 681000.0, 12480.0, 11760.0, 48360.0, ||,  4
698201232, 6982012329, ||, 1164200.0, 957000.0, 993440.0, 670280.0, 1053080.0, 859040.0, 861480.0, 1048920.0, 1092200.0, 605600.0, 1075760.0, 1063520.0, ||,  4
731005233, 7310052330, ||, 747280.0, 594160.0, 687840.0, 998000.0, 983440.0, 877200.0, 367920.0, 384800.0, 758160.0, 760640.0, 1306480.0, 778720.0, ||,  4
731006198, 7310061989, ||, 2150760.0, 0.0, 244320.0, 2267160.0, 2279520.0, 2455440.0, 2059680.0, 1994880.0, 0.0, 0.0, 0.0, 0.0, ||,  4
731010232, 7310102325, ||, 394480.0, 1166960.0, 736480.0, 1409840.0, 1270320.0, 1181680.0, 1206400.0, 1379760.0, 1361600.0, 1568480.0, 1282480.0, 2519360.0, ||,  4
731060652, 7310606524, ||, 850300.0, 0.0, 72820.0, 1042580.0, 1097360.0, 921360.0, 780560.0, 995720.0, 763620.0, 655600.0, 1135640.0, 1098240.0, ||,  4
741001205, 7410012050, ||, 1376895.0, 1325628.0, 1684014.0, 1217643.0, 1536423.0, 902451.0, 686619.0, 675993.0, 843318.0, 1208328.0, 857739.0, 1581963.0, ||,  4
751113031, 7511130312, ||, 1051685.0, 0.0, 1062361.0, 1022267.0, 1500424.0, 1629957.0, 1583221.0, 1633635.0, 1523437.0, 1520115.0, 725040.0, 0.0, ||,  4
2713264, 0027132643, ||, 1318800.0, 1419760.0, 1408800.0, 1459280.0, 1412960.0, 1456320.0, 1408720.0, 1234800.0, 1315760.0, 1337440.0, 1394560.0, 1175040.0, ||,  4
2725033, 0027250336, ||, 1076100.0, 441600.0, 965160.0, 988440.0, 1016160.0, 991500.0, 962400.0, 1020840.0, 1006200.0, 1004280.0, 1062720.0, 1039080.0, ||,  4
13095117, 0130951177, ||, 240.0, 0.0, 0.0, 149520.0, 1205280.0, 589560.0, 0.0, 1292040.0, 1459680.0, 1360800.0, 1187040.0, 1259760.0, ||,  4
19500236, 0195002360, ||, 1434312.0, 687060.0, 0.0, 0.0, 0.0, 785268.0, 3455496.0, 3704976.0, 3766356.0, 2208888.0, 6336.0, 4356.0, ||,  4
21164076, 0211640763, ||, 1106160.0, 1106760.0, 1077400.0, 1404520.0, 1155120.0, 1457400.0, 1363480.0, 1503680.0, 1018400.0, 1142600.0, 1280560.0, 1372440.0, ||,  4
26404450, 0264044505, ||, 1072000.0, 900000.0, 816000.0, 796000.0, 728000.0, 828000.0, 960000.0, 816000.0, 816000.0, 820000.0, 860000.0, 724000.0, ||,  4
26984906, 0269849062, ||, 820000.0, 650000.0, 810000.0, 1150000.0, 860000.0, 640000.0, 1220000.0, 1270000.0, 1130000.0, 610000.0, 890000.0, 1130000.0, ||,  4
745093654, 0745093654, ||, 832799.0, 285091.0, 814887.0, 983944.0, 915644.0, 980283.0, 1034667.0, 912003.0, 949564.0, 794675.0, 817166.0, 1084179.0, ||,  4
745095170, 0745095170, ||, 1352100.0, 808700.0, 1123300.0, 1800700.0, 973500.0, 1407800.0, 1039800.0, 1263000.0, 1319200.0, 1110200.0, 1200600.0, 1495800.0, ||,  4
760003362, 0760003362, ||, 236400.0, 0.0, 0.0, 0.0, 0.0, 396000.0, 814500.0, 1186800.0, 885600.0, 2447400.0, 1431600.0, 2082900.0, ||,  4
660020850, 6600208509, ||, 1502960.0, 1391840.0, 1269920.0, 808800.0, 572700.0, 590040.0, 689940.0, 815340.0, 738960.0, 658500.0, 1022520.0, 1351320.0, ||,  4
660020961, 6600209616, ||, 1240960.0, 786720.0, 357360.0, 1073520.0, 1059040.0, 1056080.0, 989040.0, 1300320.0, 1249840.0, 1085920.0, 1182560.0, 1168480.0, ||,  4
661021102, 6610211023, ||, 1023330.0, 1004130.0, 898620.0, 1035240.0, 1037040.0, 1282980.0, 1028280.0, 858090.0, 1087170.0, 914760.0, 745470.0, 1258320.0, ||,  4
690270700, 6902707001, ||, 889920.0, 787840.0, 914400.0, 889600.0, 803520.0, 1072000.0, 1008320.0, 1068640.0, 1008640.0, 596640.0, 628960.0, 620800.0, ||,  4
691003283, 6910032836, ||, 1152430.0, 100720.0, 353940.0, 1218060.0, 1127600.0, 1245070.0, 1043920.0, 775680.0, 1526400.0, 1009440.0, 1287960.0, 1024800.0, ||,  4
691018053, 6910180535, ||, 914400.0, 867280.0, 878600.0, 1101640.0, 1158840.0, 989960.0, 1001320.0, 816920.0, 1020360.0, 1082400.0, 1081400.0, 1101400.0, ||,  4
691018072, 6910180724, ||, 1176800.0, 1111680.0, 1065040.0, 1186800.0, 1186880.0, 1199360.0, 1153360.0, 1111280.0, 625280.0, 1070800.0, 1291760.0, 1151520.0, ||,  4
695020771, 6950207719, ||, 1197600.0, 1069440.0, 1269600.0, 1288920.0, 1441560.0, 932880.0, 1187760.0, 1199880.0, 1223520.0, 1266360.0, 957120.0, 1234800.0, ||,  4
697167631, 6971676318, ||, 1092000.0, 848000.0, 600720.0, 0.0, 1360.0, 1122280.0, 1021600.0, 1185280.0, 1209720.0, 1041800.0, 624000.0, 172000.0, ||,  4
698208100, 6982081004, ||, 181984.0, 143616.0, 724064.0, 959024.0, 675664.0, 904992.0, 1159488.0, 1373152.0, 1262096.0, 1428064.0, 921888.0, 415184.0, ||,  4
700099097, 7000990977, ||, 1208000.0, 972000.0, 1328000.0, 1188000.0, 1264000.0, 1404960.0, 1091400.0, 1192480.0, 1230120.0, 1191480.0, 1729120.0, 1265520.0, ||,  4
717246051, 7172460511, ||, 1470780.0, 727140.0, 1382400.0, 1423020.0, 1485660.0, 1629000.0, 1638300.0, 1548600.0, 1488420.0, 1446660.0, 1519140.0, 1520940.0, ||,  4
731005232, 7310052327, ||, 2032720.0, 978480.0, 1511120.0, 1825760.0, 1823600.0, 989440.0, 707760.0, 816880.0, 1458480.0, 1361120.0, 2181600.0, 2454240.0, ||,  4
748005021, 7480050219, ||, 954000.0, 1044000.0, 906000.0, 1074000.0, 1302120.0, 1140000.0, 1284000.0, 744000.0, 504000.0, 378000.0, 474000.0, 450000.0, ||,  4
2713263, 0027132630, ||, 1309520.0, 1414000.0, 1405200.0, 1454560.0, 1397600.0, 1444800.0, 1419280.0, 1280480.0, 1320240.0, 1333840.0, 1387920.0, 1161120.0, ||,  4
2770179, 0027701791, ||, 2197920.0, 2096880.0, 2032680.0, 922800.0, 0.0, 2059800.0, 2025000.0, 2086320.0, 2152320.0, 72120.0, 0.0, 570000.0, ||,  4
7130307, 0071303071, ||, 693758.0, 670630.0, 582314.0, 599895.0, 695631.0, 839379.0, 1026605.0, 954699.0, 727791.0, 692152.0, 594544.0, 669748.0, ||,  4
7196051, 0071960513, ||, 1236720.0, 906000.0, 1250560.0, 1263200.0, 1184800.0, 1182320.0, 1188080.0, 1226800.0, 1215760.0, 1174400.0, 981602.0, 1215919.0, ||,  4
7800145, 0078001451, ||, 878073.0, 449636.0, 839584.0, 778806.0, 825087.0, 925634.0, 758536.0, 911737.0, 869419.0, 819636.0, 870677.0, 797165.0, ||,  4
13095116, 0130951164, ||, 1419960.0, 1372080.0, 1132080.0, 1252320.0, 1447560.0, 1270680.0, 1195200.0, 1292040.0, 1281240.0, 1232760.0, 1226160.0, 1411440.0, ||,  4
15452497, 0154524979, ||, 1490148.0, 1562220.0, 1382040.0, 1394712.0, 1286208.0, 1237500.0, 1556676.0, 2008504.0, 1887732.0, 1160280.0, 871596.0, 1062468.0, ||,  4
19082638, 0190826389, ||, 636000.0, 420000.0, 704000.0, 504000.0, 720000.0, 820000.0, 920000.0, 884000.0, 656000.0, 656000.0, 415560.0, 952000.0, ||,  4
29000077, 0290000777, ||, 1643400.0, 1544400.0, 1168200.0, 1247400.0, 811800.0, 752400.0, 851400.0, 959706.0, 871200.0, 732600.0, 1108800.0, 1386000.0, ||,  4
753004367, 0753004367, ||, 770338.0, 726843.0, 1335008.0, 796099.0, 752844.0, 611648.0, 706824.0, 674269.0, 691457.0, 1658009.0, 1396109.0, 1433245.0, ||,  4
758001055, 0758001055, ||, 1005660.0, 265140.0, 973440.0, 1158360.0, 1079700.0, 984720.0, 924480.0, 980580.0, 1057860.0, 945480.0, 912120.0, 871440.0, ||,  4
760003363, 0760003363, ||, 239400.0, 0.0, 0.0, 0.0, 0.0, 396000.0, 847800.0, 1929600.0, 1211100.0, 1477800.0, 2152500.0, 1977000.0, ||,  4
774000492, 0774000492, ||, 536480.0, 0.0, 0.0, 511200.0, 1806880.0, 2076800.0, 2565680.0, 1691920.0, 286000.0, 0.0, 1155360.0, 841280.0, ||,  4
691003657, 6910036577, ||, 1013920.0, 499840.0, 919040.0, 934480.0, 945040.0, 923600.0, 686320.0, 470080.0, 564480.0, 376080.0, 466240.0, 470160.0, ||,  4
691018064, 6910180649, ||, 1130320.0, 845440.0, 1003440.0, 1172160.0, 869360.0, 837600.0, 416560.0, 0.0, 0.0, 489680.0, 959200.0, 946000.0, ||,  4
698192083, 6981920838, ||, 685740.0, 720380.0, 765500.0, 370600.0, 889880.0, 817500.0, 807140.0, 729220.0, 853140.0, 758360.0, 652260.0, 751420.0, ||,  4
731060650, 7310606508, ||, 1201920.0, 435840.0, 774880.0, 1017760.0, 773120.0, 576800.0, 170240.0, 1222880.0, 1088800.0, 814400.0, 1592480.0, 1416320.0, ||,  4
731061985, 7310619856, ||, 400000.0, 0.0, 0.0, 0.0, 2884000.0, 1182560.0, 2476640.0, 2997920.0, 0.0, 0.0, 0.0, 0.0, ||,  4
732040737, 7320407377, ||, 916240.0, 1757840.0, 1413920.0, 1165640.0, 1399400.0, 1189320.0, 1095080.0, 1112280.0, 0.0, 2617480.0, 1003080.0, 1374120.0, ||,  4
732064344, 7320643447, ||, 806240.0, 591000.0, 688640.0, 772800.0, 656760.0, 714480.0, 635320.0, 631840.0, 696760.0, 671440.0, 723120.0, 688840.0, ||,  4
2713262, 0027132627, ||, 1263360.0, 1359600.0, 1351840.0, 1402720.0, 1359920.0, 1399120.0, 1353760.0, 1218800.0, 1253840.0, 1269680.0, 1309920.0, 1102800.0, ||,  4
5321398, 0053213987, ||, 1910777.0, 0.0, 2320240.0, 1671592.0, 1160288.0, 1380405.0, 890869.0, 0.0, 0.0, 1480660.0, 1250328.0, 1710605.0, ||,  4
7239643, 0072396432, ||, 1570359.0, 411707.0, 1021507.0, 836459.0, 847940.0, 895075.0, 919228.0, 855812.0, 793840.0, 1540551.0, 1184.0, 0.0, ||,  4
13042022, 0130420222, ||, 212654.0, 0.0, 650566.0, 1475941.0, 1284533.0, 783400.0, 176375.0, 1243927.0, 1337437.0, 1387909.0, 340425.0, 70625.0, ||,  4
17252520, 0172525208, ||, 771680.0, 679880.0, 613880.0, 603120.0, 648560.0, 852000.0, 851800.0, 923400.0, 792120.0, 600680.0, 603040.0, 675360.0, ||,  4
21286900, 0212869004, ||, 1130592.0, 494640.0, 1197024.0, 1008192.0, 970944.0, 970080.0, 1007232.0, 950160.0, 987504.0, 960000.0, 949392.0, 896544.0, ||,  4
25598814, 0255988144, ||, 1400000.0, 810000.0, 1160000.0, 790000.0, 730000.0, 760000.0, 810000.0, 1080000.0, 850000.0, 740000.0, 630000.0, 770000.0, ||,  4
30622659, 0306226597, ||, 916556.0, 873418.0, 672502.0, 673550.0, 577105.0, 537544.0, 538501.0, 606434.0, 657734.0, 693357.0, 792626.0, 846884.0, ||,  4
745090631, 0745090631, ||, 942100.0, 2379400.0, 1399400.0, 1995400.0, 1119000.0, 1450180.0, 817680.0, 0.0, 0.0, 1194240.0, 1429560.0, 1458720.0, ||,  4
600127301, 6001273014, ||, 753360.0, 754000.0, 646080.0, 714560.0, 671200.0, 708000.0, 692880.0, 714880.0, 675280.0, 649440.0, 670800.0, 660240.0, ||,  4
695042856, 6950428563, ||, 1492480.0, 1312160.0, 1524640.0, 1500640.0, 1538240.0, 1308640.0, 1447680.0, 1402880.0, 1423360.0, 1512480.0, 1108320.0, 1423040.0, ||,  4
697014339, 6970143394, ||, 33700.0, 27100.0, 197700.0, 893900.0, 918500.0, 1561700.0, 1972000.0, 105000.0, 1042680.0, 919740.0, 643020.0, 4260.0, ||,  4
697186284, 6971862845, ||, 1344000.0, 1087200.0, 860400.0, 759840.0, 551760.0, 213600.0, 262800.0, 627600.0, 968400.0, 936000.0, 942000.0, 930000.0, ||,  4
698202861, 6982028618, ||, 458040.0, 97944.0, 962016.0, 1477740.0, 220968.0, 967296.0, 1000296.0, 1544004.0, 1290960.0, 1251096.0, 934560.0, 555456.0, ||,  4
731058571, 7310585715, ||, 1338120.0, 1862640.0, 76680.0, 1654440.0, 1464960.0, 1833600.0, 1834440.0, 1603080.0, 3720.0, 2760.0, 3960.0, 4560.0, ||,  4
731061984, 7310619843, ||, 400000.0, 0.0, 0.0, 0.0, 2675200.0, 1063200.0, 2487040.0, 2685760.0, 0.0, 0.0, 0.0, 0.0, ||,  4
2645249, 0026452496, ||, 1112400.0, 387720.0, 826740.0, 945360.0, 998640.0, 1103040.0, 1085700.0, 1118460.0, 1199160.0, 1185120.0, 1166040.0, 1169640.0, ||,  4
2713261, 0027132614, ||, 1239500.0, 1321000.0, 1331100.0, 1369400.0, 1312700.0, 1351600.0, 1320500.0, 1385600.0, 1345100.0, 1342900.0, 1378300.0, 1157700.0, ||,  4
2713266, 0027132669, ||, 1846900.0, 1954800.0, 2210300.0, 2031500.0, 1856200.0, 1750100.0, 0.0, 0.0, 0.0, 0.0, 0.0, 0.0, ||,  4
2724946, 0027249462, ||, 1192000.0, 608000.0, 1038160.0, 1134960.0, 1215280.0, 1056000.0, 968000.0, 960000.0, 920000.0, 1026800.0, 1168000.0, 1276800.0, ||,  4
2770177, 0027701775, ||, 1366680.0, 1352400.0, 1215840.0, 974880.0, 893760.0, 825840.0, 1231080.0, 1269960.0, 1253880.0, 1018800.0, 919560.0, 809760.0, ||,  4
7196042, 0071960425, ||, 1050603.0, 943475.0, 1036202.0, 1060203.0, 588094.0, 1041882.0, 958836.0, 1056123.0, 1049482.0, 1017320.0, 907230.0, 1035642.0, ||,  4
19138296, 0191382969, ||, 1304000.0, 0.0, 2548000.0, 776000.0, 1064000.0, 740000.0, 952000.0, 1000000.0, 1004000.0, 1080000.0, 728000.0, 880000.0, ||,  4
26984873, 0269848737, ||, 300000.0, 90000.0, 792000.0, 1992000.0, 420000.0, 366000.0, 1002000.0, 1092000.0, 1680000.0, 1002000.0, 696000.0, 708000.0, ||,  4
31759755, 0317597558, ||, 866960.0, 427760.0, 905680.0, 1093360.0, 860720.0, 906400.0, 756320.0, 507360.0, 871600.0, 849840.0, 1104640.0, 1196960.0, ||,  4
--------------------------------------
	簇ID:	 计数
	5:	 1

	样本数据

812774754, 8124558621, ||, 2.8486756E7, 2.2827129E7, 2.8224779E7, 3857530.0, 2.1245712E7, 1.9697714E7, 2.2769693E7, 2.0501544E7, 2.062832E7, 1.810154E7, 2.3783434E7, 2.8107397E7, ||,  5
--------------------------------------
	簇ID:	 计数
	6:	 3

	样本数据

15452538, 0154525389, ||, 1.1338272E7, 1511136.0, 1.5690576E7, 2.2587312E7, 2.238456E7, 2.0640576E7, 2.2698192E7, 2.2730928E7, 1.7918736E7, 1.6750272E7, 1.9431456E7, 2.2853952E7, ||,  6
805015875, 8049190498, ||, 7700616.0, 0.0, 1.7404992E7, 1.9377864E7, 1.7264016E7, 1.6846632E7, 1.8315792E7, 1.88298E7, 1.9030968E7, 1.1065032E7, 1.3441032E7, 1.8776736E7, ||,  6
810735148, 8105010216, ||, 1.1240856E7, 6526080.0, 1.6677936E7, 1.5203232E7, 1.38204E7, 1.5187392E7, 1.5415488E7, 1.3648536E7, 1.3908312E7, 1.2556368E7, 1.6087104E7, 1.7300448E7, ||,  6
--------------------------------------
	簇ID:	 计数
	7:	 4

	样本数据

17316435, 0173164354, ||, 5060880.0, 4648248.0, 4518360.0, 221760.0, 0.0, 0.0, 0.0, 0.0, 0.0, 2707056.0, 3300264.0, 4406688.0, ||,  7
7239649, 0072396490, ||, 2483200.0, 2462200.0, 3013800.0, 0.0, 0.0, 0.0, 0.0, 1412700.0, 3014800.0, 3164900.0, 2593400.0, 3520000.0, ||,  7
17308629, 0173086290, ||, 3342360.0, 2697840.0, 70800.0, 42360.0, 34440.0, 36600.0, 143760.0, 2334120.0, 4176120.0, 2093760.0, 3846240.0, 2406000.0, ||,  7
800201871, 8001976977, ||, 3240000.0, 1360000.0, 3260000.0, 1460000.0, 940000.0, 1000000.0, 1820000.0, 2800000.0, 2040000.0, 920000.0, 1600000.0, 2920000.0, ||,  7
--------------------------------------
	簇ID:	 计数
	8:	 61

	样本数据

2770176, 0027701762, ||, 2111280.0, 2080560.0, 2012640.0, 2090520.0, 2044560.0, 2117280.0, 1946640.0, 2096400.0, 2201880.0, 72240.0, 0.0, 0.0, ||,  8
11167485, 0111674855, ||, 2758800.0, 2833600.0, 2543200.0, 2345200.0, 2292400.0, 2362800.0, 2283600.0, 2424400.0, 673200.0, 0.0, 0.0, 0.0, ||,  8
13026933, 0130269331, ||, 1282680.0, 2758800.0, 2765640.0, 3247080.0, 3157200.0, 3575880.0, 3128640.0, 2851080.0, 2578200.0, 4320.0, 3360.0, 2045040.0, ||,  8
13095151, 0130951513, ||, 169080.0, 118410.0, 561770.0, 1937760.0, 1665280.0, 2012560.0, 1812720.0, 2231600.0, 2353040.0, 1718000.0, 2214320.0, 2239120.0, ||,  8
26984872, 0269848724, ||, 1245000.0, 900000.0, 2190000.0, 2175000.0, 2205000.0, 2025000.0, 2835000.0, 1965000.0, 900000.0, 2445000.0, 855000.0, 780000.0, ||,  8
733100245, 0733100245, ||, 1683320.0, 1282120.0, 1534600.0, 1556280.0, 1697240.0, 1561120.0, 1610680.0, 449240.0, 2165880.0, 810840.0, 2120080.0, 1672520.0, ||,  8
745094107, 0745094107, ||, 1809960.0, 1732680.0, 1581360.0, 1802640.0, 1749000.0, 1816080.0, 1751280.0, 1872720.0, 1823280.0, 1719360.0, 1834080.0, 1769400.0, ||,  8
600126968, 6001269688, ||, 1978380.0, 1964880.0, 1942980.0, 2108040.0, 2069520.0, 2057040.0, 1549740.0, 1177500.0, 1666740.0, 2410740.0, 2309520.0, 2057520.0, ||,  8
600131448, 6001314489, ||, 1531200.0, 0.0, 612150.0, 3279750.0, 3720600.0, 3676050.0, 3432900.0, 2899500.0, 3766050.0, 2680350.0, 1983900.0, 2351100.0, ||,  8
690001575, 6900015755, ||, 360000.0, 0.0, 1231040.0, 2382400.0, 2195360.0, 2655040.0, 2491840.0, 2982560.0, 2852320.0, 2757120.0, 2746560.0, 2887040.0, ||,  8
691003289, 6910032894, ||, 1697920.0, 1786040.0, 1814000.0, 2015680.0, 1904680.0, 2000360.0, 1620800.0, 290800.0, 1990880.0, 1827920.0, 1992560.0, 2058240.0, ||,  8
731000108, 7310001084, ||, 56000.0, 71200.0, 177600.0, 1131709.0, 1856000.0, 2456000.0, 2280000.0, 2312000.0, 1780000.0, 1516000.0, 1789600.0, 1065600.0, ||,  8
741002820, 7410028206, ||, 3428480.0, 2073808.0, 2563792.0, 2198240.0, 1857328.0, 1897632.0, 2843984.0, 1908192.0, 1612688.0, 1538064.0, 1576784.0, 1588928.0, ||,  8
7130341, 0071303417, ||, 1956120.0, 1428960.0, 2356080.0, 2558640.0, 2741400.0, 2639760.0, 1803000.0, 2429160.0, 2454480.0, 2488560.0, 2102280.0, 2871960.0, ||,  8
7130353, 0071303534, ||, 2187720.0, 1827000.0, 2169960.0, 1970520.0, 1987080.0, 2037480.0, 2542920.0, 1719600.0, 1697400.0, 1951680.0, 1476480.0, 2135400.0, ||,  8
26984857, 0269848577, ||, 1821604.0, 1797377.0, 2999136.0, 1773253.0, 1853642.0, 1950357.0, 2071495.0, 1612516.0, 1387218.0, 1732971.0, 1387354.0, 1515650.0, ||,  8
745090625, 0745090625, ||, 3300900.0, 2680200.0, 2314800.0, 1091700.0, 1891800.0, 1816800.0, 2107500.0, 2476200.0, 1549800.0, 1992300.0, 1824300.0, 3330000.0, ||,  8
600128909, 6001289097, ||, 1555176.0, 358176.0, 1537704.0, 1870344.0, 1765680.0, 1798272.0, 1643544.0, 1586256.0, 1674792.0, 1638504.0, 1736952.0, 1719480.0, ||,  8
605002837, 6050028373, ||, 504960.0, 0.0, 998640.0, 2036400.0, 2160000.0, 2366520.0, 2230560.0, 2164920.0, 2346360.0, 1865640.0, 2149200.0, 2040960.0, ||,  8
691003851, 6910038515, ||, 2499840.0, 1443520.0, 2079360.0, 2926400.0, 2362960.0, 2326240.0, 2004880.0, 2036960.0, 2175040.0, 2121200.0, 2225520.0, 2094800.0, ||,  8
697000001, 6970000011, ||, 40698.0, 36414.0, 162036.0, 1656018.0, 2100672.0, 2236878.0, 2267496.0, 3072006.0, 3009258.0, 3237822.0, 2716812.0, 371952.0, ||,  8
697174769, 6971747698, ||, 25360.0, 21680.0, 488240.0, 2438190.0, 3443820.0, 2917520.0, 2058000.0, 2346000.0, 2166000.0, 2250000.0, 1154220.0, 30996.0, ||,  8
700061063, 7000610635, ||, 12360.0, 29520.0, 86880.0, 1617720.0, 3413880.0, 3206760.0, 3297240.0, 2592000.0, 3696000.0, 3672000.0, 2484000.0, 1500000.0, ||,  8
732040738, 7320407380, ||, 1556880.0, 2057920.0, 1595680.0, 1348640.0, 1637360.0, 1525680.0, 1154240.0, 1432000.0, 2015680.0, 1425440.0, 1416480.0, 1896960.0, ||,  8
5800128, 0058001282, ||, 1750000.0, 1760000.0, 2100000.0, 1580600.0, 1620000.0, 1900000.0, 1680000.0, 1790000.0, 2080000.0, 1810000.0, 1650000.0, 2200000.0, ||,  8
758001744, 0758001744, ||, 987540.0, 336480.0, 1784040.0, 2072760.0, 2097480.0, 2262240.0, 1562760.0, 1965240.0, 2213160.0, 2089200.0, 2265780.0, 1526280.0, ||,  8
774001527, 0774001527, ||, 2192000.0, 2116000.0, 2352000.0, 1876000.0, 2004000.0, 2236000.0, 2124000.0, 1632000.0, 1864000.0, 2328000.0, 1976000.0, 1948000.0, ||,  8
691004918, 6910049186, ||, 2495640.0, 1442400.0, 2438040.0, 2706240.0, 2290680.0, 2473560.0, 2578920.0, 2670120.0, 2936520.0, 0.0, 0.0, 0.0, ||,  8
695042857, 6950428576, ||, 1953760.0, 1743040.0, 1930080.0, 1898400.0, 1964960.0, 1814400.0, 1840960.0, 1966080.0, 1936000.0, 1928960.0, 1493760.0, 1897600.0, ||,  8
2770178, 0027701788, ||, 463680.0, 457320.0, 412560.0, 8392800.0, 0.0, 2019480.0, 1852920.0, 2047200.0, 2126160.0, 69960.0, 637200.0, 1682520.0, ||,  8
7130290, 0071302906, ||, 2021760.0, 1614120.0, 2006760.0, 2064480.0, 2139960.0, 2145360.0, 2298360.0, 2388960.0, 2367480.0, 2192400.0, 1700040.0, 2593560.0, ||,  8
7239648, 0072396487, ||, 2506490.0, 2104241.0, 606632.0, 2452959.0, 2286118.0, 2214280.0, 2092416.0, 2469210.0, 2545741.0, 1081651.0, 1656483.0, 3629396.0, ||,  8
7239650, 0072396504, ||, 2716440.0, 121560.0, 2529360.0, 2996520.0, 2726040.0, 2460840.0, 3983040.0, 2506440.0, 1119120.0, 0.0, 2038200.0, 3948000.0, ||,  8
17316635, 0173166350, ||, 3371880.0, 2520360.0, 2250720.0, 1699200.0, 1378800.0, 1652640.0, 1568520.0, 1767360.0, 1690680.0, 2563200.0, 12000.0, 0.0, ||,  8
21164130, 0211641304, ||, 2281860.0, 2191440.0, 1416300.0, 1670640.0, 1664700.0, 2202000.0, 1695540.0, 1924620.0, 1577100.0, 1767120.0, 1981800.0, 1947540.0, ||,  8
25572463, 0255724632, ||, 1802209.0, 840494.0, 1882385.0, 1281115.0, 1361261.0, 1701982.0, 1842355.0, 2524436.0, 1882446.0, 1661879.0, 1301149.0, 1321181.0, ||,  8
706000090, 0706000090, ||, 1121920.0, 1263120.0, 1649040.0, 2543520.0, 3004200.0, 3453360.0, 2553480.0, 1709520.0, 1955760.0, 2115360.0, 1751400.0, 1292400.0, ||,  8
600132824, 6001328248, ||, 2432000.0, 865920.0, 2417280.0, 2435360.0, 2677280.0, 2497440.0, 2324160.0, 2101760.0, 0.0, 0.0, 1835520.0, 2325440.0, ||,  8
691003854, 6910038544, ||, 1739360.0, 896320.0, 1547040.0, 1992640.0, 1603040.0, 1712480.0, 1682000.0, 1576720.0, 1634480.0, 1627920.0, 1386400.0, 1549280.0, ||,  8
21281817, 0212818178, ||, 1937749.0, 1536226.0, 1921604.0, 1969661.0, 1875220.0, 1679909.0, 1872648.0, 1942107.0, 1837255.0, 2106632.0, 2127362.0, 2060840.0, ||,  8
770003372, 0770003372, ||, 86160.0, 35280.0, 457080.0, 3495600.0, 3204960.0, 3390720.0, 2979480.0, 3273840.0, 3728040.0, 2850000.0, 1381200.0, 636720.0, ||,  8
782005576, 7820055760, ||, 45600.0, 40200.0, 102000.0, 1419600.0, 2056800.0, 2261400.0, 2184000.0, 2376600.0, 2148000.0, 2347200.0, 1768800.0, 1731600.0, ||,  8
803367209, 8033208918, ||, 2180400.0, 2314600.0, 1951000.0, 2222300.0, 2035900.0, 2048500.0, 1971900.0, 2029300.0, 2056900.0, 2018200.0, 2113600.0, 2042700.0, ||,  8
805369441, 8052650600, ||, 742000.0, 11680.0, 1958160.0, 2802080.0, 2740800.0, 3024240.0, 2785520.0, 2686800.0, 2416960.0, 2008720.0, 1846240.0, 1766320.0, ||,  8
809621105, 8094086274, ||, 2744880.0, 1311600.0, 1932800.0, 2842720.0, 2751680.0, 2574240.0, 2407600.0, 555840.0, 652000.0, 2641440.0, 2408080.0, 1951680.0, ||,  8
811155772, 8109100498, ||, 74550.0, 58200.0, 46800.0, 517800.0, 1017000.0, 875250.0, 2326500.0, 2771100.0, 3679200.0, 3899100.0, 3513150.0, 896700.0, ||,  8
784001303, 7840013030, ||, 440000.0, 670000.0, 840000.0, 1250000.0, 2740000.0, 3029500.0, 3410000.0, 2800000.0, 3960000.0, 3750000.0, 2800000.0, 680000.0, ||,  8
801371020, 8013577090, ||, 1640000.0, 1040000.0, 2360000.0, 1940000.0, 1780000.0, 1640000.0, 2800000.0, 3060000.0, 2280000.0, 2260000.0, 2620000.0, 1740000.0, ||,  8
801371021, 8013577117, ||, 1860000.0, 1000000.0, 2500000.0, 1580000.0, 1820000.0, 1740000.0, 1780000.0, 2220000.0, 1540000.0, 2200000.0, 2540000.0, 1860000.0, ||,  8
802180581, 8021602223, ||, 1963680.0, 1459980.0, 1840200.0, 2176680.0, 1839240.0, 2018580.0, 1948200.0, 1681080.0, 1936200.0, 1681500.0, 1840080.0, 1960680.0, ||,  8
804879482, 8047849532, ||, 2488764.0, 695484.0, 2231628.0, 2378676.0, 2305056.0, 2398164.0, 2412636.0, 2332356.0, 2505852.0, 2322552.0, 2354376.0, 2337288.0, ||,  8
806882190, 8067398577, ||, 2160200.0, 1185200.0, 2002600.0, 1921400.0, 1761200.0, 1667400.0, 1876200.0, 1173200.0, 993600.0, 1451200.0, 1620800.0, 1434000.0, ||,  8
784002160, 7840021602, ||, 180000.0, 180000.0, 924000.0, 2568000.0, 3804000.0, 2076000.0, 2388000.0, 3552000.0, 2760000.0, 2736000.0, 3480000.0, 672000.0, ||,  8
784002625, 7840026258, ||, 83040.0, 119360.0, 383240.0, 2171240.0, 3359560.0, 3107440.0, 3443600.0, 2123640.0, 2543320.0, 2591480.0, 1091480.0, 167400.0, ||,  8
802852201, 8028191162, ||, 922200.0, 0.0, 2519600.0, 2676800.0, 2535400.0, 2616200.0, 2377200.0, 2853000.0, 2698400.0, 2571600.0, 2018400.0, 0.0, ||,  8
803363513, 8033175900, ||, 2096600.0, 2236200.0, 1895700.0, 2185800.0, 1986200.0, 1975500.0, 1897200.0, 1948000.0, 2009300.0, 1947400.0, 2045900.0, 2001500.0, ||,  8
804773855, 8046824970, ||, 1140120.0, 97320.0, 115200.0, 1799640.0, 2967240.0, 1894200.0, 2229960.0, 2455800.0, 1279200.0, 3087480.0, 3609480.0, 668280.0, ||,  8
805185608, 8050858347, ||, 2186090.0, 1473757.0, 2463283.0, 2354176.0, 1618353.0, 1630386.0, 1473416.0, 1304744.0, 1923881.0, 1361105.0, 2477236.0, 2296482.0, ||,  8
806833582, 8066952804, ||, 2090280.0, 1947840.0, 1970760.0, 2088240.0, 1999440.0, 2095680.0, 1986240.0, 2006520.0, 2078160.0, 69840.0, 0.0, 0.0, ||,  8
810952150, 8107117661, ||, 1254560.0, 1616320.0, 1956480.0, 2196880.0, 2117440.0, 2068320.0, 782960.0, 768880.0, 2517280.0, 2646640.0, 2674000.0, 2766800.0, ||,  8
812772593, 8124539286, ||, 1236000.0, 1920000.0, 1656000.0, 2376000.0, 1392000.0, 1920000.0, 1860000.0, 1872000.0, 2070000.0, 1890000.0, 1962000.0, 2148000.0, ||,  8
--------------------------------------
	簇ID:	 计数
	9:	 6587

	样本数据

83169, 0000831693, ||, 62458.0, 52914.0, 46524.0, 51435.0, 44311.0, 32452.0, 30136.0, 31670.0, 22974.0, 24190.0, 34361.0, 34081.0, ||,  9
104606, 0001046061, ||, 62325.0, 55035.0, 58500.0, 45270.0, 38805.0, 23490.0, 23895.0, 34680.0, 47970.0, 21015.0, 10515.0, 36180.0, ||,  9
108296, 0001082962, ||, 88648.0, 75088.0, 54904.0, 46520.0, 48960.0, 72208.0, 75824.0, 93576.0, 60000.0, 46504.0, 45888.0, 32640.0, ||,  9
108302, 0001083024, ||, 94140.0, 109185.0, 90900.0, 32730.0, 11313.0, 9153.0, 8160.0, 8349.0, 8817.0, 7668.0, 94140.0, 72120.0, ||,  9
108307, 0001083079, ||, 155660.0, 145040.0, 122540.0, 115400.0, 147620.0, 175840.0, 170100.0, 188740.0, 197680.0, 141680.0, 124120.0, 133740.0, ||,  9
108319, 0001083196, ||, 62920.0, 58470.0, 52200.0, 49870.0, 48970.0, 57430.0, 69080.0, 73960.0, 51200.0, 41280.0, 49750.0, 51500.0, ||,  9
108333, 0001083330, ||, 92490.0, 78534.0, 55074.0, 43932.0, 39078.0, 53892.0, 55962.0, 62760.0, 40500.0, 35532.0, 45024.0, 62676.0, ||,  9
108352, 0001083529, ||, 85280.0, 69340.0, 58070.0, 52040.0, 41160.0, 42300.0, 48390.0, 53070.0, 1600.0, 19540.0, 62350.0, 67260.0, ||,  9
108395, 0001083952, ||, 48039.0, 45501.0, 39798.0, 44315.0, 39420.0, 39600.0, 36300.0, 35900.0, 32900.0, 34188.0, 39312.0, 35500.0, ||,  9
108418, 0001084186, ||, 45469.0, 41382.0, 36911.0, 38574.0, 39661.0, 37044.0, 38330.0, 48347.0, 44740.0, 32822.0, 35725.0, 33721.0, ||,  9
108420, 0001084203, ||, 87694.0, 78803.0, 27114.0, 47673.0, 63826.0, 79305.0, 89162.0, 100722.0, 63964.0, 63416.0, 80069.0, 101176.0, ||,  9
108482, 0001084825, ||, 44574.0, 38257.0, 35205.0, 40160.0, 34489.0, 37654.0, 38150.0, 40681.0, 32089.0, 33354.0, 37128.0, 46292.0, ||,  9
108654, 0001086544, ||, 59160.0, 75120.0, 37260.0, 60270.0, 44730.0, 31770.0, 28650.0, 33150.0, 41400.0, 36030.0, 18030.0, 40800.0, ||,  9
213891, 0002138914, ||, 85014.0, 104706.0, 93696.0, 50022.0, 2424.0, 0.0, 0.0, 0.0, 0.0, 0.0, 58644.0, 127446.0, ||,  9
213964, 0002139643, ||, 48308.0, 6232.0, 30963.0, 61902.0, 38191.0, 45242.0, 33007.0, 13580.0, 23406.0, 40528.0, 51756.0, 50690.0, ||,  9
213971, 0002139715, ||, 142191.0, 171797.0, 132430.0, 64536.0, 1476.0, 1476.0, 1476.0, 1476.0, 1476.0, 14381.0, 64160.0, 134868.0, ||,  9
213976, 0002139760, ||, 70202.0, 27361.0, 38909.0, 54681.0, 45863.0, 43651.0, 40012.0, 30079.0, 27495.0, 41611.0, 51498.0, 52791.0, ||,  9
213983, 0002139832, ||, 180540.0, 117450.0, 107910.0, 102435.0, 40380.0, 25650.0, 27930.0, 33810.0, 17820.0, 21420.0, 41700.0, 187220.0, ||,  9
213988, 0002139887, ||, 85420.0, 77858.0, 63487.0, 41145.0, 1769.0, 1044.0, 1044.0, 1044.0, 1044.0, 4599.0, 43556.0, 84042.0, ||,  9
288677, 0002886770, ||, 59223.0, 59223.0, 59223.0, 59223.0, 59223.0, 59223.0, 59223.0, 59223.0, 59223.0, 59223.0, 59223.0, 59223.0, ||,  9
295514, 0002955142, ||, 36381.0, 44363.0, 33462.0, 24106.0, 32250.0, 32963.0, 39388.0, 39954.0, 61471.0, 45205.0, 48537.0, 51453.0, ||,  9
298294, 0002982944, ||, 196730.0, 77160.0, 62191.0, 16920.0, 0.0, 0.0, 0.0, 0.0, 0.0, 8970.0, 54104.0, 84543.0, ||,  9
506803, 0005068034, ||, 195936.0, 131190.0, 90000.0, 26184.0, 0.0, 0.0, 0.0, 0.0, 0.0, 0.0, 80730.0, 113550.0, ||,  9
506884, 0005068845, ||, 28125.0, 54370.0, 46190.0, 47770.0, 43300.0, 44500.0, 43770.0, 44720.0, 42700.0, 42830.0, 46300.0, 20090.0, ||,  9
512767, 0005127678, ||, 141984.0, 128720.0, 83968.0, 15336.0, 0.0, 0.0, 0.0, 0.0, 0.0, 0.0, 71120.0, 103088.0, ||,  9
576691, 0005766912, ||, 222900.0, 222600.0, 164475.0, 132855.0, 46995.0, 45000.0, 63165.0, 83085.0, 55935.0, 30360.0, 97125.0, 185925.0, ||,  9
577075, 0005770755, ||, 83480.0, 81549.0, 79096.0, 56626.0, 19738.0, 18589.0, 21082.0, 29421.0, 21182.0, 20078.0, 46887.0, 82316.0, ||,  9
2611217, 0026112174, ||, 82680.0, 41480.0, 57240.0, 34360.0, 41600.0, 21200.0, 40000.0, 57960.0, 0.0, 38560.0, 35800.0, 36760.0, ||,  9
2613891, 0026138914, ||, 116000.0, 88000.0, 86000.0, 82000.0, 82000.0, 104020.0, 120000.0, 142000.0, 106000.0, 76000.0, 92000.0, 90000.0, ||,  9
2613896, 0026138969, ||, 151000.0, 137000.0, 92000.0, 135000.0, 90860.0, 119000.0, 122000.0, 133000.0, 119000.0, 96000.0, 124000.0, 112000.0, ||,  9
2613902, 0026139021, ||, 183000.0, 129600.0, 124800.0, 141000.0, 136800.0, 136842.0, 141600.0, 164400.0, 139200.0, 118200.0, 150000.0, 139200.0, ||,  9
2613919, 0026139193, ||, 105000.0, 72000.0, 73500.0, 72000.0, 76575.0, 112500.0, 111000.0, 124500.0, 100500.0, 69000.0, 78000.0, 67500.0, ||,  9
2630299, 0026302993, ||, 27348.0, 18032.0, 30677.0, 67155.0, 83580.0, 61454.0, 41322.0, 41790.0, 32134.0, 28238.0, 41834.0, 62797.0, ||,  9
2630312, 0026303127, ||, 131910.0, 122250.0, 117060.0, 85170.0, 54840.0, 52080.0, 79620.0, 110550.0, 48480.0, 46440.0, 102870.0, 137250.0, ||,  9
2645248, 0026452483, ||, 96.0, 0.0, 36150.0, 71022.0, 87972.0, 60270.0, 62490.0, 67704.0, 70332.0, 45276.0, 25332.0, 0.0, ||,  9
2652093, 0026520937, ||, 79800.0, 67200.0, 73800.0, 72600.0, 69000.0, 49800.0, 54600.0, 64200.0, 56400.0, 51600.0, 61800.0, 64800.0, ||,  9
2713208, 0027132089, ||, 165680.0, 146180.0, 117740.0, 100140.0, 69400.0, 36960.0, 31400.0, 38220.0, 34740.0, 27200.0, 54200.0, 86340.0, ||,  9
2725015, 0027250150, ||, 73320.0, 78690.0, 76410.0, 30720.0, 55350.0, 30390.0, 42900.0, 56970.0, 45960.0, 66720.0, 15810.0, 0.0, ||,  9
2770065, 0027700655, ||, 132678.0, 130434.0, 86958.0, 26454.0, 2052.0, 1542.0, 1890.0, 2034.0, 1512.0, 4332.0, 77184.0, 126348.0, ||,  9
2770084, 0027700844, ||, 59040.0, 54168.0, 46860.0, 47604.0, 39060.0, 33588.0, 36024.0, 41676.0, 37188.0, 32376.0, 46116.0, 50964.0, ||,  9
2770089, 0027700899, ||, 53680.0, 58640.0, 81900.0, 104720.0, 77080.0, 85940.0, 62980.0, 62720.0, 51760.0, 75340.0, 67640.0, 91440.0, ||,  9
2770140, 0027701401, ||, 95376.0, 95868.0, 73140.0, 37876.0, 496.0, 620.0, 504.0, 524.0, 1004.0, 1232.0, 27456.0, 77684.0, ||,  9
2770171, 0027701717, ||, 52452.0, 46076.0, 55408.0, 77184.0, 105708.0, 85464.0, 43168.0, 60040.0, 12404.0, 0.0, 0.0, 0.0, ||,  9
2794608, 0027946086, ||, 44916.0, 38718.0, 39180.0, 35412.0, 24384.0, 30414.0, 51672.0, 61842.0, 25320.0, 25614.0, 34164.0, 50016.0, ||,  9
2794646, 0027946464, ||, 78774.0, 36372.0, 35730.0, 90972.0, 43158.0, 36948.0, 50154.0, 49794.0, 26160.0, 45552.0, 96846.0, 109278.0, ||,  9
2811145, 0028111450, ||, 150780.0, 55695.0, 21675.0, 90030.0, 73350.0, 33720.0, 68385.0, 48900.0, 97080.0, 39855.0, 37620.0, 130170.0, ||,  9
5046667, 0050466678, ||, 132800.0, 144400.0, 148400.0, 94200.0, 300.0, 0.0, 800.0, 400.0, 0.0, 0.0, 24000.0, 145300.0, ||,  9
5046674, 0050466740, ||, 51360.0, 52880.0, 57280.0, 46240.0, 60320.0, 58800.0, 62320.0, 61360.0, 63040.0, 51760.0, 58080.0, 56000.0, ||,  9
5127115, 0051271158, ||, 35760.0, 33000.0, 35160.0, 36300.0, 32400.0, 37740.0, 58980.0, 76620.0, 60540.0, 69900.0, 55020.0, 78600.0, ||,  9
5270380, 0052703805, ||, 74010.0, 75990.0, 76500.0, 40500.0, 25500.0, 28500.0, 36000.0, 42000.0, 31500.0, 22500.0, 42000.0, 51000.0, ||,  9
5270649, 0052706497, ||, 55250.0, 43100.0, 33500.0, 35050.0, 30550.0, 35700.0, 37300.0, 39550.0, 36450.0, 31700.0, 34600.0, 35650.0, ||,  9
5270712, 0052707126, ||, 57520.0, 36400.0, 47200.0, 52960.0, 51200.0, 66800.0, 78480.0, 71920.0, 80640.0, 66400.0, 54800.0, 41680.0, ||,  9
5270717, 0052707171, ||, 53920.0, 44320.0, 45760.0, 46400.0, 42560.0, 48160.0, 51360.0, 56800.0, 53120.0, 37600.0, 45600.0, 36640.0, ||,  9
5314640, 0053146407, ||, 99360.0, 98640.0, 88200.0, 105120.0, 74700.0, 67140.0, 67620.0, 70380.0, 56460.0, 55260.0, 80700.0, 105960.0, ||,  9
5314669, 0053146696, ||, 56824.0, 60801.0, 62307.0, 41700.0, 53750.0, 48150.0, 60600.0, 76950.0, 55400.0, 53700.0, 72650.0, 35200.0, ||,  9
5319404, 0053194044, ||, 40899.0, 17941.0, 32934.0, 43228.0, 22868.0, 34244.0, 36156.0, 30915.0, 47467.0, 42209.0, 58497.0, 45845.0, ||,  9
5321414, 0053214140, ||, 41176.0, 32080.0, 32916.0, 49154.0, 44591.0, 41435.0, 72402.0, 56894.0, 75643.0, 66728.0, 64697.0, 81834.0, ||,  9
5337238, 0053372387, ||, 71033.0, 66033.0, 77033.0, 72033.0, 48033.0, 44033.0, 60033.0, 74033.0, 47033.0, 32033.0, 13033.0, 11033.0, ||,  9
5406250, 0054062506, ||, 59400.0, 85500.0, 42900.0, 40200.0, 28800.0, 23700.0, 22500.0, 21000.0, 17700.0, 20100.0, 31200.0, 52800.0, ||,  9
5406755, 0054067556, ||, 84000.0, 14400.0, 69600.0, 84000.0, 81600.0, 95600.0, 90800.0, 52000.0, 62400.0, 86800.0, 100800.0, 101200.0, ||,  9
5444066, 0054440669, ||, 72800.0, 68800.0, 60400.0, 69840.0, 59760.0, 60320.0, 66240.0, 72240.0, 59600.0, 57280.0, 65360.0, 11042.0, ||,  9
5460245, 0054602452, ||, 66080.0, 43800.0, 67480.0, 48120.0, 58960.0, 61160.0, 48000.0, 60400.0, 45360.0, 46360.0, 55280.0, 52800.0, ||,  9
5471623, 0054716230, ||, 119158.0, 66259.0, 72861.0, 110940.0, 101911.0, 92236.0, 29689.0, 30468.0, 28700.0, 17757.0, 22065.0, 22975.0, ||,  9
5494603, 0054946037, ||, 99247.0, 74956.0, 88914.0, 99969.0, 86037.0, 90071.0, 95887.0, 93881.0, 105258.0, 86190.0, 76725.0, 25067.0, ||,  9
5532978, 0055329789, ||, 92608.0, 40409.0, 61923.0, 70793.0, 44235.0, 22792.0, 22713.0, 20608.0, 31147.0, 20525.0, 25865.0, 34889.0, ||,  9
5564474, 0055644743, ||, 98160.0, 6160.0, 5280.0, 46320.0, 53680.0, 55680.0, 79440.0, 72240.0, 93840.0, 89520.0, 107520.0, 46320.0, ||,  9
7000096, 0070000968, ||, 108981.0, 94127.0, 105267.0, 96178.0, 83886.0, 104103.0, 102349.0, 105665.0, 130635.0, 86683.0, 77475.0, 111232.0, ||,  9
7000190, 0070001903, ||, 45487.0, 45532.0, 37591.0, 40538.0, 33011.0, 23820.0, 26747.0, 42973.0, 43394.0, 24166.0, 35280.0, 40572.0, ||,  9
7000249, 0070002498, ||, 48214.0, 14855.0, 62744.0, 74706.0, 71807.0, 71811.0, 70858.0, 80628.0, 68691.0, 70251.0, 72617.0, 64681.0, ||,  9
7000256, 0070002560, ||, 60078.0, 37518.0, 33666.0, 43056.0, 22488.0, 31800.0, 47694.0, 60210.0, 23844.0, 21660.0, 44040.0, 48492.0, ||,  9
7000282, 0070002821, ||, 116970.0, 28842.0, 161035.0, 169405.0, 184645.0, 150121.0, 184075.0, 172993.0, 113754.0, 155851.0, 125388.0, 149029.0, ||,  9
7000367, 0070003677, ||, 86432.0, 42152.0, 56504.0, 53064.0, 28000.0, 27848.0, 35568.0, 44072.0, 22328.0, 25920.0, 49096.0, 51208.0, ||,  9
7000381, 0070003811, ||, 105013.0, 109361.0, 114091.0, 30802.0, 7961.0, 15800.0, 32177.0, 32493.0, 11632.0, 19507.0, 95632.0, 103891.0, ||,  9
7000466, 0070004667, ||, 59007.0, 59098.0, 46206.0, 68734.0, 53138.0, 53233.0, 62573.0, 81861.0, 55726.0, 63034.0, 63156.0, 63455.0, ||,  9
7089183, 0070891834, ||, 42720.0, 43678.0, 32060.0, 35807.0, 35909.0, 44714.0, 47946.0, 52055.0, 48348.0, 34962.0, 47746.0, 31754.0, ||,  9
7127415, 0071274153, ||, 154428.0, 46003.0, 242249.0, 232544.0, 183120.0, 184540.0, 73586.0, 26661.0, 118237.0, 118937.0, 185281.0, 216996.0, ||,  9
7127502, 0071275026, ||, 83165.0, 65179.0, 59582.0, 56862.0, 43445.0, 50202.0, 62659.0, 70159.0, 45017.0, 45313.0, 53206.0, 51078.0, ||,  9
7127859, 0071278591, ||, 82065.0, 50700.0, 50550.0, 51780.0, 38085.0, 30720.0, 27060.0, 28470.0, 40245.0, 25035.0, 24405.0, 56205.0, ||,  9
7157429, 0071574295, ||, 46980.0, 39300.0, 42300.0, 43860.0, 33960.0, 26340.0, 29580.0, 41100.0, 39060.0, 26100.0, 31860.0, 36660.0, ||,  9
7174049, 0071740498, ||, 40000.0, 45960.0, 37992.0, 37440.0, 34560.0, 39600.0, 43920.0, 53520.0, 56400.0, 38040.0, 36960.0, 46680.0, ||,  9
7239707, 0072397073, ||, 76260.0, 62281.0, 65489.0, 57210.0, 31410.0, 22140.0, 21930.0, 30240.0, 28050.0, 19710.0, 36750.0, 68520.0, ||,  9
9124643, 0091246439, ||, 82200.0, 78400.0, 68500.0, 39900.0, 17500.0, 8200.0, 6400.0, 6100.0, 6600.0, 5200.0, 32700.0, 78000.0, ||,  9
9129990, 0091299909, ||, 82895.0, 79922.0, 74739.0, 84481.0, 2983.0, 821.0, 560.0, 612.0, 628.0, 516.0, 13593.0, 74027.0, ||,  9
9131936, 0091319366, ||, 89040.0, 88560.0, 85080.0, 81840.0, 5880.0, 6360.0, 6120.0, 6360.0, 6000.0, 5280.0, 20280.0, 85440.0, ||,  9
9139654, 0091396541, ||, 48770.0, 43590.0, 39950.0, 43010.0, 36710.0, 41090.0, 42050.0, 42520.0, 42420.0, 29160.0, 39010.0, 41090.0, ||,  9
9139722, 0091397225, ||, 134550.0, 134505.0, 108840.0, 132195.0, 114060.0, 98730.0, 96075.0, 112620.0, 96150.0, 98790.0, 111015.0, 103305.0, ||,  9
9216077, 0092160776, ||, 176640.0, 175520.0, 139860.0, 126480.0, 131820.0, 172220.0, 204420.0, 238800.0, 184700.0, 115120.0, 147560.0, 147700.0, ||,  9
9267932, 0092679320, ||, 109747.0, 130297.0, 71679.0, 31520.0, 0.0, 0.0, 0.0, 0.0, 0.0, 4041.0, 26388.0, 43886.0, ||,  9
9267999, 0092679997, ||, 65760.0, 32018.0, 47857.0, 47910.0, 24428.0, 41386.0, 37161.0, 34757.0, 58022.0, 43314.0, 69392.0, 62992.0, ||,  9
9293714, 0092937143, ||, 24749.0, 51765.0, 68053.0, 78213.0, 73363.0, 72190.0, 79391.0, 88095.0, 138322.0, 33102.0, 88668.0, 75799.0, ||,  9
9294513, 0092945135, ||, 101323.0, 80515.0, 85519.0, 73507.0, 76794.0, 60631.0, 52717.0, 67183.0, 83274.0, 56570.0, 120772.0, 184870.0, ||,  9
9320462, 0093204620, ||, 104607.0, 112261.0, 72685.0, 22928.0, 0.0, 0.0, 0.0, 0.0, 0.0, 1592.0, 59625.0, 85677.0, ||,  9
9347532, 0093475323, ||, 870.0, 480.0, 7126.0, 90160.0, 56199.0, 46538.0, 59487.0, 59420.0, 68912.0, 51448.0, 41118.0, 46570.0, ||,  9
11000162, 0110001629, ||, 82907.0, 69442.0, 68721.0, 57345.0, 56980.0, 52755.0, 76895.0, 96839.0, 95250.0, 63775.0, 56739.0, 58193.0, ||,  9
11043572, 0110435727, ||, 101280.0, 92040.0, 73920.0, 89160.0, 87600.0, 86760.0, 82200.0, 90000.0, 90000.0, 83880.0, 86880.0, 86280.0, ||,  9
11043688, 0110436889, ||, 107900.0, 87300.0, 95700.0, 100100.0, 95700.0, 100300.0, 92200.0, 132900.0, 127300.0, 104600.0, 96100.0, 100400.0, ||,  9
11048091, 0110480916, ||, 78000.0, 84000.0, 64000.0, 58000.0, 42000.0, 46000.0, 48000.0, 73120.0, 66380.0, 42380.0, 53760.0, 62220.0, ||,  9
11049296, 0110492968, ||, 2000.0, 0.0, 510.0, 0.0, 0.0, 1960.0, 62880.0, 64640.0, 126480.0, 78480.0, 73280.0, 105760.0, ||,  9
11118109, 0111181096, ||, 64265.0, 63454.0, 54872.0, 60376.0, 69129.0, 53901.0, 50666.0, 60213.0, 55518.0, 53739.0, 64101.0, 63777.0, ||,  9
11118111, 0111181113, ||, 45659.0, 44206.0, 37753.0, 43722.0, 49374.0, 39042.0, 35334.0, 40332.0, 39203.0, 40171.0, 50343.0, 48404.0, ||,  9
--------------------------------------
	簇ID:	 计数
	10:	 1

	样本数据

811710721, 8114273381, ||, 3.6759424E7, 3.6251701E7, 3.000622E7, 2.4133462E7, 3.7825244E7, 3.9628242E7, 2.9405525E7, 3.4999031E7, 1.6276216E7, 8856190.0, 2.6347623E7, 3.6440416E7, ||,  10
--------------------------------------
	簇ID:	 计数
	11:	 2

	样本数据

770003371, 0770003371, ||, 165600.0, 148560.0, 5576520.0, 4802280.0, 3393960.0, 4694040.0, 5303160.0, 4756200.0, 5589240.0, 5854800.0, 4002000.0, 2483880.0, ||,  11
802877038, 8028432719, ||, 657686.0, 0.0, 5494350.0, 8443659.0, 5548560.0, 9609504.0, 7079746.0, 1.117118E7, 6419564.0, 2831487.0, 1816442.0, 0.0, ||,  11
--------------------------------------
	簇ID:	 计数
	12:	 15

	样本数据

600129761, 6001297614, ||, 5619600.0, 5089440.0, 4196160.0, 5689200.0, 5314080.0, 5552400.0, 1641840.0, 338640.0, 1357920.0, 1827600.0, 0.0, 601680.0, ||,  12
11167496, 0111674969, ||, 4653685.0, 4601647.0, 4792925.0, 5450516.0, 5136191.0, 4586722.0, 4437435.0, 3796380.0, 4174844.0, 3832793.0, 3382177.0, 3007745.0, ||,  12
15452516, 0154525161, ||, 6802224.0, 6444504.0, 3094080.0, 3642408.0, 3924360.0, 3868128.0, 3262248.0, 3524400.0, 3515688.0, 3482424.0, 3777048.0, 4067712.0, ||,  12
23000056, 0230000564, ||, 5254128.0, 2875488.0, 4502520.0, 4881360.0, 3490080.0, 3240864.0, 3722928.0, 3750648.0, 3234264.0, 3281784.0, 4255152.0, 3547104.0, ||,  12
600127308, 6001273085, ||, 3255900.0, 1330200.0, 4083600.0, 4561500.0, 4657500.0, 4667100.0, 4195800.0, 3788100.0, 4439100.0, 3767100.0, 5227200.0, 5069700.0, ||,  12
698198390, 6981983905, ||, 5208840.0, 4997640.0, 4436280.0, 5136000.0, 4640040.0, 4765800.0, 4623600.0, 4837920.0, 4882080.0, 4818360.0, 4809480.0, 4658760.0, ||,  12
15452515, 0154525158, ||, 1.008216E7, 7135920.0, 4896144.0, 4340160.0, 4354416.0, 4430448.0, 3760416.0, 3952872.0, 3884760.0, 4005144.0, 4345704.0, 4715568.0, ||,  12
29000089, 0290000894, ||, 3721080.0, 4642440.0, 3804240.0, 3409560.0, 3636600.0, 3523080.0, 3409560.0, 4065600.0, 3668280.0, 3397680.0, 3432000.0, 3372600.0, ||,  12
700090630, 7000906309, ||, 4370520.0, 4790520.0, 4445040.0, 4864440.0, 4311360.0, 4450920.0, 4224720.0, 2074080.0, 3216840.0, 3051000.0, 3715560.0, 3204360.0, ||,  12
13000126, 0130001263, ||, 4251456.0, 3592512.0, 3777840.0, 4783680.0, 2228688.0, 2854368.0, 2886048.0, 2935152.0, 2836944.0, 3299472.0, 3502224.0, 4197600.0, ||,  12
26984903, 0269849033, ||, 3627498.0, 2979528.0, 3870835.0, 4848329.0, 3588657.0, 3508006.0, 5279428.0, 3751745.0, 3832117.0, 3507026.0, 3770501.0, 4033878.0, ||,  12
695042855, 6950428550, ||, 4033920.0, 3969600.0, 4177440.0, 4151840.0, 4315840.0, 3619680.0, 3915200.0, 4160000.0, 3977760.0, 4206240.0, 3025280.0, 4115360.0, ||,  12
807390329, 8072266371, ||, 7915200.0, 4758720.0, 4475520.0, 3947520.0, 4574240.0, 4768320.0, 4549440.0, 4521280.0, 4721120.0, 3769760.0, 3325600.0, 1225440.0, ||,  12
807938102, 8077542052, ||, 6494400.0, 5227200.0, 5544000.0, 5227200.0, 2692800.0, 316800.0, 316800.0, 475200.0, 1108800.0, 3326400.0, 4593600.0, 4593600.0, ||,  12
800642691, 8006308449, ||, 4677840.0, 4619520.0, 4247040.0, 4643280.0, 2261040.0, 4404960.0, 4326480.0, 4382640.0, 4502880.0, 4137600.0, 3976560.0, 4988160.0, ||,  12
--------------------------------------
	簇ID:	 计数
	13:	 1

	样本数据

19670755, 0196707556, ||, 1.1905312E7, 3951067.0, 1.8196002E7, 7674973.0, 1.3578386E7, 1.2367228E7, 9784807.0, 1.4819982E7, 9275552.0, 1.0034799E7, 6804010.0, 1772424.0, ||,  13
--------------------------------------
	簇ID:	 计数
	14:	 569

	样本数据

2613914, 0026139148, ||, 504000.0, 420000.0, 396000.0, 408000.0, 550080.0, 684000.0, 654000.0, 666000.0, 726000.0, 492000.0, 456000.0, 420000.0, ||,  14
2725034, 0027250349, ||, 308985.0, 82995.0, 139410.0, 412215.0, 377595.0, 320910.0, 313860.0, 341025.0, 319665.0, 342645.0, 381810.0, 394035.0, ||,  14
2725060, 0027250600, ||, 120160.0, 0.0, 480200.0, 408640.0, 364040.0, 411720.0, 371840.0, 298640.0, 317960.0, 208360.0, 446360.0, 129600.0, ||,  14
2770164, 0027701645, ||, 436400.0, 362000.0, 378800.0, 379100.0, 384200.0, 420700.0, 417100.0, 124300.0, 255920.0, 496580.0, 563600.0, 516100.0, ||,  14
5321407, 0053214078, ||, 44893.0, 11.0, 0.0, 260414.0, 194267.0, 549889.0, 650657.0, 678897.0, 727275.0, 763571.0, 771662.0, 1054765.0, ||,  14
7000331, 0070003316, ||, 311281.0, 224536.0, 252380.0, 156818.0, 184661.0, 221627.0, 270086.0, 294991.0, 162519.0, 241909.0, 150487.0, 249470.0, ||,  14
7000409, 0070004090, ||, 346144.0, 329258.0, 343980.0, 284062.0, 440325.0, 423176.0, 559324.0, 580355.0, 376413.0, 409609.0, 299328.0, 331398.0, ||,  14
7126944, 0071269447, ||, 389851.0, 313987.0, 345844.0, 244842.0, 129285.0, 144577.0, 209281.0, 261911.0, 365854.0, 182855.0, 84099.0, 304851.0, ||,  14
7196041, 0071960412, ||, 501600.0, 408420.0, 495480.0, 486990.0, 497070.0, 498720.0, 478320.0, 508470.0, 509220.0, 490470.0, 419395.0, 485448.0, ||,  14
9139739, 0091397397, ||, 703710.0, 639300.0, 578640.0, 637410.0, 630210.0, 645720.0, 760800.0, 562950.0, 739320.0, 548820.0, 590460.0, 667620.0, ||,  14
9294568, 0092945685, ||, 361440.0, 326320.0, 296560.0, 590520.0, 264200.0, 255200.0, 309600.0, 393080.0, 294880.0, 212880.0, 323320.0, 259480.0, ||,  14
11139289, 0111392894, ||, 188000.0, 192000.0, 164000.0, 160080.0, 112000.0, 280000.0, 340000.0, 644000.0, 796000.0, 616000.0, 188000.0, 100000.0, ||,  14
11164149, 0111641491, ||, 297000.0, 279540.0, 236940.0, 263760.0, 296700.0, 388140.0, 407760.0, 429390.0, 386160.0, 300690.0, 271080.0, 259380.0, ||,  14
13095118, 0130951180, ||, 570880.0, 441295.0, 546115.0, 729080.0, 609920.0, 604520.0, 578200.0, 492880.0, 412960.0, 314040.0, 326640.0, 378480.0, ||,  14
13095144, 0130951441, ||, 245460.0, 74130.0, 324630.0, 372210.0, 374190.0, 242250.0, 269730.0, 428160.0, 412740.0, 371400.0, 395250.0, 267690.0, ||,  14
13095385, 0130953854, ||, 399510.0, 392160.0, 310530.0, 322380.0, 239970.0, 213120.0, 228690.0, 262260.0, 231990.0, 214140.0, 274320.0, 310440.0, ||,  14
15049638, 0150496382, ||, 334520.0, 255160.0, 402480.0, 415760.0, 340120.0, 411240.0, 412920.0, 358080.0, 341400.0, 297600.0, 391760.0, 392920.0, ||,  14
15189671, 0151896718, ||, 485840.0, 443440.0, 371640.0, 382120.0, 442880.0, 533440.0, 140920.0, 37360.0, 57080.0, 364080.0, 509840.0, 500920.0, ||,  14
15339153, 0153391534, ||, 468000.0, 453000.0, 420000.0, 210000.0, 0.0, 0.0, 0.0, 624000.0, 531000.0, 444000.0, 78000.0, 0.0, ||,  14
15452499, 0154524995, ||, 566549.0, 563968.0, 502036.0, 522547.0, 424540.0, 399411.0, 367337.0, 498112.0, 529184.0, 459988.0, 453383.0, 543450.0, ||,  14
17153651, 0171536517, ||, 292700.0, 243120.0, 208440.0, 226400.0, 202820.0, 271420.0, 295740.0, 332380.0, 335040.0, 206240.0, 220260.0, 216140.0, ||,  14
25572428, 0255724283, ||, 558000.0, 312000.0, 366000.0, 300000.0, 216000.0, 270000.0, 294000.0, 456000.0, 312000.0, 288000.0, 318000.0, 378000.0, ||,  14
26683471, 0266834715, ||, 465000.0, 475000.0, 370000.0, 385000.0, 315000.0, 300000.0, 550000.0, 438700.0, 230000.0, 450000.0, 270000.0, 455000.0, ||,  14
26984889, 0269848896, ||, 218000.0, 138000.0, 162000.0, 186000.0, 170000.0, 226000.0, 256000.0, 318000.0, 316000.0, 310000.0, 186000.0, 218000.0, ||,  14
27146545, 0271465456, ||, 162000.0, 285000.0, 231000.0, 279000.0, 285000.0, 288000.0, 276000.0, 381000.0, 330000.0, 276000.0, 390000.0, 351000.0, ||,  14
30476883, 0304768835, ||, 323420.0, 258300.0, 244200.0, 234640.0, 209640.0, 240100.0, 263540.0, 289520.0, 225040.0, 200720.0, 237500.0, 263260.0, ||,  14
30582678, 0305826783, ||, 487104.0, 465102.0, 381436.0, 388367.0, 325044.0, 309155.0, 297782.0, 340391.0, 371884.0, 397657.0, 453921.0, 476700.0, ||,  14
30582722, 0305827223, ||, 290344.0, 263933.0, 485702.0, 699387.0, 557053.0, 678381.0, 807541.0, 1010660.0, 649076.0, 493401.0, 263213.0, 244845.0, ||,  14
30622879, 0306228795, ||, 227580.0, 209080.0, 182300.0, 197260.0, 219980.0, 235940.0, 243000.0, 324480.0, 236160.0, 220840.0, 196280.0, 188740.0, ||,  14
30904526, 0309045261, ||, 224800.0, 208500.0, 189680.0, 185260.0, 175580.0, 255700.0, 292980.0, 325620.0, 296940.0, 195500.0, 188540.0, 208360.0, ||,  14
30906186, 0309061867, ||, 329385.0, 179145.0, 189510.0, 0.0, 0.0, 0.0, 1294080.0, 205410.0, 258645.0, 253980.0, 323130.0, 355740.0, ||,  14
31759728, 0317597284, ||, 511066.0, 461664.0, 385700.0, 399848.0, 307882.0, 319702.0, 396001.0, 485041.0, 360373.0, 300952.0, 364660.0, 439292.0, ||,  14
743001748, 0743001748, ||, 230140.0, 158740.0, 309780.0, 181880.0, 243500.0, 251100.0, 245420.0, 305660.0, 142220.0, 200040.0, 216040.0, 438400.0, ||,  14
758000699, 0758000699, ||, 590000.0, 608290.0, 537000.0, 534000.0, 480000.0, 180000.0, 153000.0, 318000.0, 342000.0, 309000.0, 306000.0, 195000.0, ||,  14
774001962, 0774001962, ||, 453160.0, 560000.0, 396000.0, 390800.0, 297200.0, 309360.0, 301680.0, 322200.0, 299080.0, 420920.0, 532680.0, 547120.0, ||,  14
605100003, 6051000033, ||, 215400.0, 170120.0, 252620.0, 193720.0, 181700.0, 223540.0, 255920.0, 254100.0, 259200.0, 214480.0, 245660.0, 205040.0, ||,  14
622008280, 6220082808, ||, 377499.0, 350704.0, 303625.0, 308756.0, 214873.0, 200981.0, 152466.0, 257628.0, 241726.0, 199931.0, 284662.0, 348183.0, ||,  14
640002506, 6400025067, ||, 352212.0, 268927.0, 316313.0, 260180.0, 269647.0, 327378.0, 531773.0, 571096.0, 228781.0, 237670.0, 289649.0, 322113.0, ||,  14
660020738, 6600207388, ||, 504810.0, 377580.0, 541110.0, 666420.0, 89790.0, 515130.0, 588930.0, 591690.0, 619830.0, 578040.0, 615120.0, 590730.0, ||,  14
661004007, 6610040072, ||, 442760.0, 414360.0, 544020.0, 273430.0, 446250.0, 396180.0, 479790.0, 373990.0, 372580.0, 353130.0, 364370.0, 376150.0, ||,  14
661004088, 6610040883, ||, 621940.0, 544820.0, 923380.0, 436760.0, 749060.0, 691940.0, 783780.0, 648460.0, 629300.0, 625920.0, 697540.0, 705640.0, ||,  14
661021097, 6610210974, ||, 154635.0, 212445.0, 252555.0, 226035.0, 252270.0, 287670.0, 203625.0, 183390.0, 302145.0, 277875.0, 281820.0, 276780.0, ||,  14
691000387, 6910003878, ||, 2760.0, 0.0, 0.0, 0.0, 0.0, 4002.0, 353160.0, 480000.0, 693960.0, 571800.0, 617100.0, 594840.0, ||,  14
691000672, 6910006721, ||, 501510.0, 506760.0, 464640.0, 435090.0, 481620.0, 543540.0, 512340.0, 449010.0, 512130.0, 499530.0, 100020.0, 482940.0, ||,  14
691005028, 6910050281, ||, 336840.0, 157500.0, 352800.0, 316200.0, 423000.0, 705000.0, 576000.0, 606000.0, 651000.0, 528000.0, 579000.0, 519000.0, ||,  14
691018078, 6910180782, ||, 572520.0, 583280.0, 524400.0, 918240.0, 865840.0, 609000.0, 567960.0, 510800.0, 562160.0, 537240.0, 578640.0, 0.0, ||,  14
691018165, 6910181655, ||, 642420.0, 705750.0, 622830.0, 680280.0, 641310.0, 689520.0, 614460.0, 610170.0, 581070.0, 631620.0, 644130.0, 687480.0, ||,  14
695000286, 6950002864, ||, 488360.0, 359880.0, 595820.0, 496400.0, 399420.0, 354880.0, 489100.0, 440320.0, 455820.0, 440240.0, 409260.0, 526280.0, ||,  14
695078419, 6950784191, ||, 164028.0, 104412.0, 139614.0, 323040.0, 278676.0, 309762.0, 317472.0, 319632.0, 353844.0, 365454.0, 393546.0, 364044.0, ||,  14
695078433, 6950784335, ||, 584720.0, 307200.0, 347760.0, 441760.0, 475600.0, 480400.0, 170400.0, 194960.0, 325440.0, 361440.0, 408400.0, 365280.0, ||,  14
696024725, 6960247253, ||, 1004640.0, 622880.0, 590400.0, 1144960.0, 615200.0, 211840.0, 51200.0, 627040.0, 628480.0, 806080.0, 587200.0, 130080.0, ||,  14
697158529, 6971585296, ||, 445950.0, 396000.0, 373500.0, 408000.0, 378000.0, 474000.0, 342000.0, 402000.0, 415500.0, 402000.0, 387000.0, 415500.0, ||,  14
698186478, 6981864785, ||, 259736.0, 124632.0, 60464.0, 281208.0, 264984.0, 278512.0, 294576.0, 257984.0, 365200.0, 254072.0, 277232.0, 243904.0, ||,  14
698203446, 6982034460, ||, 405000.0, 399000.0, 322500.0, 358500.0, 340500.0, 589500.0, 361500.0, 387000.0, 361500.0, 354000.0, 375000.0, 376500.0, ||,  14
700060562, 7000605626, ||, 234000.0, 257000.0, 220000.0, 224000.0, 187000.0, 247000.0, 204000.0, 199000.0, 230000.0, 218000.0, 223000.0, 263040.0, ||,  14
700099147, 7000991475, ||, 436800.0, 277920.0, 383760.0, 393960.0, 317040.0, 200160.0, 217800.0, 159600.0, 165120.0, 161160.0, 349920.0, 416400.0, ||,  14
705012267, 7050122674, ||, 280150.0, 245090.0, 96543.0, 79318.0, 250905.0, 315383.0, 281773.0, 256513.0, 270759.0, 297067.0, 271426.0, 292636.0, ||,  14
709006080, 7090060802, ||, 304000.0, 0.0, 0.0, 413000.0, 235610.0, 255410.0, 232590.0, 215250.0, 246750.0, 246470.0, 244900.0, 267630.0, ||,  14
716035915, 7160359157, ||, 231456.0, 37304.0, 295312.0, 327216.0, 241960.0, 232320.0, 253992.0, 246144.0, 266800.0, 270144.0, 296704.0, 316320.0, ||,  14
716200318, 7162003186, ||, 249640.0, 155040.0, 265520.0, 358400.0, 336240.0, 349480.0, 297520.0, 321880.0, 292960.0, 292120.0, 341160.0, 348880.0, ||,  14
716200479, 7162004798, ||, 190668.0, 74058.0, 279792.0, 241260.0, 249684.0, 270702.0, 265614.0, 233826.0, 276870.0, 251988.0, 325530.0, 258870.0, ||,  14
741000543, 7410005436, ||, 1159928.0, 679712.0, 392920.0, 714736.0, 1429752.0, 1269664.0, 171104.0, 75944.0, 499312.0, 403216.0, 385704.0, 388784.0, ||,  14
741002696, 7410026965, ||, 801450.0, 0.0, 0.0, 0.0, 1374465.0, 799020.0, 461535.0, 733170.0, 0.0, 0.0, -1165395.0, 524350.0, ||,  14
741002714, 7410027144, ||, 179240.0, 0.0, 0.0, 117290.0, 307110.0, 295360.0, 295610.0, 291880.0, 130520.0, 315650.0, 338450.0, 266990.0, ||,  14
741002738, 7410027388, ||, 466296.0, 0.0, 0.0, 237272.0, 375744.0, 369712.0, 375232.0, 392496.0, 356512.0, 429848.0, 452640.0, 597512.0, ||,  14
741002740, 7410027405, ||, 408410.0, 9310.0, 0.0, 260210.0, 298000.0, 373120.0, 398420.0, 375760.0, 410350.0, 363190.0, 429170.0, 375180.0, ||,  14
741002788, 7410027883, ||, 679020.0, 0.0, 53268.0, 324960.0, 384396.0, 309156.0, 253116.0, 338412.0, 172428.0, 184476.0, 652560.0, 364344.0, ||,  14
741002917, 7410029179, ||, 459144.0, 0.0, 0.0, 180152.0, 280536.0, 235696.0, 245024.0, 262008.0, 247576.0, 287152.0, 313200.0, 300728.0, ||,  14
742006255, 7420062553, ||, 215798.0, 298496.0, 328746.0, 472648.0, 352902.0, 294316.0, 425480.0, 389224.0, 380424.0, 429198.0, 430056.0, 382360.0, ||,  14
748005336, 7480053364, ||, 478000.0, 318000.0, 356000.0, 412000.0, 0.0, 656720.0, 280000.0, 120000.0, 342000.0, 302000.0, 336000.0, 396000.0, ||,  14
748006055, 7480060555, ||, 337000.0, 301000.0, 272000.0, 300050.0, 111000.0, 157000.0, 169000.0, 252000.0, 251000.0, 198000.0, 248000.0, 233000.0, ||,  14
748006562, 7480065622, ||, 183737.0, 313125.0, 77756.0, 260924.0, 282911.0, 277544.0, 198296.0, 175502.0, 234414.0, 202485.0, 292287.0, 272682.0, ||,  14
748006869, 7480068692, ||, 228000.0, 316500.0, 214500.0, 367500.0, 474000.0, 412500.0, 387000.0, 339000.0, 283500.0, 253500.0, 310500.0, 363000.0, ||,  14
748007861, 7480078619, ||, 297000.0, 246000.0, 126000.0, 258000.0, 270000.0, 273000.0, 297000.0, 309000.0, 342000.0, 282000.0, 228000.0, 285000.0, ||,  14
752500401, 7525004012, ||, 2595.0, 0.0, 399405.0, 462000.0, 289500.0, 342000.0, 166500.0, 195000.0, 234000.0, 220500.0, 394500.0, 345000.0, ||,  14
108264, 0001082643, ||, 635120.0, 610200.0, 504200.0, 547520.0, 559880.0, 620040.0, 602320.0, 640320.0, 504600.0, 482360.0, 448840.0, 413320.0, ||,  14
108332, 0001083327, ||, 535960.0, 468160.0, 269600.0, 67640.0, 103720.0, 264040.0, 302920.0, 370400.0, 204760.0, 60680.0, 122560.0, 371520.0, ||,  14
506857, 0005068571, ||, 286020.0, 188370.0, 381870.0, 358920.0, 288030.0, 449962.0, 326640.0, 327390.0, 335670.0, 274200.0, 375300.0, 279840.0, ||,  14
5319373, 0053193735, ||, 516332.0, 508322.0, 468275.0, 512322.0, 512322.0, 524341.0, 504314.0, 496300.0, 472265.0, 500305.0, 492293.0, 644506.0, ||,  14
7000316, 0070003169, ||, 486342.0, 456034.0, 460868.0, 405603.0, 501304.0, 533553.0, 637583.0, 683565.0, 420749.0, 461623.0, 330863.0, 434496.0, ||,  14
7196052, 0071960526, ||, 1326007.0, 65600.0, 0.0, 0.0, 0.0, 0.0, 0.0, 600900.0, 1001170.0, 1097181.0, 1027814.0, 1303284.0, ||,  14
11118153, 0111181533, ||, 372000.0, 344000.0, 187120.0, 129720.0, 230520.0, 306840.0, 325000.0, 332640.0, 330880.0, 314480.0, 238800.0, 247000.0, ||,  14
13000029, 0130000299, ||, 14336.0, 10840.0, 16616.0, 288480.0, 334720.0, 278640.0, 418160.0, 559200.0, 410640.0, 557360.0, 150136.0, 12564.0, ||,  14
13015783, 0130157836, ||, 127800.0, 0.0, 456840.0, 539520.0, 560880.0, 605760.0, 565080.0, 552320.0, 637400.0, 573240.0, 423960.0, 793680.0, ||,  14
13095143, 0130951438, ||, 2706.0, 2800.0, 120098.0, 1160080.0, 1074680.0, 1134240.0, 1102680.0, 1067960.0, 1065600.0, 531896.0, 2262.0, 0.0, ||,  14
15187904, 0151879047, ||, 396000.0, 366600.0, 302100.0, 325800.0, 429150.0, 489180.0, 481050.0, 537900.0, 502590.0, 416550.0, 390840.0, 378270.0, ||,  14
15189434, 0151894347, ||, 267195.0, 235770.0, 186465.0, 202800.0, 196965.0, 245160.0, 297990.0, 347325.0, 227565.0, 204525.0, 195885.0, 191205.0, ||,  14
19596920, 0195969205, ||, 278088.0, 220050.0, 138042.0, 214770.0, 253932.0, 292530.0, 245142.0, 199284.0, 259542.0, 253038.0, 328842.0, 419370.0, ||,  14
21048794, 0210487947, ||, 307860.0, 82980.0, 207240.0, 59160.0, 192540.0, 151560.0, 363180.0, 448800.0, 222960.0, 149340.0, 218760.0, 251580.0, ||,  14
23000105, 0230001059, ||, 488817.0, 449377.0, 331499.0, 338366.0, 321404.0, 433310.0, 455016.0, 476370.0, 437473.0, 421939.0, 395382.0, 363027.0, ||,  14
25395000, 0253950002, ||, 441000.0, 357000.0, 276000.0, 336000.0, 288000.0, 294000.0, 414000.0, 570000.0, 420000.0, 309000.0, 337800.0, 406800.0, ||,  14
25395012, 0253950129, ||, 327000.0, 318000.0, 327000.0, 249000.0, 234000.0, 225000.0, 303000.0, 300000.0, 279000.0, 249000.0, 248550.0, 252450.0, ||,  14
25395086, 0253950868, ||, 402000.0, 432000.0, 285000.0, 276000.0, 258000.0, 360000.0, 372000.0, 438000.0, 354000.0, 315000.0, 309000.0, 294000.0, ||,  14
25701360, 0257013600, ||, 214000.0, 195000.0, 249000.0, 203000.0, 204000.0, 196000.0, 234000.0, 245000.0, 244000.0, 214000.0, 246000.0, 273000.0, ||,  14
25701433, 0257014339, ||, 856000.0, 1016000.0, 872000.0, 560000.0, 280000.0, 440000.0, 640000.0, 720000.0, 720000.0, 224000.0, 368000.0, 408000.0, ||,  14
26683470, 0266834702, ||, 535000.0, 485000.0, 515000.0, 525000.0, 410000.0, 570000.0, 780000.0, 830000.0, 730000.0, 485000.0, 715000.0, 465000.0, ||,  14
26984883, 0269848838, ||, 459000.0, 30000.0, 105000.0, 117000.0, 252000.0, 276000.0, 501000.0, 189000.0, 285000.0, 144000.0, 180000.0, 144000.0, ||,  14
27269373, 0272693737, ||, 346000.0, 461188.0, 316000.0, 282000.0, 288000.0, 270000.0, 302000.0, 322000.0, 328000.0, 320000.0, 290000.0, 340000.0, ||,  14
30159009, 0301590095, ||, 445160.0, 405080.0, 293180.0, 145580.0, 1133594.0, 788536.0, 7780.0, 2580.0, 14000.0, 9620.0, 157420.0, 371080.0, ||,  14
706000516, 0706000516, ||, 383400.0, 272520.0, 346980.0, 437040.0, 448560.0, 299580.0, 360900.0, 363660.0, 286260.0, 264060.0, 385020.0, 410820.0, ||,  14
--------------------------------------
	簇ID:	 计数
	15:	 5

	样本数据

9800083, 0098000832, ||, 9500480.0, 9331520.0, 8688240.0, 8759520.0, 7283760.0, 7294320.0, 7379680.0, 7839040.0, 9631600.0, 6385280.0, 8492000.0, 8904720.0, ||,  15
9800082, 0098000829, ||, 9584080.0, 9618400.0, 7838160.0, 8562400.0, 7247680.0, 7228320.0, 7046160.0, 7375280.0, 8772720.0, 7049680.0, 8566800.0, 9122080.0, ||,  15
23000060, 0230000607, ||, 1.0187496E7, 8098992.0, 8713584.0, 9879408.0, 9932472.0, 8393616.0, 9565776.0, 8483904.0, 9155520.0, 9379656.0, 8913960.0, 9651312.0, ||,  15
811508729, 8112436827, ||, 1.07865E7, 1.177694E7, 1.256172E7, 1.205564E7, 1.392484E7, 1.21888E7, 9363340.0, 1.342158E7, 1.008276E7, 1.148242E7, 1.050116E7, 1.43083E7, ||,  15
800032957, 8000324775, ||, 1.89288E7, 1.07712E7, 1.13256E7, 2.05128E7, 1.937232E7, 4466880.0, 1.188E7, 417384.0, 6336.0, 0.0, 0.0, 0.0, ||,  15
--------------------------------------
	簇ID:	 计数
	16:	 1

	样本数据

800229045, 8002244776, ||, 2.4789913E7, 2.5663277E7, 2.2765338E7, 2.0244371E7, 1.6124004E7, 1.7489756E7, 1.7808634E7, 1.9411441E7, 2.3769887E7, 2.2179377E7, 2.5404456E7, 3.4149738E7, ||,  16
--------------------------------------
	簇ID:	 计数
	17:	 2

	样本数据

5800151, 0058001514, ||, 1.23816E7, 1.1266464E7, 8402328.0, 0.0, 0.0, 0.0, 0.0, 0.0, 0.0, 0.0, 0.0, 0.0, ||,  17
811559537, 8112913443, ||, 1.4256E7, 8712000.0, 1320000.0, 1320000.0, 1320000.0, 1056000.0, 1320000.0, 1320000.0, 1056000.0, 1056000.0, 1056000.0, 1056000.0, ||,  17
--------------------------------------
	簇ID:	 计数
	18:	 26

	样本数据

7239653, 0072396533, ||, 3576240.0, 1507920.0, 3925560.0, 3705000.0, 3492480.0, 2652720.0, 4228200.0, 3200640.0, 0.0, 3399360.0, 1467359.0, 3946321.0, ||,  18
707001180, 0707001180, ||, 3178800.0, 2868160.0, 2784080.0, 2468640.0, 3190320.0, 3328800.0, 3377440.0, 3791520.0, 2690160.0, 2847000.0, 3307080.0, 2961840.0, ||,  18
707001181, 0707001181, ||, 2118400.0, 1991120.0, 1994480.0, 1993440.0, 1987600.0, 1992080.0, 2591360.0, 2612200.0, 3045240.0, 2179080.0, 3297720.0, 2889360.0, ||,  18
691004914, 6910049144, ||, 2553480.0, 1434360.0, 2480520.0, 2789880.0, 2666880.0, 2618040.0, 2582040.0, 2625000.0, 3124920.0, 2196360.0, 2762880.0, 2658480.0, ||,  18
698198567, 6981985679, ||, 3048880.0, 3283120.0, 2246320.0, 2756240.0, 1877680.0, 3377280.0, 2935040.0, 2137680.0, 3007440.0, 2626160.0, 1904800.0, 2546640.0, ||,  18
716065930, 7160659303, ||, 1536000.0, 72000.0, 1740000.0, 3732000.0, 3144000.0, 4560000.0, 3000000.0, 3084000.0, 4632000.0, 4608000.0, 4116000.0, 1968000.0, ||,  18
2713218, 0027132180, ||, 3063120.0, 2688720.0, 3235520.0, 3750800.0, 2538480.0, 2582160.0, 2711600.0, 2261360.0, 2751920.0, 2379280.0, 2629760.0, 2688320.0, ||,  18
7239651, 0072396517, ||, 1545120.0, 2781720.0, 178200.0, 1767960.0, 2589120.0, 2916000.0, 3765120.0, 2464920.0, 2309160.0, 3156480.0, 2861760.0, 3168000.0, ||,  18
7800157, 0078001578, ||, 3014882.0, 1761937.0, 2874698.0, 2971586.0, 2843810.0, 2354881.0, 2795234.0, 2265649.0, 1947265.0, 3011714.0, 2778338.0, 2847770.0, ||,  18
13095147, 0130951470, ||, 2237760.0, 2159600.0, 2012880.0, 2291440.0, 2198160.0, 2224240.0, 2238480.0, 2986480.0, 2413440.0, 2315160.0, 2740680.0, 2772960.0, ||,  18
19500099, 0195000999, ||, 2680656.0, 2328876.0, 2317788.0, 2378904.0, 2289276.0, 2484768.0, 2532420.0, 2569644.0, 2382072.0, 1870308.0, 2579544.0, 2671152.0, ||,  18
698198387, 6981983875, ||, 2985760.0, 2650960.0, 2639760.0, 3087920.0, 2622000.0, 2669520.0, 2613760.0, 2769200.0, 1838480.0, 2718720.0, 2858800.0, 2827040.0, ||,  18
7130363, 0071303635, ||, 3209760.0, 2341080.0, 2785800.0, 2147760.0, 2190840.0, 2199240.0, 2130360.0, 2001720.0, 2848800.0, 2180760.0, 2191680.0, 3062760.0, ||,  18
9216203, 0092162033, ||, 23400.0, 2521800.0, 2624160.0, 2793480.0, 4001400.0, 3874680.0, 3454560.0, 4072800.0, 4412280.0, 2208360.0, 2851320.0, 21000.0, ||,  18
600132829, 6001328293, ||, 3498240.0, 1209600.0, 3589920.0, 3717600.0, 3485760.0, 3406320.0, 3381840.0, 3314400.0, 3288480.0, 2971680.0, 3075360.0, 3052320.0, ||,  18
691018075, 6910180753, ||, 2969600.0, 2269800.0, 3474880.0, 3801200.0, 3286000.0, 3260800.0, 3066400.0, 2445800.0, 4336600.0, 3633800.0, 3940400.0, 3837600.0, ||,  18
30156005, 0301560050, ||, 2671840.0, 1679280.0, 3324560.0, 3449680.0, 3593360.0, 4608480.0, 3673360.0, 2431440.0, 4432000.0, 2542320.0, 3924400.0, 2561920.0, ||,  18
745095803, 0745095803, ||, 4115600.0, 3712400.0, 3728400.0, 2305200.0, 2637000.0, 2131400.0, 1885000.0, 2471200.0, 1807800.0, 2031200.0, 1720000.0, 2200000.0, ||,  18
807821106, 8076434662, ||, 3356496.0, 2477970.0, 2868426.0, 2667456.0, 2997918.0, 3291750.0, 2044350.0, 2837736.0, 2557764.0, 2805462.0, 2736360.0, 2875158.0, ||,  18
809040166, 8088364986, ||, 2600000.0, 2350000.0, 920000.0, 3260000.0, 2940000.0, 3060000.0, 3400000.0, 3380000.0, 2960000.0, 2890000.0, 3060000.0, 3830000.0, ||,  18
785005073, 7850050735, ||, 2856000.0, 2739200.0, 1488000.0, 2048000.0, 2368000.0, 1808000.0, 2064000.0, 1968000.0, 2272000.0, 2552000.0, 2600000.0, 2688000.0, ||,  18
807930213, 8077468860, ||, 1700000.0, 4710400.0, 4687520.0, 3957440.0, 0.0, 3778080.0, 4777440.0, 4986400.0, 5395520.0, 4680000.0, 3425440.0, 1228800.0, ||,  18
800205659, 8002014559, ||, 3960000.0, 4224000.0, 3168000.0, 3168000.0, 1848000.0, 3432000.0, 3564000.0, 3564000.0, 3432000.0, 2772000.0, 3036000.0, 3432000.0, ||,  18
802448364, 8024241658, ||, 1626775.0, 2172535.0, 3308683.0, 3614481.0, 3085056.0, 1748128.0, 3533303.0, 1869152.0, 3084988.0, 1606858.0, 2253432.0, 2516431.0, ||,  18
811654145, 8113732971, ||, 5949120.0, 3112800.0, 2664120.0, 2556360.0, 3087120.0, 3307080.0, 3196560.0, 2780160.0, 3094560.0, 2800200.0, 799920.0, 4980600.0, ||,  18
811907922, 8116155788, ||, 1029600.0, 198000.0, 356400.0, 1742400.0, 1346400.0, 1544400.0, 1940400.0, 5781600.0, 5306400.0, 5900400.0, 5385600.0, 3128400.0, ||,  18
--------------------------------------
	簇ID:	 计数
	19:	 119

	样本数据

5800125, 0058001253, ||, 496000.0, 872000.0, 872000.0, 320000.0, 24000.0, 24000.0, 24000.0, 24000.0, 0.0, 0.0, 344000.0, 600000.0, ||,  19
7130286, 0071302863, ||, 1480311.0, 1171907.0, 1466011.0, 0.0, 0.0, 0.0, 0.0, 0.0, 0.0, 1316609.0, 1070706.0, 1459811.0, ||,  19
17248397, 0172483973, ||, 492420.0, 440920.0, 484160.0, 152060.0, 0.0, 0.0, 0.0, 0.0, 0.0, 0.0, 374860.0, 495040.0, ||,  19
23166111, 0231661113, ||, 722736.0, 768423.0, 504748.0, 268457.0, 0.0, 0.0, 0.0, 9840.0, 0.0, 10650.0, 215198.0, 521976.0, ||,  19
25395020, 0253950204, ||, 2094000.0, 1518000.0, 1764000.0, 876000.0, 0.0, 0.0, 0.0, 0.0, 0.0, 96000.0, 370620.0, 1150620.0, ||,  19
25395068, 0253950682, ||, 568000.0, 432000.0, 448000.0, 380000.0, 144000.0, 80000.0, 184000.0, 276000.0, 180000.0, 56000.0, 184000.0, 364000.0, ||,  19
26404475, 0264044752, ||, 456000.0, 120000.0, 1272000.0, 192000.0, 30000.0, 12000.0, 8000.0, 6000.0, 6000.0, 8000.0, 190000.0, 408000.0, ||,  19
26860836, 0268608361, ||, 1350000.0, 0.0, 0.0, 0.0, 0.0, 0.0, 0.0, 0.0, 0.0, 0.0, 0.0, 1051839.0, ||,  19
733091476, 0733091476, ||, 596800.0, 632880.0, 516080.0, 277840.0, 5280.0, 4800.0, 5440.0, 8120.0, 8560.0, 11560.0, 303960.0, 545120.0, ||,  19
758000487, 0758000487, ||, 1480080.0, 849840.0, 960440.0, 0.0, 0.0, 0.0, 0.0, 0.0, 0.0, 0.0, 447440.0, 0.0, ||,  19
661004064, 6610040649, ||, 511200.0, 501840.0, 355040.0, 225280.0, 0.0, 23040.0, 0.0, 112000.0, 39120.0, 25840.0, 270320.0, 427840.0, ||,  19
661025675, 6610256758, ||, 1016730.0, 966120.0, 1021290.0, 518760.0, 1132200.0, 954180.0, 546900.0, 0.0, 0.0, 0.0, 0.0, 0.0, ||,  19
691018066, 6910180665, ||, 992120.0, 1026800.0, 926600.0, 1012320.0, 815320.0, 0.0, 0.0, 0.0, 0.0, 0.0, 0.0, 0.0, ||,  19
714000475, 7140004758, ||, 566680.0, 560880.0, 448680.0, 120080.0, 0.0, 0.0, 0.0, 0.0, 0.0, 280.0, 122520.0, 321720.0, ||,  19
9139740, 0091397401, ||, 628160.0, 529760.0, 316160.0, 92040.0, 39240.0, 176720.0, 245960.0, 299960.0, 177000.0, 40280.0, 156880.0, 354520.0, ||,  19
9139745, 0091397456, ||, 632420.0, 580440.0, 399260.0, 136220.0, 0.0, 0.0, 0.0, 0.0, 0.0, 560.0, 258500.0, 446460.0, ||,  19
25395203, 0253952037, ||, 723000.0, 540000.0, 600000.0, 162000.0, 129000.0, 33000.0, 84000.0, 126000.0, 96000.0, 33000.0, 211620.0, 442530.0, ||,  19
25701384, 0257013844, ||, 900000.0, 663000.0, 540000.0, 108000.0, 0.0, 0.0, 0.0, 0.0, 0.0, 0.0, 75000.0, 213000.0, ||,  19
26365336, 0263653366, ||, 357000.0, 233000.0, 309000.0, 122000.0, 0.0, 0.0, 0.0, 0.0, 0.0, 0.0, 163000.0, 930000.0, ||,  19
27146778, 0271467784, ||, 880000.0, 400000.0, 474000.0, 392000.0, 172000.0, 104000.0, 88000.0, 108000.0, 120000.0, 56000.0, 124000.0, 182000.0, ||,  19
733091508, 0733091508, ||, 400290.0, 427960.0, 375660.0, 208520.0, 1460.0, 1520.0, 1450.0, 1460.0, 2060.0, 13140.0, 268460.0, 384180.0, ||,  19
760000301, 0760000301, ||, 513810.0, 407520.0, 241440.0, 85710.0, 0.0, 0.0, 0.0, 0.0, 0.0, 0.0, 154140.0, 352470.0, ||,  19
511300003, 5113000031, ||, 1028000.0, 936000.0, 644000.0, 308000.0, 44000.0, 0.0, 64000.0, 292000.0, 296000.0, 0.0, 336000.0, 468000.0, ||,  19
697188445, 6971884452, ||, 860000.0, 750400.0, 577600.0, 232080.0, 110320.0, 98720.0, 51680.0, 343200.0, 397600.0, 448000.0, 721600.0, 784800.0, ||,  19
714000479, 7140004790, ||, 1511040.0, 1381440.0, 1090400.0, 360480.0, 0.0, 0.0, 0.0, 0.0, 0.0, 0.0, 360480.0, 910560.0, ||,  19
751002436, 7510024364, ||, 422070.0, 451680.0, 517140.0, 288300.0, 0.0, 0.0, 0.0, 0.0, 51120.0, 5730.0, 28410.0, 327960.0, ||,  19
2770124, 0027701241, ||, 675690.0, 689850.0, 538200.0, 139410.0, 11580.0, 10110.0, 9000.0, 11580.0, 13260.0, 29160.0, 439410.0, 710670.0, ||,  19
7195998, 0071959984, ||, 491553.0, 392852.0, 350911.0, 40650.0, 22800.0, 22470.0, 25590.0, 42900.0, 26460.0, 41610.0, 297481.0, 412532.0, ||,  19
9139744, 0091397443, ||, 609220.0, 549740.0, 333540.0, 121700.0, 0.0, 0.0, 0.0, 0.0, 0.0, 520.0, 264620.0, 476840.0, ||,  19
21071475, 0210714751, ||, 1015260.0, 662100.0, 441720.0, 0.0, 0.0, 0.0, 0.0, 0.0, 0.0, 0.0, 170220.0, 84480.0, ||,  19
23089772, 0230897728, ||, 397880.0, 366640.0, 248120.0, 160860.0, 44960.0, 50200.0, 103840.0, 124900.0, 83060.0, 99820.0, 440440.0, 605520.0, ||,  19
25571585, 0255715852, ||, 819000.0, 660000.0, 540000.0, 132000.0, 51000.0, 0.0, 0.0, 0.0, 0.0, 0.0, 465000.0, 390000.0, ||,  19
26404367, 0264043674, ||, 1272000.0, 2216000.0, 1848000.0, 680000.0, 0.0, 0.0, 0.0, 0.0, 0.0, 0.0, 1024000.0, 424000.0, ||,  19
27195688, 0271956886, ||, 1296000.0, 892000.0, 764000.0, 104000.0, 0.0, 0.0, 0.0, 0.0, 0.0, 0.0, 60000.0, 80000.0, ||,  19
743001961, 0743001961, ||, 1445340.0, 289359.0, 293118.0, 380618.0, 532924.0, 323236.0, 274862.0, 173851.0, 308856.0, 296786.0, 209199.0, 256901.0, ||,  19
695164525, 6951645257, ||, 1765920.0, 1399560.0, 2055240.0, 608880.0, 0.0, 0.0, 0.0, 0.0, 0.0, 43560.0, 68520.0, 127440.0, ||,  19
299403, 0002994039, ||, 522000.0, 450000.0, 384000.0, 180000.0, 0.0, 0.0, 0.0, 0.0, 0.0, 0.0, 6000.0, 480000.0, ||,  19
5321428, 0053214283, ||, 788417.0, 615473.0, 708926.0, 792131.0, 527782.0, 960.0, 0.0, 2581.0, 1200.0, 1000.0, 0.0, 555842.0, ||,  19
11030364, 0110303640, ||, 707580.0, 691650.0, 443820.0, 164490.0, 13050.0, 10710.0, 10290.0, 6660.0, 5040.0, 27000.0, 54000.0, 210000.0, ||,  19
19082717, 0190827177, ||, 442500.0, 0.0, 742500.0, 25500.0, 0.0, 0.0, 0.0, 0.0, 0.0, 16500.0, 345000.0, 498000.0, ||,  19
25701431, 0257014313, ||, 892000.0, 540000.0, 626000.0, 0.0, 0.0, 0.0, 0.0, 19640.0, 200000.0, 26000.0, 16000.0, 502000.0, ||,  19
26404439, 0264044390, ||, 549000.0, 531000.0, 409500.0, 253500.0, 75000.0, 24000.0, 120000.0, 100500.0, 78000.0, 42000.0, 138000.0, 255000.0, ||,  19
26677946, 0266779463, ||, 498000.0, 398000.0, 316000.0, 30780.0, 0.0, 0.0, 0.0, 0.0, 0.0, 0.0, 143220.0, 426000.0, ||,  19
26680569, 0266805698, ||, 642000.0, 738000.0, 384000.0, 92000.0, 0.0, 0.0, 0.0, 0.0, 0.0, 0.0, 260000.0, 578000.0, ||,  19
27146825, 0271468253, ||, 772000.0, 876000.0, 514000.0, 0.0, 0.0, 0.0, 0.0, 0.0, 0.0, 76000.0, 208000.0, 492000.0, ||,  19
29200008, 0292000085, ||, 1236000.0, 1212000.0, 1848000.0, 0.0, 0.0, 0.0, 0.0, 0.0, 504000.0, 0.0, 1152000.0, 876000.0, ||,  19
30155752, 0301557526, ||, 609930.0, 572070.0, 380490.0, 152100.0, 10350.0, 8190.0, 7260.0, 5610.0, 11190.0, 17820.0, 355200.0, 547440.0, ||,  19
511300001, 5113000015, ||, 572000.0, 552000.0, 688000.0, 296000.0, 48000.0, 0.0, 68000.0, 256000.0, 156000.0, 80000.0, 360000.0, 400000.0, ||,  19
600131839, 6001318393, ||, 845040.0, 619920.0, 127100.0, 10120.0, 0.0, 0.0, 0.0, 0.0, 0.0, 0.0, 0.0, 0.0, ||,  19
731008250, 7310082506, ||, 388000.0, 620000.0, 452000.0, 244000.0, 0.0, 0.0, 0.0, 0.0, 0.0, 0.0, 4000.0, 38000.0, ||,  19
755006350, 7550063501, ||, 418000.0, 746000.0, 314000.0, 106000.0, 2000.0, 0.0, 0.0, 0.0, 0.0, 0.0, 374000.0, 508000.0, ||,  19
11047026, 0110470263, ||, 921440.0, 209680.0, 522040.0, 319440.0, 8480.0, 5440.0, 1480.0, 1680.0, 1600.0, 2520.0, 39680.0, 299600.0, ||,  19
17316387, 0173163872, ||, 572780.0, 550300.0, 545960.0, 125960.0, 119000.0, 121480.0, 95940.0, 127240.0, 143200.0, 120020.0, 80540.0, 456660.0, ||,  19
19082723, 0190827236, ||, 654000.0, 0.0, 1041000.0, 43218.0, 8700.0, 9300.0, 9100.0, 7000.0, 6600.0, 13916.0, 408000.0, 609000.0, ||,  19
21048791, 0210487918, ||, 1452160.0, 1280320.0, 1080160.0, 987040.0, 1314240.0, 0.0, 0.0, 0.0, 0.0, 0.0, 0.0, 0.0, ||,  19
25395118, 0253951180, ||, 504000.0, 390000.0, 396000.0, 156000.0, 0.0, 0.0, 0.0, 0.0, 0.0, 57000.0, 216000.0, 198000.0, ||,  19
25572370, 0255723701, ||, 1064000.0, 880000.0, 692000.0, 236000.0, 0.0, 0.0, 220000.0, 372000.0, 208000.0, 108000.0, 224000.0, 632000.0, ||,  19
711000716, 0711000716, ||, 483720.0, 477690.0, 442740.0, 292290.0, 3390.0, 0.0, 0.0, 0.0, 12060.0, 12750.0, 136140.0, 356730.0, ||,  19
745066242, 0745066242, ||, 897262.0, 468175.0, 744040.0, 709054.0, 618620.0, 244180.0, 3421.0, 0.0, 52406.0, 721623.0, 51628.0, 0.0, ||,  19
600131840, 6001318407, ||, 568520.0, 429800.0, 481080.0, 95740.0, 0.0, 0.0, 0.0, 0.0, 0.0, 0.0, 0.0, 0.0, ||,  19
698199615, 6981996152, ||, 625980.0, 461025.0, 613170.0, 551190.0, 326055.0, 0.0, 0.0, 0.0, 314430.0, 358575.0, 311610.0, 395745.0, ||,  19
781024098, 7810240985, ||, 782500.0, 274400.0, 282540.0, 369100.0, 67520.0, 16120.0, 2340.0, 51320.0, 32080.0, 51380.0, 146680.0, 112980.0, ||,  19
784001134, 7840011340, ||, 1256000.0, 1376000.0, 1008000.0, 1208000.0, 416000.0, 0.0, 2048000.0, 0.0, 0.0, 0.0, 0.0, 0.0, ||,  19
800017312, 8000166290, ||, 828795.0, 795465.0, 1254164.0, 666138.0, 481701.0, 436194.0, 514734.0, 240471.0, 250800.0, 428175.0, 633666.0, 694914.0, ||,  19
800058863, 8000562128, ||, 548310.0, 386910.0, 257670.0, 5430.0, 0.0, 0.0, 0.0, 0.0, 0.0, 0.0, 265200.0, 404850.0, ||,  19
800230133, 8002255666, ||, 660000.0, 638000.0, 500000.0, 0.0, 0.0, 0.0, 0.0, 0.0, 0.0, 0.0, 224000.0, 594000.0, ||,  19
802384552, 8023620827, ||, 546000.0, 819000.0, 876000.0, 0.0, 0.0, 0.0, 0.0, 0.0, 0.0, 0.0, 123000.0, 465000.0, ||,  19
803426438, 8033750376, ||, 1300280.0, 1032120.0, 609440.0, 111480.0, 39400.0, 34560.0, 3960.0, 0.0, 0.0, 1800.0, 639640.0, 901440.0, ||,  19
800107249, 8001041770, ||, 850000.0, 730000.0, 650000.0, 610000.0, 650000.0, 630000.0, 670000.0, 0.0, 0.0, 0.0, 40000.0, 70000.0, ||,  19
800483382, 8004727233, ||, 492000.0, 465000.0, 498000.0, 276000.0, 0.0, 4320.0, 4680.0, 9000.0, 9000.0, 12000.0, 69000.0, 309000.0, ||,  19
803427240, 8033758178, ||, 472860.0, 475460.0, 375460.0, 238900.0, 3620.0, 3560.0, 3280.0, 3000.0, 3380.0, 4300.0, 194560.0, 382920.0, ||,  19
803502022, 8034441211, ||, 1134000.0, 774000.0, 930000.0, 138000.0, 246000.0, 60000.0, 138000.0, 90000.0, 108000.0, 120000.0, 426000.0, 684000.0, ||,  19
803726472, 8036550777, ||, 815300.0, 726400.0, 502200.0, 74200.0, 35600.0, 34900.0, 29200.0, 35200.0, 34600.0, 53300.0, 286400.0, 489800.0, ||,  19
804026859, 8039509307, ||, 572000.0, 532000.0, 0.0, 0.0, 0.0, 0.0, 0.0, 0.0, 0.0, 0.0, 958000.0, 536600.0, ||,  19
805131624, 8050319888, ||, 678720.0, 588640.0, 422720.0, 141040.0, 0.0, 0.0, 0.0, 0.0, 0.0, 0.0, 146560.0, 392000.0, ||,  19
806910918, 8067651467, ||, 814005.0, 659700.0, 365895.0, 127845.0, 0.0, 0.0, 0.0, 0.0, 0.0, 0.0, 191850.0, 276900.0, ||,  19
807942449, 8077583961, ||, 1592560.0, 1631760.0, 757040.0, 327040.0, 0.0, 0.0, 0.0, 0.0, 0.0, 0.0, 486160.0, 1111200.0, ||,  19
785001076, 7850010760, ||, 888000.0, 357000.0, 291000.0, 174000.0, 0.0, 0.0, 0.0, 0.0, 0.0, 0.0, 0.0, 300000.0, ||,  19
785004688, 7850046888, ||, 612000.0, 648000.0, 552000.0, 501000.0, 27000.0, 24000.0, 42000.0, 30000.0, 33000.0, 48000.0, 138000.0, 636000.0, ||,  19
785005197, 7850051972, ||, 846000.0, 409500.0, 367500.0, 0.0, 0.0, 0.0, 0.0, 0.0, 0.0, 0.0, 0.0, 24000.0, ||,  19
785131785, 7851317859, ||, 792000.0, 544500.0, 468000.0, 372000.0, 60000.0, 42000.0, 54000.0, 36000.0, 54000.0, 42000.0, 228000.0, 696000.0, ||,  19
800055943, 8000533942, ||, 494000.0, 546000.0, 228000.0, 120000.0, 0.0, 0.0, 0.0, 0.0, 0.0, 0.0, 294000.0, 178000.0, ||,  19
801948187, 8019307660, ||, 1265000.0, 830000.0, 870000.0, 230000.0, 5000.0, 15000.0, 10000.0, 30000.0, 20000.0, 5000.0, 240000.0, 645000.0, ||,  19
803675605, 8036066931, ||, 622000.0, 372000.0, 444000.0, 170000.0, 0.0, 0.0, 0.0, 0.0, 0.0, 0.0, 150000.0, 62000.0, ||,  19
803785208, 8037145480, ||, 990000.0, 816240.0, 800520.0, 936720.0, 748800.0, 765480.0, 369000.0, 92760.0, 63960.0, 66720.0, 115440.0, 233760.0, ||,  19
804365539, 8042828718, ||, 1506100.0, 967400.0, 773500.0, 487400.0, 98150.0, 105350.0, 69900.0, 29700.0, 98350.0, 73450.0, 582450.0, 794000.0, ||,  19
805425124, 8053199476, ||, 1739520.0, 1951760.0, 38160.0, 9040.0, 4720.0, 3040.0, 2800.0, 2320.0, 2880.0, 1760.0, 8320.0, 6320.0, ||,  19
805908728, 8057839172, ||, 1113615.0, 584887.0, 971861.0, 759755.0, 889991.0, 710295.0, 255073.0, 179805.0, 64267.0, 74739.0, 121501.0, 139850.0, ||,  19
807300780, 8071410533, ||, 707980.0, 723300.0, 602020.0, 222600.0, 1520.0, 1540.0, 1480.0, 1600.0, 1640.0, 32820.0, 625400.0, 658820.0, ||,  19
811571284, 8113021644, ||, 567760.0, 597060.0, 422140.0, 197320.0, 0.0, 0.0, 0.0, 0.0, 0.0, 0.0, 57500.0, 295460.0, ||,  19
811876432, 8115843260, ||, 1400000.0, 820000.0, 560000.0, 500000.0, 300000.0, 320000.0, 400000.0, 420000.0, 400000.0, 480000.0, 0.0, 0.0, ||,  19
756004469, 7560044693, ||, 760000.0, 820000.0, 526000.0, 352000.0, 168000.0, 168000.0, 192000.0, 168000.0, 144000.0, 128000.0, 208000.0, 304000.0, ||,  19
800496473, 8004852582, ||, 635000.0, 480000.0, 465000.0, 420000.0, 255000.0, 225000.0, 215000.0, 130000.0, 165000.0, 155000.0, 195000.0, 375000.0, ||,  19
801380154, 8013669535, ||, 624000.0, 380000.0, 412000.0, 346000.0, 174000.0, 318000.0, 382000.0, 162000.0, 0.0, 146000.0, 344000.0, 504000.0, ||,  19
803027087, 8029861435, ||, 555000.0, 405000.0, 288000.0, 231000.0, 141000.0, 105000.0, 126000.0, 162000.0, 156000.0, 111000.0, 234000.0, 297000.0, ||,  19
803820856, 8037485034, ||, 478590.0, 386910.0, 317310.0, 0.0, 0.0, 0.0, 0.0, 0.0, 0.0, 0.0, 481320.0, 343860.0, ||,  19
804162554, 8040863698, ||, 850000.0, 770000.0, 420000.0, 94850.0, 0.0, 0.0, 0.0, 0.0, 0.0, 0.0, 260150.0, 600000.0, ||,  19
806830268, 8066923471, ||, 644100.0, 56100.0, 814200.0, 711600.0, 210600.0, 21000.0, 0.0, 0.0, 0.0, 0.0, 1416000.0, 911700.0, ||,  19
807097414, 8069462207, ||, 664720.0, 673440.0, 557260.0, 188600.0, 1680.0, 1420.0, 1640.0, 1860.0, 1860.0, 0.0, 601440.0, 662000.0, ||,  19
807708561, 8075368285, ||, 763520.0, 798000.0, 1009840.0, 0.0, 0.0, 0.0, 0.0, 0.0, 0.0, 0.0, 1189920.0, 1253120.0, ||,  19
=====================================================================================