
======================================================================================
----------------------------------------------------------------------------
	簇个数:	 20
--------------------------------------
	簇ID:	 计数

	0:	 357
	1:	 1
	2:	 1
	3:	 11
	4:	 1
	5:	 1
	6:	 34
	7:	 273
	8:	 326
	9:	 18
	10:	 2
	11:	 1
	12:	 421
	13:	 1
	14:	 371
	15:	 153
	16:	 68
	17:	 3
	18:	 1
	19:	 79
--------------------------------------
	 簇中心 

0,357,||,0.0,157.2296918767507,2.977591036414566,134.8263305322129,-1.1764705882352942,125.31652661064426,2.350140056022409,119.14005602240897,2.3977591036414565,115.71708683473389,2.0868347338935576,117.59103641456582
1,1,||,0.0,55360.0,43640.0,48320.0,62680.0,72800.0,71520.0,69400.0,58680.0,47960.0,69720.0,114080.0
2,1,||,0.0,31387.0,12705.0,26283.0,27726.0,32305.0,38121.0,33744.0,16192.0,30822.0,18253.0,39131.0
3,11,||,0.0,1975.6363636363637,0.0,1419.1818181818182,0.0,1646.6363636363637,0.0,1119.7272727272727,0.0,1054.7272727272727,0.0,1279.4545454545455
4,1,||,0.0,1276.0,0.0,1000.0,0.0,300.0,0.0,0.0,0.0,0.0,0.0,3511.0
5,1,||,0.0,60.0,2100.0,1200.0,5730.0,10350.0,5220.0,4260.0,8100.0,6840.0,3000.0,1260.0
6,34,||,0.0,965.5588235294117,0.0,906.7058823529412,0.0,922.3823529411765,0.0,795.8823529411765,0.0,850.4117647058823,0.0,803.1764705882352
7,273,||,0.0,386.927797833935,0.0,421.49819494584835,0.0,448.913357400722,0.0,380.3321299638989,0.0,381.2490974729242,0.0,399.69314079422384
8,326,||,0.0,300.328173374613,0.0,326.28482972136226,0.0,308.60990712074306,0.0,267.22910216718265,0.0,258.63157894736844,0.0,265.6842105263158
9,18,||,0.0,1499.5555555555557,37.388888888888886,1122.388888888889,32.22222222222222,598.5,4.944444444444445,328.94444444444446,17.0,245.33333333333334,14.88888888888889,265.94444444444446
10,2,||,0.0,2074.0,1357.5,1044.5,2207.0,1395.5,1459.5,1599.5,1847.0,618.5,1211.5,1904.5
11,1,||,0.0,4009.0,4529.0,2981.0,2522.0,2607.0,2612.0,3774.0,3872.0,2698.0,2241.0,2938.0
12,421,||,0.0,42.66983372921615,15.406175771971496,27.838479809976246,12.280285035629454,27.741092636579573,13.038004750593824,28.413301662707838,17.085510688836106,27.18527315914489,17.643705463182897,29.608076009501186
13,1,||,0.0,3903.0,0.0,2858.0,0.0,1407.0,0.0,1939.0,0.0,1259.0,0.0,1168.0
14,371,||,0.0,193.3935309973046,0.16981132075471697,198.80592991913747,0.3261455525606469,205.51752021563343,0.2371967654986523,204.31266846361186,0.16172506738544473,220.1320754716981,0.5094339622641509,217.23180592991915
15,153,||,0.0,596.6973684210526,0.0,630.0394736842105,0.0,628.1973684210526,0.0,539.1381578947369,0.0,513.546052631579,0.0,497.07236842105266
16,68,||,0.0,607.1029411764706,8.308823529411764,562.2647058823529,6.661764705882353,364.44117647058823,5.088235294117647,211.58823529411765,3.75,182.48529411764707,11.661764705882353,211.5735294117647
17,3,||,0.0,133.0,148.66666666666666,208.33333333333334,233.0,99.66666666666667,383.6666666666667,913.0,372.6666666666667,210.33333333333334,224.0,217.66666666666666
18,1,||,0.0,331.0,0.0,885.0,0.0,999.0,0.0,0.0,0.0,759.0,0.0,2440.0
19,79,||,0.0,126.9873417721519,121.0,121.77215189873418,111.88607594936708,125.0632911392405,109.27848101265823,110.35443037974683,180.1772151898734,99.21518987341773,149.16455696202533,115.18987341772151
----------------------------------------------------------------------------
	 打印每个簇及其样本信息 

----------------------------------------------------------------------------
	 簇及其样本 

--------------------------------------
	簇ID:	 计数
	0:	 357

	样本数据

26507019, 0265070190, ||, 0.0, 139.0, 0.0, 95.0, 0.0, 59.0, 0.0, 100.0, 0.0, 150.0, 0.0, 110.0, ||,  0
26618314, 0266183149, ||, 0.0, 194.0, 0.0, 78.0, 0.0, 84.0, 0.0, 1.0, 0.0, 170.0, 0.0, 113.0, ||,  0
26771690, 0267716906, ||, 0.0, 159.0, 0.0, 126.0, 0.0, 113.0, 0.0, 127.0, 0.0, 133.0, 0.0, 129.0, ||,  0
748124913, 7481249137, ||, 0.0, 300.0, 0.0, 0.0, 0.0, 0.0, 0.0, 0.0, 0.0, 300.0, 0.0, 300.0, ||,  0
748151270, 7481512709, ||, 0.0, 184.0, 0.0, 140.0, 0.0, 248.0, 0.0, 64.0, 0.0, 0.0, 0.0, 0.0, ||,  0
48441, 0000484419, ||, 0.0, 225.0, 475.0, 198.0, -930.0, 211.0, 0.0, 0.0, 0.0, 0.0, 13.0, 35.0, ||,  0
757079576, 7570795767, ||, 0.0, 258.0, 18.0, 36.0, 24.0, 36.0, 54.0, 66.0, 102.0, 48.0, 72.0, 156.0, ||,  0
692007714, 6920077144, ||, 0.0, 444.0, 35.0, 42.0, 37.0, 98.0, 100.0, 107.0, 107.0, 101.0, 73.0, 45.0, ||,  0
812992808, 8126623699, ||, 0.0, 508.0, 0.0, 0.0, 0.0, 0.0, 0.0, 0.0, 0.0, 0.0, 0.0, 0.0, ||,  0
716005139, 7160051398, ||, 0.0, 403.0, 0.0, 0.0, 0.0, 20.0, 23.0, 10.0, 54.0, 130.0, 0.0, 0.0, ||,  0
753098863, 0753098863, ||, 0.0, 370.0, 42.0, 0.0, 0.0, 55.0, 0.0, 0.0, 0.0, 11.0, 10.0, 9.0, ||,  0
11112441, 0111124419, ||, 0.0, 455.0, 0.0, 0.0, 0.0, 0.0, 0.0, 354.0, 0.0, 143.0, 13.0, 100.0, ||,  0
25014140, 0250141401, ||, 0.0, 103.0, 0.0, 102.0, 0.0, 114.0, 0.0, 141.0, 0.0, 144.0, 0.0, 117.0, ||,  0
25250396, 0252503960, ||, 0.0, 111.0, 0.0, 145.0, 0.0, 110.0, 0.0, 143.0, 0.0, 125.0, 0.0, 130.0, ||,  0
25209949, 0252099496, ||, 0.0, 164.0, 0.0, 162.0, 0.0, 153.0, 0.0, 162.0, 0.0, 154.0, 0.0, 145.0, ||,  0
25347578, 0253475785, ||, 0.0, 44.0, 0.0, 140.0, 0.0, 62.0, 0.0, 141.0, 0.0, 59.0, 0.0, 163.0, ||,  0
25306148, 0253061487, ||, 0.0, 165.0, 0.0, 149.0, 0.0, 106.0, 0.0, 153.0, 0.0, 87.0, 0.0, 188.0, ||,  0
25069363, 0250693638, ||, 0.0, 145.0, 0.0, 178.0, 0.0, 106.0, 0.0, 149.0, 0.0, 80.0, 0.0, 153.0, ||,  0
25228430, 0252284308, ||, 0.0, 153.0, 0.0, 155.0, 0.0, 139.0, 0.0, 164.0, 0.0, 102.0, 0.0, 85.0, ||,  0
25349623, 0253496230, ||, 0.0, 111.0, 0.0, 146.0, 0.0, 218.0, 0.0, 173.0, 0.0, 174.0, 0.0, 124.0, ||,  0
25312674, 0253126742, ||, 0.0, 136.0, 0.0, 98.0, 0.0, 140.0, 0.0, 307.0, 0.0, 169.0, 0.0, 87.0, ||,  0
25242098, 0252420986, ||, 0.0, 168.0, 0.0, 217.0, 0.0, 139.0, 0.0, 132.0, 0.0, 128.0, 0.0, 115.0, ||,  0
25295804, 0252958047, ||, 0.0, 109.0, 0.0, 182.0, 0.0, 148.0, 0.0, 205.0, 0.0, 166.0, 0.0, 111.0, ||,  0
25309594, 0253095945, ||, 0.0, 95.0, 0.0, 99.0, 0.0, 100.0, 0.0, 129.0, 0.0, 116.0, 0.0, 109.0, ||,  0
25202362, 0252023622, ||, 0.0, 201.0, 0.0, 147.0, 0.0, 141.0, 0.0, 116.0, 0.0, 108.0, 0.0, 133.0, ||,  0
25351290, 0253512901, ||, 0.0, 186.0, 0.0, 229.0, 0.0, 188.0, 0.0, 149.0, 0.0, 147.0, 0.0, 61.0, ||,  0
25289363, 0252893636, ||, 0.0, 131.0, 0.0, 138.0, 0.0, 133.0, 0.0, 145.0, 0.0, 139.0, 0.0, 168.0, ||,  0
25112680, 0251126809, ||, 0.0, 149.0, 0.0, 229.0, 0.0, 145.0, 0.0, 154.0, 0.0, 133.0, 0.0, 80.0, ||,  0
25208377, 0252083774, ||, 0.0, 200.0, 0.0, 172.0, 0.0, 28.0, 0.0, 182.0, 0.0, 99.0, 0.0, 114.0, ||,  0
25339284, 0253392844, ||, 0.0, 54.0, 0.0, 48.0, 0.0, 121.0, 0.0, 122.0, 0.0, 95.0, 0.0, 122.0, ||,  0
25277026, 0252770267, ||, 0.0, 60.0, 0.0, 148.0, 0.0, 169.0, 0.0, 142.0, 0.0, 128.0, 0.0, 196.0, ||,  0
25021839, 0250218398, ||, 0.0, 11.0, 0.0, 314.0, 0.0, 262.0, 0.0, 110.0, 0.0, 90.0, 0.0, 11.0, ||,  0
25178761, 0251787617, ||, 0.0, 167.0, 0.0, 145.0, 0.0, 162.0, 0.0, 129.0, 0.0, 104.0, 0.0, 191.0, ||,  0
25361345, 0253613457, ||, 0.0, 137.0, 0.0, 197.0, 0.0, 103.0, 0.0, 117.0, 0.0, 192.0, 0.0, 182.0, ||,  0
25056727, 0250567272, ||, 0.0, 93.0, 0.0, 92.0, 0.0, 86.0, 0.0, 104.0, 0.0, 96.0, 0.0, 91.0, ||,  0
25305252, 0253052522, ||, 0.0, 158.0, 0.0, 195.0, 0.0, 167.0, 0.0, 158.0, 0.0, 143.0, 0.0, 146.0, ||,  0
25471750, 0254717509, ||, 0.0, 150.0, 0.0, 80.0, 0.0, 142.0, 0.0, 106.0, 0.0, 105.0, 0.0, 104.0, ||,  0
25499595, 0254995956, ||, 0.0, 152.0, 0.0, 106.0, 0.0, 114.0, 0.0, 85.0, 0.0, 0.0, 0.0, 159.0, ||,  0
25541296, 0255412968, ||, 0.0, 219.0, 0.0, 236.0, 0.0, 144.0, 0.0, 138.0, 0.0, 120.0, 0.0, 112.0, ||,  0
25534062, 0255340627, ||, 0.0, 384.0, 0.0, 78.0, 0.0, 125.0, 0.0, 0.0, 0.0, 164.0, 0.0, 167.0, ||,  0
25582176, 0255821766, ||, 0.0, 155.0, 0.0, 56.0, 0.0, 70.0, 0.0, 45.0, 0.0, 105.0, 0.0, 95.0, ||,  0
25607195, 0256071957, ||, 0.0, 109.0, 0.0, 151.0, 0.0, 115.0, 0.0, 121.0, 0.0, 109.0, 0.0, 95.0, ||,  0
25621263, 0256212631, ||, 0.0, 150.0, 0.0, 142.0, 0.0, 153.0, 0.0, 162.0, 0.0, 18.0, 0.0, 0.0, ||,  0
25617673, 0256176737, ||, 0.0, 153.0, 0.0, 92.0, 0.0, 66.0, 0.0, 62.0, 0.0, 105.0, 0.0, 106.0, ||,  0
25610022, 0256100224, ||, 0.0, 79.0, 0.0, 92.0, 0.0, 144.0, 0.0, 109.0, 0.0, 92.0, 0.0, 80.0, ||,  0
25597288, 0255972884, ||, 0.0, 115.0, 0.0, 328.0, 0.0, 223.0, 0.0, 19.0, 0.0, 116.0, 0.0, 82.0, ||,  0
25629977, 0256299773, ||, 0.0, 150.0, 0.0, 50.0, 0.0, 175.0, 0.0, 103.0, 0.0, 112.0, 0.0, 108.0, ||,  0
25648266, 0256482663, ||, 0.0, 107.0, 0.0, 262.0, 0.0, 337.0, 0.0, 99.0, 0.0, 74.0, 0.0, 93.0, ||,  0
25666309, 0256663093, ||, 0.0, 121.0, 0.0, 117.0, 0.0, 118.0, 0.0, 125.0, 0.0, 115.0, 0.0, 99.0, ||,  0
25636891, 0256368914, ||, 0.0, 51.0, 0.0, 153.0, 0.0, 96.0, 0.0, 109.0, 0.0, 96.0, 0.0, 75.0, ||,  0
25685334, 0256853346, ||, 0.0, 181.0, 0.0, 124.0, 0.0, 111.0, 0.0, 142.0, 0.0, 151.0, 0.0, 220.0, ||,  0
25674144, 0256741447, ||, 0.0, 77.0, 0.0, 87.0, 0.0, 124.0, 0.0, 148.0, 0.0, 147.0, 0.0, 109.0, ||,  0
28802376, 0288023760, ||, 0.0, 75.0, 0.0, 225.0, 0.0, 130.0, 0.0, 135.0, 0.0, 180.0, 0.0, 164.0, ||,  0
25693567, 0256935675, ||, 0.0, 261.0, 0.0, 169.0, 0.0, 200.0, 0.0, 107.0, 0.0, 41.0, 0.0, 8.0, ||,  0
25693615, 0256936157, ||, 0.0, 164.0, 0.0, 23.0, 0.0, 16.0, 0.0, 204.0, 0.0, 122.0, 0.0, 74.0, ||,  0
25727676, 0257276760, ||, 0.0, 133.0, 0.0, 204.0, 0.0, 161.0, 0.0, 164.0, 0.0, 71.0, 0.0, 231.0, ||,  0
25758455, 0257584559, ||, 0.0, 93.0, 0.0, 112.0, 0.0, 92.0, 0.0, 82.0, 0.0, 87.0, 0.0, 113.0, ||,  0
25751360, 0257513605, ||, 0.0, 249.0, 0.0, 84.0, 0.0, 74.0, 0.0, 0.0, 0.0, 0.0, 0.0, 392.0, ||,  0
25756508, 0257565084, ||, 0.0, 257.0, 0.0, 191.0, 0.0, 110.0, 0.0, 111.0, 0.0, 19.0, 0.0, 185.0, ||,  0
25725583, 0257255837, ||, 0.0, 164.0, 0.0, 163.0, 0.0, 119.0, 0.0, 98.0, 0.0, 0.0, 0.0, 0.0, ||,  0
25750553, 0257505538, ||, 0.0, 251.0, 0.0, 225.0, 0.0, 141.0, 0.0, 127.0, 0.0, 119.0, 0.0, 121.0, ||,  0
25765597, 0257655972, ||, 0.0, 304.0, 0.0, 130.0, 0.0, 176.0, 0.0, 213.0, 0.0, 177.0, 0.0, 37.0, ||,  0
25762457, 0257624572, ||, 0.0, 232.0, 0.0, 177.0, 0.0, 200.0, 0.0, 0.0, 0.0, 232.0, 0.0, 68.0, ||,  0
25773603, 0257736035, ||, 0.0, 107.0, 0.0, 102.0, 0.0, 0.0, 0.0, 205.0, 0.0, 89.0, 0.0, 95.0, ||,  0
25761985, 0257619853, ||, 0.0, 83.0, 0.0, 124.0, 0.0, 125.0, 0.0, 122.0, 0.0, 119.0, 0.0, 132.0, ||,  0
25773046, 0257730460, ||, 0.0, 159.0, 0.0, 0.0, 0.0, 330.0, 0.0, 0.0, 0.0, 203.0, 0.0, 8.0, ||,  0
25797776, 0257977764, ||, 0.0, 97.0, 0.0, 234.0, 0.0, 162.0, 0.0, 151.0, 0.0, 130.0, 0.0, 185.0, ||,  0
25800032, 0258000324, ||, 0.0, 9.0, 0.0, 112.0, 0.0, 224.0, 0.0, 143.0, 0.0, 55.0, 0.0, 41.0, ||,  0
25800667, 0258006670, ||, 0.0, 192.0, 0.0, 219.0, 0.0, 79.0, 0.0, 170.0, 0.0, 131.0, 0.0, 168.0, ||,  0
25835922, 0258359224, ||, 0.0, 77.0, 0.0, 131.0, 0.0, 69.0, 0.0, 185.0, 0.0, 115.0, 0.0, 236.0, ||,  0
25861248, 0258612488, ||, 0.0, 116.0, 0.0, 144.0, 0.0, 118.0, 0.0, 119.0, 0.0, 106.0, 0.0, 177.0, ||,  0
25896140, 0258961405, ||, 0.0, 126.0, 0.0, 178.0, 0.0, 151.0, 0.0, 98.0, 0.0, 105.0, 0.0, 135.0, ||,  0
25933871, 0259338712, ||, 0.0, 149.0, 0.0, 150.0, 0.0, 121.0, 0.0, 63.0, 0.0, 0.0, 0.0, 317.0, ||,  0
25959432, 0259594321, ||, 0.0, 57.0, 0.0, 85.0, 0.0, 174.0, 0.0, 193.0, 0.0, 178.0, 0.0, 209.0, ||,  0
25961962, 0259619624, ||, 0.0, 120.0, 0.0, 151.0, 0.0, 114.0, 0.0, 137.0, 0.0, 147.0, 0.0, 162.0, ||,  0
25956593, 0259565930, ||, 0.0, 128.0, 0.0, 143.0, 0.0, 121.0, 0.0, 87.0, 0.0, 86.0, 0.0, 85.0, ||,  0
25964721, 0259647214, ||, 0.0, 124.0, 0.0, 151.0, 0.0, 128.0, 0.0, 143.0, 0.0, 133.0, 0.0, 148.0, ||,  0
25377230, 0253772307, ||, 0.0, 118.0, 0.0, 104.0, 0.0, 162.0, 0.0, 122.0, 0.0, 118.0, 0.0, 105.0, ||,  0
25247103, 0252471030, ||, 0.0, 57.0, 0.0, 150.0, 0.0, 96.0, 0.0, 134.0, 0.0, 104.0, 0.0, 105.0, ||,  0
25274427, 0252744279, ||, 0.0, 232.0, 0.0, 201.0, 0.0, 0.0, 0.0, 82.0, 0.0, 48.0, 0.0, 2.0, ||,  0
25225313, 0252253139, ||, 0.0, 154.0, 0.0, 96.0, 0.0, 95.0, 0.0, 89.0, 0.0, 144.0, 0.0, 102.0, ||,  0
25274273, 0252742736, ||, 0.0, 117.0, 0.0, 145.0, 0.0, 99.0, 0.0, 120.0, 0.0, 117.0, 0.0, 162.0, ||,  0
25980404, 0259804044, ||, 0.0, 28.0, 0.0, 198.0, 0.0, 101.0, 0.0, 117.0, 0.0, 156.0, 0.0, 0.0, ||,  0
25983063, 0259830638, ||, 0.0, 145.0, 0.0, 158.0, 0.0, 130.0, 0.0, 96.0, 0.0, 59.0, 0.0, 200.0, ||,  0
26001515, 0260015152, ||, 0.0, 117.0, 0.0, 216.0, 0.0, 178.0, 0.0, 110.0, 0.0, 121.0, 0.0, 171.0, ||,  0
26025248, 0260252485, ||, 0.0, 180.0, 0.0, 119.0, 0.0, 92.0, 0.0, 50.0, 0.0, 22.0, 0.0, 38.0, ||,  0
26046825, 0260468259, ||, 0.0, 266.0, 0.0, 132.0, 0.0, 194.0, 0.0, 123.0, 0.0, 81.0, 0.0, 252.0, ||,  0
26054007, 0260540070, ||, 0.0, 102.0, 0.0, 118.0, 0.0, 83.0, 0.0, 201.0, 0.0, 119.0, 0.0, 113.0, ||,  0
26073048, 0260730482, ||, 0.0, 59.0, 0.0, 147.0, 0.0, 198.0, 0.0, 227.0, 0.0, 131.0, 0.0, 141.0, ||,  0
26075536, 0260755362, ||, 0.0, 206.0, 0.0, 149.0, 0.0, 145.0, 0.0, 179.0, 0.0, 143.0, 0.0, 76.0, ||,  0
26076135, 0260761358, ||, 0.0, 155.0, 0.0, 202.0, 0.0, 163.0, 0.0, 235.0, 0.0, 164.0, 0.0, 0.0, ||,  0
26072397, 0260723972, ||, 0.0, 223.0, 0.0, 190.0, 0.0, 197.0, 0.0, 112.0, 0.0, 111.0, 0.0, 171.0, ||,  0
26072964, 0260729648, ||, 0.0, 627.0, 0.0, 210.0, 0.0, 50.0, 0.0, 59.0, 0.0, 52.0, 0.0, 49.0, ||,  0
26072541, 0260725415, ||, 0.0, 192.0, 0.0, 117.0, 0.0, 169.0, 0.0, 134.0, 0.0, 134.0, 0.0, 130.0, ||,  0
26079746, 0260797463, ||, 0.0, 127.0, 0.0, 30.0, 0.0, 239.0, 0.0, 61.0, 0.0, 62.0, 0.0, 183.0, ||,  0
26095935, 0260959357, ||, 0.0, 1.0, 0.0, 60.0, 0.0, 196.0, 0.0, 4.0, 0.0, 178.0, 0.0, 125.0, ||,  0
26136031, 0261360312, ||, 0.0, 181.0, 0.0, 23.0, 0.0, 68.0, 0.0, 70.0, 0.0, 65.0, 0.0, 99.0, ||,  0
26153481, 0261534812, ||, 0.0, 30.0, 0.0, 485.0, 0.0, 196.0, 0.0, 171.0, 0.0, 127.0, 0.0, 0.0, ||,  0
26142740, 0261427400, ||, 0.0, 93.0, 0.0, 156.0, 0.0, 70.0, 0.0, 131.0, 0.0, 98.0, 0.0, 91.0, ||,  0
26150250, 0261502507, ||, 0.0, 137.0, 0.0, 173.0, 0.0, 148.0, 0.0, 141.0, 0.0, 135.0, 0.0, 162.0, ||,  0
--------------------------------------
	簇ID:	 计数
	1:	 1

	样本数据

2396330, 0023963304, ||, 0.0, 55360.0, 43640.0, 48320.0, 62680.0, 72800.0, 71520.0, 69400.0, 58680.0, 47960.0, 69720.0, 114080.0, ||,  1
--------------------------------------
	簇ID:	 计数
	2:	 1

	样本数据

30157273, 0301572738, ||, 0.0, 31387.0, 12705.0, 26283.0, 27726.0, 32305.0, 38121.0, 33744.0, 16192.0, 30822.0, 18253.0, 39131.0, ||,  2
--------------------------------------
	簇ID:	 计数
	3:	 11

	样本数据

803067455, 8030260308, ||, 0.0, 1614.0, 0.0, 1696.0, 0.0, 906.0, 0.0, 1188.0, 0.0, 1110.0, 0.0, 1296.0, ||,  3
804632093, 8045462513, ||, 0.0, 1595.0, 0.0, 1222.0, 0.0, 1614.0, 0.0, 1964.0, 0.0, 1588.0, 0.0, 1695.0, ||,  3
31162608, 0311626089, ||, 0.0, 1513.0, 0.0, 1304.0, 0.0, 1479.0, 0.0, 1355.0, 0.0, 1437.0, 0.0, 1477.0, ||,  3
26317032, 0263170322, ||, 0.0, 2284.0, 0.0, 1344.0, 0.0, 1205.0, 0.0, 801.0, 0.0, 804.0, 0.0, 770.0, ||,  3
27195578, 0271955782, ||, 0.0, 1833.0, 0.0, 1120.0, 0.0, 2807.0, 0.0, 1255.0, 0.0, 885.0, 0.0, 1677.0, ||,  3
30955980, 0309559807, ||, 0.0, 3039.0, 0.0, 497.0, 0.0, 1313.0, 0.0, 1259.0, 0.0, 1175.0, 0.0, 1152.0, ||,  3
30119748, 0301197485, ||, 0.0, 2767.0, 0.0, 2015.0, 0.0, 1864.0, 0.0, 754.0, 0.0, 875.0, 0.0, 928.0, ||,  3
30054270, 0300542705, ||, 0.0, 2173.0, 0.0, 2181.0, 0.0, 1669.0, 0.0, 798.0, 0.0, 938.0, 0.0, 1097.0, ||,  3
30601710, 0306017102, ||, 0.0, 1911.0, 0.0, 1121.0, 0.0, 2250.0, 0.0, 596.0, 0.0, 419.0, 0.0, 1324.0, ||,  3
30603255, 0306032558, ||, 0.0, 1605.0, 0.0, 1630.0, 0.0, 1528.0, 0.0, 1044.0, 0.0, 1134.0, 0.0, 1455.0, ||,  3
30614175, 0306141751, ||, 0.0, 1398.0, 0.0, 1481.0, 0.0, 1478.0, 0.0, 1303.0, 0.0, 1237.0, 0.0, 1203.0, ||,  3
--------------------------------------
	簇ID:	 计数
	4:	 1

	样本数据

26739637, 0267396377, ||, 0.0, 1276.0, 0.0, 1000.0, 0.0, 300.0, 0.0, 0.0, 0.0, 0.0, 0.0, 3511.0, ||,  4
--------------------------------------
	簇ID:	 计数
	5:	 1

	样本数据

2346397, 0023463976, ||, 0.0, 60.0, 2100.0, 1200.0, 5730.0, 10350.0, 5220.0, 4260.0, 8100.0, 6840.0, 3000.0, 1260.0, ||,  5
--------------------------------------
	簇ID:	 计数
	6:	 34

	样本数据

25481969, 0254819696, ||, 0.0, 816.0, 0.0, 903.0, 0.0, 798.0, 0.0, 822.0, 0.0, 710.0, 0.0, 650.0, ||,  6
25498748, 0254987485, ||, 0.0, 536.0, 0.0, 670.0, 0.0, 1152.0, 0.0, 2125.0, 0.0, 2030.0, 0.0, 1502.0, ||,  6
25376184, 0253761840, ||, 0.0, 646.0, 0.0, 648.0, 0.0, 825.0, 0.0, 1046.0, 0.0, 890.0, 0.0, 749.0, ||,  6
25055234, 0250552348, ||, 0.0, 914.0, 0.0, 940.0, 0.0, 1052.0, 0.0, 766.0, 0.0, 799.0, 0.0, 1084.0, ||,  6
25374921, 0253749217, ||, 0.0, 1090.0, 0.0, 930.0, 0.0, 613.0, 0.0, 501.0, 0.0, 646.0, 0.0, 581.0, ||,  6
25456214, 0254562141, ||, 0.0, 868.0, 0.0, 884.0, 0.0, 747.0, 0.0, 642.0, 0.0, 636.0, 0.0, 769.0, ||,  6
25494948, 0254949487, ||, 0.0, 1059.0, 0.0, 691.0, 0.0, 657.0, 0.0, 860.0, 0.0, 783.0, 0.0, 723.0, ||,  6
25560832, 0255608323, ||, 0.0, 859.0, 0.0, 1013.0, 0.0, 902.0, 0.0, 840.0, 0.0, 808.0, 0.0, 822.0, ||,  6
25662985, 0256629853, ||, 0.0, 1109.0, 0.0, 1397.0, 0.0, 1024.0, 0.0, 564.0, 0.0, 509.0, 0.0, 621.0, ||,  6
811586484, 8113172296, ||, 0.0, 1106.0, 0.0, 1451.0, 0.0, 1487.0, 0.0, 1393.0, 0.0, 589.0, 0.0, 529.0, ||,  6
25970237, 0259702377, ||, 0.0, 1159.0, 0.0, 995.0, 0.0, 786.0, 0.0, 540.0, 0.0, 451.0, 0.0, 626.0, ||,  6
25111898, 0251118989, ||, 0.0, 1297.0, 0.0, 1446.0, 0.0, 876.0, 0.0, 1146.0, 0.0, 865.0, 0.0, 977.0, ||,  6
25135594, 0251355948, ||, 0.0, 880.0, 0.0, 891.0, 0.0, 740.0, 0.0, 706.0, 0.0, 751.0, 0.0, 747.0, ||,  6
25221407, 0252214079, ||, 0.0, 1018.0, 0.0, 1099.0, 0.0, 923.0, 0.0, 848.0, 0.0, 1157.0, 0.0, 629.0, ||,  6
26210691, 0262106915, ||, 0.0, 836.0, 0.0, 1001.0, 0.0, 1242.0, 0.0, 549.0, 0.0, 459.0, 0.0, 861.0, ||,  6
26219423, 0262194237, ||, 0.0, 1123.0, 0.0, 1170.0, 0.0, 1074.0, 0.0, 831.0, 0.0, 1028.0, 0.0, 929.0, ||,  6
26775918, 0267759185, ||, 0.0, 1160.0, 0.0, 1063.0, 0.0, 1165.0, 0.0, 868.0, 0.0, 746.0, 0.0, 931.0, ||,  6
807853616, 8076752654, ||, 0.0, 676.0, 0.0, 695.0, 0.0, 838.0, 0.0, 867.0, 0.0, 837.0, 0.0, 668.0, ||,  6
807852782, 8076744327, ||, 0.0, 728.0, 0.0, 754.0, 0.0, 956.0, 0.0, 660.0, 0.0, 731.0, 0.0, 983.0, ||,  6
30826451, 0308264513, ||, 0.0, 1246.0, 0.0, 1005.0, 0.0, 972.0, 0.0, 710.0, 0.0, 611.0, 0.0, 738.0, ||,  6
30892290, 0308922905, ||, 0.0, 1287.0, 0.0, 820.0, 0.0, 970.0, 0.0, 650.0, 0.0, 700.0, 0.0, 882.0, ||,  6
30890032, 0308900327, ||, 0.0, 1123.0, 0.0, 772.0, 0.0, 877.0, 0.0, 753.0, 0.0, 1043.0, 0.0, 945.0, ||,  6
30893951, 0308939516, ||, 0.0, 890.0, 0.0, 880.0, 0.0, 640.0, 0.0, 520.0, 0.0, 790.0, 0.0, 640.0, ||,  6
31136528, 0311365283, ||, 0.0, 780.0, 0.0, 734.0, 0.0, 734.0, 0.0, 740.0, 0.0, 1050.0, 0.0, 600.0, ||,  6
31252572, 0312525723, ||, 0.0, 855.0, 0.0, 1028.0, 0.0, 1018.0, 0.0, 860.0, 0.0, 924.0, 0.0, 911.0, ||,  6
807431553, 8072669213, ||, 0.0, 705.0, 0.0, 854.0, 0.0, 1000.0, 0.0, 888.0, 0.0, 1184.0, 0.0, 764.0, ||,  6
31675277, 0316752772, ||, 0.0, 601.0, 0.0, 654.0, 0.0, 717.0, 0.0, 648.0, 0.0, 1007.0, 0.0, 737.0, ||,  6
30176866, 0301768669, ||, 0.0, 985.0, 0.0, 849.0, 0.0, 944.0, 0.0, 624.0, 0.0, 503.0, 0.0, 546.0, ||,  6
30386487, 0303864877, ||, 0.0, 1012.0, 0.0, 965.0, 0.0, 995.0, 0.0, 1125.0, 0.0, 1085.0, 0.0, 928.0, ||,  6
808781811, 8085810965, ||, 0.0, 1047.0, 0.0, 656.0, 0.0, 1092.0, 0.0, 890.0, 0.0, 368.0, 0.0, 1265.0, ||,  6
30546153, 0305461533, ||, 0.0, 1248.0, 0.0, 827.0, 0.0, 0.0, 0.0, 0.0, 0.0, 2180.0, 0.0, 804.0, ||,  6
30598032, 0305980322, ||, 0.0, 890.0, 0.0, 1112.0, 0.0, 800.0, 0.0, 720.0, 0.0, 688.0, 0.0, 696.0, ||,  6
30616947, 0306169470, ||, 0.0, 953.0, 0.0, 1031.0, 0.0, 1061.0, 0.0, 724.0, 0.0, 638.0, 0.0, 694.0, ||,  6
30613092, 0306130920, ||, 0.0, 1327.0, 0.0, 0.0, 0.0, 1684.0, 0.0, 634.0, 0.0, 718.0, 0.0, 777.0, ||,  6
--------------------------------------
	簇ID:	 计数
	7:	 273

	样本数据

25061165, 0250611650, ||, 0.0, 410.0, 0.0, 407.0, 0.0, 515.0, 0.0, 315.0, 0.0, 234.0, 0.0, 341.0, ||,  7
25502125, 0255021254, ||, 0.0, 555.0, 0.0, 325.0, 0.0, 271.0, 0.0, 478.0, 0.0, 431.0, 0.0, 452.0, ||,  7
25074707, 0250747074, ||, 0.0, 489.0, 0.0, 405.0, 0.0, 609.0, 0.0, 462.0, 0.0, 297.0, 0.0, 50.0, ||,  7
25361432, 0253614320, ||, 0.0, 413.0, 0.0, 410.0, 0.0, 301.0, 0.0, 471.0, 0.0, 468.0, 0.0, 483.0, ||,  7
25017001, 0250170010, ||, 0.0, 105.0, 0.0, 425.0, 0.0, 916.0, 0.0, 446.0, 0.0, 430.0, 0.0, 629.0, ||,  7
25008226, 0250082261, ||, 0.0, 416.0, 0.0, 565.0, 0.0, 487.0, 0.0, 398.0, 0.0, 274.0, 0.0, 437.0, ||,  7
25255664, 0252556645, ||, 0.0, 235.0, 0.0, 274.0, 0.0, 323.0, 0.0, 688.0, 0.0, 447.0, 0.0, 313.0, ||,  7
25160989, 0251609898, ||, 0.0, 457.0, 0.0, 431.0, 0.0, 406.0, 0.0, 377.0, 0.0, 391.0, 0.0, 401.0, ||,  7
25209937, 0252099379, ||, 0.0, 520.0, 0.0, 534.0, 0.0, 482.0, 0.0, 392.0, 0.0, 368.0, 0.0, 442.0, ||,  7
25098844, 0250988442, ||, 0.0, 427.0, 0.0, 445.0, 0.0, 362.0, 0.0, 281.0, 0.0, 273.0, 0.0, 382.0, ||,  7
25393486, 0253934868, ||, 0.0, 285.0, 0.0, 342.0, 0.0, 393.0, 0.0, 336.0, 0.0, 322.0, 0.0, 375.0, ||,  7
25049482, 0250494824, ||, 0.0, 364.0, 0.0, 454.0, 0.0, 398.0, 0.0, 618.0, 0.0, 346.0, 0.0, 349.0, ||,  7
25196678, 0251966780, ||, 0.0, 325.0, 0.0, 485.0, 0.0, 566.0, 0.0, 541.0, 0.0, 429.0, 0.0, 648.0, ||,  7
25192943, 0251929437, ||, 0.0, 466.0, 0.0, 551.0, 0.0, 527.0, 0.0, 363.0, 0.0, 362.0, 0.0, 470.0, ||,  7
25193102, 0251931027, ||, 0.0, 295.0, 0.0, 184.0, 0.0, 365.0, 0.0, 495.0, 0.0, 486.0, 0.0, 847.0, ||,  7
25298160, 0252981603, ||, 0.0, 468.0, 0.0, 439.0, 0.0, 360.0, 0.0, 351.0, 0.0, 276.0, 0.0, 293.0, ||,  7
25373351, 0253733511, ||, 0.0, 356.0, 0.0, 430.0, 0.0, 435.0, 0.0, 374.0, 0.0, 331.0, 0.0, 402.0, ||,  7
25205332, 0252053322, ||, 0.0, 407.0, 0.0, 489.0, 0.0, 665.0, 0.0, 352.0, 0.0, 319.0, 0.0, 478.0, ||,  7
25336485, 0253364850, ||, 0.0, 510.0, 0.0, 354.0, 0.0, 420.0, 0.0, 409.0, 0.0, 302.0, 0.0, 293.0, ||,  7
25140681, 0251406819, ||, 0.0, 411.0, 0.0, 359.0, 0.0, 413.0, 0.0, 368.0, 0.0, 373.0, 0.0, 260.0, ||,  7
25220785, 0252207859, ||, 0.0, 485.0, 0.0, 365.0, 0.0, 376.0, 0.0, 489.0, 0.0, 413.0, 0.0, 342.0, ||,  7
25078072, 0250780729, ||, 0.0, 427.0, 0.0, 402.0, 0.0, 438.0, 0.0, 286.0, 0.0, 252.0, 0.0, 328.0, ||,  7
25117982, 0251179829, ||, 0.0, 414.0, 0.0, 472.0, 0.0, 478.0, 0.0, 600.0, 0.0, 546.0, 0.0, 388.0, ||,  7
25037994, 0250379941, ||, 0.0, 531.0, 0.0, 523.0, 0.0, 575.0, 0.0, 474.0, 0.0, 422.0, 0.0, 218.0, ||,  7
25085855, 0250858550, ||, 0.0, 395.0, 0.0, 412.0, 0.0, 578.0, 0.0, 188.0, 0.0, 264.0, 0.0, 570.0, ||,  7
25083348, 0250833481, ||, 0.0, 618.0, 0.0, 217.0, 0.0, 0.0, 0.0, 3.0, 0.0, 553.0, 0.0, 1020.0, ||,  7
25363321, 0253633215, ||, 0.0, 474.0, 0.0, 476.0, 0.0, 358.0, 0.0, 329.0, 0.0, 288.0, 0.0, 354.0, ||,  7
25152598, 0251525983, ||, 0.0, 439.0, 0.0, 460.0, 0.0, 371.0, 0.0, 355.0, 0.0, 265.0, 0.0, 467.0, ||,  7
25183556, 0251835563, ||, 0.0, 104.0, 0.0, 527.0, 0.0, 475.0, 0.0, 352.0, 0.0, 301.0, 0.0, 278.0, ||,  7
25184170, 0251841706, ||, 0.0, 587.0, 0.0, 481.0, 0.0, 434.0, 0.0, 332.0, 0.0, 318.0, 0.0, 497.0, ||,  7
25443427, 0254434271, ||, 0.0, 402.0, 0.0, 402.0, 0.0, 218.0, 0.0, 472.0, 0.0, 329.0, 0.0, 340.0, ||,  7
25468735, 0254687356, ||, 0.0, 298.0, 0.0, 310.0, 0.0, 476.0, 0.0, 497.0, 0.0, 448.0, 0.0, 406.0, ||,  7
25567262, 0255672625, ||, 0.0, 306.0, 0.0, 348.0, 0.0, 480.0, 0.0, 394.0, 0.0, 344.0, 0.0, 318.0, ||,  7
25562445, 0255624453, ||, 0.0, 312.0, 0.0, 369.0, 0.0, 339.0, 0.0, 385.0, 0.0, 405.0, 0.0, 413.0, ||,  7
25560131, 0255601319, ||, 0.0, 334.0, 0.0, 0.0, 0.0, 733.0, 0.0, 299.0, 0.0, 138.0, 0.0, 500.0, ||,  7
25578085, 0255780854, ||, 0.0, 429.0, 0.0, 501.0, 0.0, 301.0, 0.0, 336.0, 0.0, 279.0, 0.0, 472.0, ||,  7
25548720, 0255487205, ||, 0.0, 354.0, 0.0, 435.0, 0.0, 334.0, 0.0, 439.0, 0.0, 410.0, 0.0, 424.0, ||,  7
809831521, 8096135343, ||, 0.0, 24.0, 0.0, 645.0, 0.0, 736.0, 0.0, 440.0, 0.0, 227.0, 0.0, 410.0, ||,  7
25614546, 0256145467, ||, 0.0, 361.0, 0.0, 432.0, 0.0, 330.0, 0.0, 490.0, 0.0, 317.0, 0.0, 432.0, ||,  7
25610438, 0256104385, ||, 0.0, 411.0, 0.0, 488.0, 0.0, 510.0, 0.0, 399.0, 0.0, 396.0, 0.0, 489.0, ||,  7
25613700, 0256137000, ||, 0.0, 291.0, 0.0, 387.0, 0.0, 375.0, 0.0, 379.0, 0.0, 371.0, 0.0, 426.0, ||,  7
25685293, 0256852936, ||, 0.0, 350.0, 0.0, 549.0, 0.0, 452.0, 0.0, 486.0, 0.0, 367.0, 0.0, 398.0, ||,  7
25658905, 0256589058, ||, 0.0, 315.0, 0.0, 353.0, 0.0, 382.0, 0.0, 484.0, 0.0, 490.0, 0.0, 303.0, ||,  7
802061134, 8020425722, ||, 0.0, 310.0, 0.0, 396.0, 0.0, 365.0, 0.0, 330.0, 0.0, 365.0, 0.0, 307.0, ||,  7
805464829, 8053575197, ||, 0.0, 413.0, 0.0, 481.0, 0.0, 421.0, 0.0, 266.0, 0.0, 283.0, 0.0, 326.0, ||,  7
811586134, 8113168798, ||, 0.0, 430.0, 0.0, 510.0, 0.0, 443.0, 0.0, 351.0, 0.0, 438.0, 0.0, 449.0, ||,  7
811586210, 8113169557, ||, 0.0, 325.0, 0.0, 440.0, 0.0, 314.0, 0.0, 275.0, 0.0, 367.0, 0.0, 442.0, ||,  7
25758569, 0257585695, ||, 0.0, 293.0, 0.0, 541.0, 0.0, 378.0, 0.0, 298.0, 0.0, 344.0, 0.0, 385.0, ||,  7
25759960, 0257599601, ||, 0.0, 429.0, 0.0, 475.0, 0.0, 432.0, 0.0, 374.0, 0.0, 359.0, 0.0, 509.0, ||,  7
25777269, 0257772691, ||, 0.0, 377.0, 0.0, 395.0, 0.0, 394.0, 0.0, 349.0, 0.0, 271.0, 0.0, 380.0, ||,  7
25795071, 0257950716, ||, 0.0, 411.0, 0.0, 408.0, 0.0, 354.0, 0.0, 551.0, 0.0, 401.0, 0.0, 443.0, ||,  7
25835809, 0258358090, ||, 0.0, 567.0, 0.0, 484.0, 0.0, 555.0, 0.0, 358.0, 0.0, 177.0, 0.0, 535.0, ||,  7
800568534, 8005567896, ||, 0.0, 334.0, 0.0, 482.0, 0.0, 427.0, 0.0, 368.0, 0.0, 404.0, 0.0, 680.0, ||,  7
511008380, 5110083804, ||, 0.0, 575.0, 0.0, 556.0, 0.0, 476.0, 0.0, 373.0, 0.0, 352.0, 0.0, 372.0, ||,  7
25134101, 0251341017, ||, 0.0, 600.0, 0.0, 503.0, 0.0, 440.0, 0.0, 320.0, 0.0, 292.0, 0.0, 493.0, ||,  7
803913628, 8038383515, ||, 0.0, 298.0, 0.0, 288.0, 0.0, 324.0, 0.0, 280.0, 0.0, 433.0, 0.0, 562.0, ||,  7
25059089, 0250590896, ||, 0.0, 476.0, 0.0, 527.0, 0.0, 565.0, 0.0, 474.0, 0.0, 357.0, 0.0, 472.0, ||,  7
805772373, 8056543700, ||, 0.0, 404.0, 0.0, 645.0, 0.0, 480.0, 0.0, 432.0, 0.0, 441.0, 0.0, 511.0, ||,  7
25991668, 0259916682, ||, 0.0, 384.0, 0.0, 364.0, 0.0, 422.0, 0.0, 361.0, 0.0, 337.0, 0.0, 368.0, ||,  7
25993643, 0259936437, ||, 0.0, 403.0, 0.0, 435.0, 0.0, 510.0, 0.0, 434.0, 0.0, 379.0, 0.0, 488.0, ||,  7
25997554, 0259975542, ||, 0.0, 312.0, 0.0, 446.0, 0.0, 404.0, 0.0, 368.0, 0.0, 361.0, 0.0, 366.0, ||,  7
26052446, 0260524461, ||, 0.0, 492.0, 0.0, 436.0, 0.0, 416.0, 0.0, 381.0, 0.0, 346.0, 0.0, 450.0, ||,  7
26065432, 0260654324, ||, 0.0, 285.0, 0.0, 432.0, 0.0, 530.0, 0.0, 251.0, 0.0, 258.0, 0.0, 387.0, ||,  7
26075104, 0260751041, ||, 0.0, 465.0, 0.0, 492.0, 0.0, 614.0, 0.0, 400.0, 0.0, 433.0, 0.0, 461.0, ||,  7
26166738, 0261667383, ||, 0.0, 527.0, 0.0, 452.0, 0.0, 317.0, 0.0, 247.0, 0.0, 243.0, 0.0, 555.0, ||,  7
26230604, 0262306041, ||, 0.0, 486.0, 0.0, 485.0, 0.0, 491.0, 0.0, 421.0, 0.0, 325.0, 0.0, 568.0, ||,  7
26257548, 0262575487, ||, 0.0, 360.0, 0.0, 380.0, 0.0, 368.0, 0.0, 421.0, 0.0, 348.0, 0.0, 355.0, ||,  7
26274824, 0262748245, ||, 0.0, 315.0, 0.0, 531.0, 0.0, 459.0, 0.0, 410.0, 0.0, 411.0, 0.0, 513.0, ||,  7
26296269, 0262962694, ||, 0.0, 357.0, 0.0, 378.0, 0.0, 494.0, 0.0, 339.0, 0.0, 349.0, 0.0, 464.0, ||,  7
26261281, 0262612818, ||, 0.0, 323.0, 0.0, 412.0, 0.0, 512.0, 0.0, 337.0, 0.0, 282.0, 0.0, 364.0, ||,  7
26261495, 0262614957, ||, 0.0, 284.0, 0.0, 335.0, 0.0, 1024.0, 0.0, 280.0, 0.0, 305.0, 0.0, 0.0, ||,  7
26313790, 0263137909, ||, 0.0, 330.0, 0.0, 373.0, 0.0, 393.0, 0.0, 349.0, 0.0, 366.0, 0.0, 414.0, ||,  7
26285010, 0262850102, ||, 0.0, 451.0, 0.0, 444.0, 0.0, 369.0, 0.0, 394.0, 0.0, 348.0, 0.0, 375.0, ||,  7
26284785, 0262847854, ||, 0.0, 521.0, 0.0, 607.0, 0.0, 524.0, 0.0, 218.0, 0.0, 430.0, 0.0, 591.0, ||,  7
26334053, 0263340530, ||, 0.0, 422.0, 0.0, 280.0, 0.0, 327.0, 0.0, 311.0, 0.0, 402.0, 0.0, 347.0, ||,  7
26357838, 0263578386, ||, 0.0, 429.0, 0.0, 596.0, 0.0, 442.0, 0.0, 420.0, 0.0, 310.0, 0.0, 312.0, ||,  7
26327534, 0263275346, ||, 0.0, 420.0, 0.0, 460.0, 0.0, 390.0, 0.0, 323.0, 0.0, 289.0, 0.0, 279.0, ||,  7
26363100, 0263631007, ||, 0.0, 427.0, 0.0, 433.0, 0.0, 429.0, 0.0, 388.0, 0.0, 439.0, 0.0, 376.0, ||,  7
26371051, 0263710513, ||, 0.0, 397.0, 0.0, 440.0, 0.0, 398.0, 0.0, 426.0, 0.0, 276.0, 0.0, 225.0, ||,  7
26411327, 0264113270, ||, 0.0, 285.0, 0.0, 283.0, 0.0, 567.0, 0.0, 239.0, 0.0, 241.0, 0.0, 406.0, ||,  7
26441352, 0264413527, ||, 0.0, 291.0, 0.0, 345.0, 0.0, 356.0, 0.0, 441.0, 0.0, 468.0, 0.0, 403.0, ||,  7
26441415, 0264414155, ||, 0.0, 263.0, 0.0, 361.0, 0.0, 435.0, 0.0, 394.0, 0.0, 411.0, 0.0, 420.0, ||,  7
26441486, 0264414865, ||, 0.0, 454.0, 0.0, 371.0, 0.0, 402.0, 0.0, 377.0, 0.0, 393.0, 0.0, 418.0, ||,  7
26452756, 0264527565, ||, 0.0, 450.0, 0.0, 470.0, 0.0, 641.0, 0.0, 443.0, 0.0, 410.0, 0.0, 472.0, ||,  7
26452764, 0264527640, ||, 0.0, 382.0, 0.0, 508.0, 0.0, 407.0, 0.0, 204.0, 0.0, 235.0, 0.0, 416.0, ||,  7
800584639, 8005727843, ||, 0.0, 359.0, 0.0, 335.0, 0.0, 356.0, 0.0, 357.0, 0.0, 338.0, 0.0, 375.0, ||,  7
803587726, 8035278412, ||, 0.0, 412.0, 0.0, 216.0, 0.0, 416.0, 0.0, 319.0, 0.0, 279.0, 0.0, 448.0, ||,  7
804408501, 8043238002, ||, 0.0, 379.0, 0.0, 387.0, 0.0, 556.0, 0.0, 418.0, 0.0, 314.0, 0.0, 364.0, ||,  7
809186927, 8089814772, ||, 0.0, 189.0, 0.0, 657.0, 0.0, 456.0, 0.0, 367.0, 0.0, 402.0, 0.0, 487.0, ||,  7
26458840, 0264588405, ||, 0.0, 425.0, 0.0, 510.0, 0.0, 401.0, 0.0, 310.0, 0.0, 313.0, 0.0, 544.0, ||,  7
26483033, 0264830333, ||, 0.0, 460.0, 0.0, 613.0, 0.0, 388.0, 0.0, 329.0, 0.0, 325.0, 0.0, 481.0, ||,  7
26491687, 0264916879, ||, 0.0, 353.0, 0.0, 319.0, 0.0, 382.0, 0.0, 360.0, 0.0, 268.0, 0.0, 429.0, ||,  7
26512709, 0265127098, ||, 0.0, 301.0, 0.0, 349.0, 0.0, 410.0, 0.0, 454.0, 0.0, 423.0, 0.0, 330.0, ||,  7
26483964, 0264839646, ||, 0.0, 405.0, 0.0, 490.0, 0.0, 456.0, 0.0, 317.0, 0.0, 354.0, 0.0, 392.0, ||,  7
26522386, 0265223868, ||, 0.0, 454.0, 0.0, 399.0, 0.0, 474.0, 0.0, 520.0, 0.0, 489.0, 0.0, 415.0, ||,  7
26549309, 0265493092, ||, 0.0, 375.0, 0.0, 342.0, 0.0, 389.0, 0.0, 318.0, 0.0, 268.0, 0.0, 381.0, ||,  7
26636794, 0266367943, ||, 0.0, 347.0, 0.0, 402.0, 0.0, 417.0, 0.0, 389.0, 0.0, 404.0, 0.0, 305.0, ||,  7
26655874, 0266558749, ||, 0.0, 320.0, 0.0, 488.0, 0.0, 835.0, 0.0, 381.0, 0.0, 387.0, 0.0, 355.0, ||,  7
26617260, 0266172608, ||, 0.0, 461.0, 0.0, 444.0, 0.0, 506.0, 0.0, 341.0, 0.0, 374.0, 0.0, 444.0, ||,  7
26703698, 0267036981, ||, 0.0, 386.0, 0.0, 487.0, 0.0, 525.0, 0.0, 212.0, 0.0, 249.0, 0.0, 281.0, ||,  7
--------------------------------------
	簇ID:	 计数
	8:	 326

	样本数据

26297537, 0262975375, ||, 0.0, 218.0, 0.0, 196.0, 0.0, 285.0, 0.0, 595.0, 0.0, 458.0, 0.0, 205.0, ||,  8
25265396, 0252653968, ||, 0.0, 333.0, 0.0, 350.0, 0.0, 308.0, 0.0, 234.0, 0.0, 253.0, 0.0, 411.0, ||,  8
25153445, 0251534457, ||, 0.0, 343.0, 0.0, 398.0, 0.0, 310.0, 0.0, 163.0, 0.0, 166.0, 0.0, 247.0, ||,  8
25287774, 0252877740, ||, 0.0, 416.0, 0.0, 415.0, 0.0, 311.0, 0.0, 271.0, 0.0, 254.0, 0.0, 299.0, ||,  8
25076267, 0250762677, ||, 0.0, 351.0, 0.0, 418.0, 0.0, 380.0, 0.0, 282.0, 0.0, 230.0, 0.0, 316.0, ||,  8
25352471, 0253524719, ||, 0.0, 283.0, 0.0, 345.0, 0.0, 296.0, 0.0, 265.0, 0.0, 174.0, 0.0, 202.0, ||,  8
25062467, 0250624676, ||, 0.0, 266.0, 0.0, 306.0, 0.0, 361.0, 0.0, 303.0, 0.0, 95.0, 0.0, 0.0, ||,  8
25266482, 0252664829, ||, 0.0, 216.0, 0.0, 226.0, 0.0, 329.0, 0.0, 318.0, 0.0, 234.0, 0.0, 307.0, ||,  8
25192736, 0251927369, ||, 0.0, 300.0, 0.0, 411.0, 0.0, 314.0, 0.0, 318.0, 0.0, 233.0, 0.0, 384.0, ||,  8
25579929, 0255799298, ||, 0.0, 277.0, 0.0, 114.0, 0.0, 502.0, 0.0, 318.0, 0.0, 291.0, 0.0, 100.0, ||,  8
25138603, 0251386032, ||, 0.0, 242.0, 0.0, 321.0, 0.0, 300.0, 0.0, 191.0, 0.0, 235.0, 0.0, 319.0, ||,  8
25196970, 0251969705, ||, 0.0, 180.0, 0.0, 405.0, 0.0, 370.0, 0.0, 407.0, 0.0, 380.0, 0.0, 297.0, ||,  8
25196997, 0251969978, ||, 0.0, 273.0, 0.0, 308.0, 0.0, 343.0, 0.0, 298.0, 0.0, 145.0, 0.0, 0.0, ||,  8
25197205, 0251972053, ||, 0.0, 369.0, 0.0, 366.0, 0.0, 237.0, 0.0, 126.0, 0.0, 110.0, 0.0, 327.0, ||,  8
25587946, 0255879462, ||, 0.0, 333.0, 0.0, 463.0, 0.0, 341.0, 0.0, 399.0, 0.0, 293.0, 0.0, 271.0, ||,  8
25286033, 0252860331, ||, 0.0, 242.0, 0.0, 291.0, 0.0, 276.0, 0.0, 267.0, 0.0, 185.0, 0.0, 230.0, ||,  8
25302902, 0253029025, ||, 0.0, 238.0, 0.0, 259.0, 0.0, 251.0, 0.0, 307.0, 0.0, 284.0, 0.0, 286.0, ||,  8
25051447, 0250514470, ||, 0.0, 210.0, 0.0, 295.0, 0.0, 288.0, 0.0, 389.0, 0.0, 301.0, 0.0, 216.0, ||,  8
25393546, 0253935467, ||, 0.0, 255.0, 0.0, 369.0, 0.0, 470.0, 0.0, 225.0, 0.0, 282.0, 0.0, 330.0, ||,  8
25269417, 0252694170, ||, 0.0, 264.0, 0.0, 371.0, 0.0, 232.0, 0.0, 225.0, 0.0, 200.0, 0.0, 176.0, ||,  8
25157421, 0251574217, ||, 0.0, 296.0, 0.0, 391.0, 0.0, 340.0, 0.0, 428.0, 0.0, 293.0, 0.0, 203.0, ||,  8
25280569, 0252805691, ||, 0.0, 423.0, 0.0, 352.0, 0.0, 367.0, 0.0, 244.0, 0.0, 261.0, 0.0, 287.0, ||,  8
25436684, 0254366844, ||, 0.0, 327.0, 0.0, 376.0, 0.0, 337.0, 0.0, 148.0, 0.0, 322.0, 0.0, 280.0, ||,  8
25444352, 0254443527, ||, 0.0, 418.0, 0.0, 229.0, 0.0, 346.0, 0.0, 309.0, 0.0, 279.0, 0.0, 392.0, ||,  8
25471779, 0254717798, ||, 0.0, 203.0, 0.0, 316.0, 0.0, 338.0, 0.0, 252.0, 0.0, 228.0, 0.0, 167.0, ||,  8
25475278, 0254752784, ||, 0.0, 284.0, 0.0, 309.0, 0.0, 213.0, 0.0, 272.0, 0.0, 290.0, 0.0, 257.0, ||,  8
25484921, 0254849211, ||, 0.0, 192.0, 0.0, 246.0, 0.0, 296.0, 0.0, 315.0, 0.0, 271.0, 0.0, 293.0, ||,  8
25489434, 0254894341, ||, 0.0, 190.0, 0.0, 352.0, 0.0, 234.0, 0.0, 185.0, 0.0, 202.0, 0.0, 306.0, ||,  8
25468594, 0254685943, ||, 0.0, 276.0, 0.0, 258.0, 0.0, 221.0, 0.0, 265.0, 0.0, 272.0, 0.0, 300.0, ||,  8
25524032, 0255240321, ||, 0.0, 326.0, 0.0, 408.0, 0.0, 342.0, 0.0, 331.0, 0.0, 304.0, 0.0, 344.0, ||,  8
25537496, 0255374967, ||, 0.0, 301.0, 0.0, 278.0, 0.0, 363.0, 0.0, 421.0, 0.0, 304.0, 0.0, 308.0, ||,  8
25548389, 0255483896, ||, 0.0, 286.0, 0.0, 323.0, 0.0, 233.0, 0.0, 360.0, 0.0, 240.0, 0.0, 213.0, ||,  8
25550717, 0255507170, ||, 0.0, 361.0, 0.0, 415.0, 0.0, 74.0, 0.0, 464.0, 0.0, 212.0, 0.0, 377.0, ||,  8
25530916, 0255309167, ||, 0.0, 359.0, 0.0, 256.0, 0.0, 243.0, 0.0, 267.0, 0.0, 9.0, 0.0, 282.0, ||,  8
25579602, 0255796026, ||, 0.0, 301.0, 0.0, 380.0, 0.0, 315.0, 0.0, 367.0, 0.0, 243.0, 0.0, 299.0, ||,  8
25577940, 0255779401, ||, 0.0, 196.0, 0.0, 256.0, 0.0, 340.0, 0.0, 289.0, 0.0, 276.0, 0.0, 324.0, ||,  8
25585622, 0255856227, ||, 0.0, 238.0, 0.0, 359.0, 0.0, 241.0, 0.0, 358.0, 0.0, 285.0, 0.0, 111.0, ||,  8
25572163, 0255721633, ||, 0.0, 271.0, 0.0, 146.0, 0.0, 294.0, 0.0, 293.0, 0.0, 277.0, 0.0, 488.0, ||,  8
25574759, 0255747590, ||, 0.0, 324.0, 0.0, 309.0, 0.0, 329.0, 0.0, 271.0, 0.0, 274.0, 0.0, 257.0, ||,  8
25618614, 0256186145, ||, 0.0, 266.0, 0.0, 407.0, 0.0, 360.0, 0.0, 218.0, 0.0, 254.0, 0.0, 168.0, ||,  8
25620149, 0256201493, ||, 0.0, 222.0, 0.0, 269.0, 0.0, 292.0, 0.0, 258.0, 0.0, 233.0, 0.0, 243.0, ||,  8
25637750, 0256377505, ||, 0.0, 247.0, 0.0, 295.0, 0.0, 216.0, 0.0, 256.0, 0.0, 176.0, 0.0, 272.0, ||,  8
25617019, 0256170191, ||, 0.0, 360.0, 0.0, 386.0, 0.0, 303.0, 0.0, 297.0, 0.0, 309.0, 0.0, 345.0, ||,  8
25662992, 0256629925, ||, 0.0, 257.0, 0.0, 299.0, 0.0, 297.0, 0.0, 303.0, 0.0, 317.0, 0.0, 353.0, ||,  8
811591051, 8113216921, ||, 0.0, 293.0, 0.0, 288.0, 0.0, 296.0, 0.0, 95.0, 0.0, 120.0, 0.0, 271.0, ||,  8
25728008, 0257280082, ||, 0.0, 366.0, 0.0, 295.0, 0.0, 147.0, 0.0, 372.0, 0.0, 327.0, 0.0, 282.0, ||,  8
25721475, 0257214755, ||, 0.0, 313.0, 0.0, 312.0, 0.0, 225.0, 0.0, 288.0, 0.0, 324.0, 0.0, 223.0, ||,  8
25724169, 0257241690, ||, 0.0, 385.0, 0.0, 323.0, 0.0, 240.0, 0.0, 229.0, 0.0, 293.0, 0.0, 415.0, ||,  8
25729966, 0257299660, ||, 0.0, 328.0, 0.0, 331.0, 0.0, 311.0, 0.0, 306.0, 0.0, 256.0, 0.0, 315.0, ||,  8
25730537, 0257305372, ||, 0.0, 214.0, 0.0, 270.0, 0.0, 243.0, 0.0, 242.0, 0.0, 254.0, 0.0, 314.0, ||,  8
25756073, 0257560731, ||, 0.0, 346.0, 0.0, 285.0, 0.0, 278.0, 0.0, 262.0, 0.0, 295.0, 0.0, 278.0, ||,  8
25752599, 0257525992, ||, 0.0, 262.0, 0.0, 309.0, 0.0, 281.0, 0.0, 219.0, 0.0, 219.0, 0.0, 250.0, ||,  8
25762107, 0257621078, ||, 0.0, 287.0, 0.0, 339.0, 0.0, 279.0, 0.0, 262.0, 0.0, 230.0, 0.0, 153.0, ||,  8
25762146, 0257621469, ||, 0.0, 310.0, 0.0, 253.0, 0.0, 260.0, 0.0, 225.0, 0.0, 263.0, 0.0, 263.0, ||,  8
25765359, 0257653598, ||, 0.0, 378.0, 0.0, 368.0, 0.0, 274.0, 0.0, 302.0, 0.0, 94.0, 0.0, 0.0, ||,  8
25772081, 0257720818, ||, 0.0, 337.0, 0.0, 335.0, 0.0, 210.0, 0.0, 181.0, 0.0, 141.0, 0.0, 197.0, ||,  8
25790364, 0257903648, ||, 0.0, 204.0, 0.0, 226.0, 0.0, 256.0, 0.0, 260.0, 0.0, 310.0, 0.0, 411.0, ||,  8
25795872, 0257958723, ||, 0.0, 251.0, 0.0, 290.0, 0.0, 283.0, 0.0, 296.0, 0.0, 280.0, 0.0, 246.0, ||,  8
25760959, 0257609591, ||, 0.0, 152.0, 0.0, 403.0, 0.0, 363.0, 0.0, 296.0, 0.0, 130.0, 0.0, 110.0, ||,  8
25783235, 0257832355, ||, 0.0, 331.0, 0.0, 387.0, 0.0, 153.0, 0.0, 46.0, 0.0, 279.0, 0.0, 261.0, ||,  8
25888559, 0258885594, ||, 0.0, 247.0, 0.0, 272.0, 0.0, 281.0, 0.0, 342.0, 0.0, 304.0, 0.0, 318.0, ||,  8
25861837, 0258618372, ||, 0.0, 269.0, 0.0, 288.0, 0.0, 235.0, 0.0, 245.0, 0.0, 239.0, 0.0, 182.0, ||,  8
25920080, 0259200800, ||, 0.0, 296.0, 0.0, 320.0, 0.0, 285.0, 0.0, 263.0, 0.0, 243.0, 0.0, 250.0, ||,  8
25939583, 0259395836, ||, 0.0, 288.0, 0.0, 355.0, 0.0, 303.0, 0.0, 298.0, 0.0, 279.0, 0.0, 292.0, ||,  8
25958612, 0259586124, ||, 0.0, 444.0, 0.0, 306.0, 0.0, 212.0, 0.0, 85.0, 0.0, 158.0, 0.0, 306.0, ||,  8
25964061, 0259640617, ||, 0.0, 349.0, 0.0, 430.0, 0.0, 325.0, 0.0, 245.0, 0.0, 249.0, 0.0, 307.0, ||,  8
25965911, 0259659110, ||, 0.0, 474.0, 0.0, 124.0, 0.0, 383.0, 0.0, 282.0, 0.0, 266.0, 0.0, 135.0, ||,  8
25970711, 0259707112, ||, 0.0, 289.0, 0.0, 381.0, 0.0, 332.0, 0.0, 286.0, 0.0, 235.0, 0.0, 220.0, ||,  8
25964978, 0259649786, ||, 0.0, 332.0, 0.0, 325.0, 0.0, 282.0, 0.0, 444.0, 0.0, 283.0, 0.0, 310.0, ||,  8
25966285, 0259662859, ||, 0.0, 229.0, 0.0, 225.0, 0.0, 303.0, 0.0, 276.0, 0.0, 264.0, 0.0, 226.0, ||,  8
25105872, 0251058720, ||, 0.0, 351.0, 0.0, 393.0, 0.0, 286.0, 0.0, 297.0, 0.0, 165.0, 0.0, 306.0, ||,  8
802647887, 8026195856, ||, 0.0, 341.0, 0.0, 454.0, 0.0, 313.0, 0.0, 294.0, 0.0, 303.0, 0.0, 322.0, ||,  8
25122335, 0251223353, ||, 0.0, 355.0, 0.0, 344.0, 0.0, 304.0, 0.0, 244.0, 0.0, 330.0, 0.0, 263.0, ||,  8
25354442, 0253544421, ||, 0.0, 110.0, 0.0, 165.0, 0.0, 708.0, 0.0, 467.0, 0.0, 308.0, 0.0, 29.0, ||,  8
25039907, 0250399073, ||, 0.0, 325.0, 0.0, 352.0, 0.0, 308.0, 0.0, 283.0, 0.0, 293.0, 0.0, 294.0, ||,  8
25111653, 0251116534, ||, 0.0, 198.0, 0.0, 545.0, 0.0, 335.0, 0.0, 310.0, 0.0, 307.0, 0.0, 353.0, ||,  8
25129410, 0251294106, ||, 0.0, 269.0, 0.0, 322.0, 0.0, 231.0, 0.0, 218.0, 0.0, 182.0, 0.0, 333.0, ||,  8
25338316, 0253383165, ||, 0.0, 259.0, 0.0, 337.0, 0.0, 360.0, 0.0, 386.0, 0.0, 332.0, 0.0, 356.0, ||,  8
25984483, 0259844833, ||, 0.0, 307.0, 0.0, 348.0, 0.0, 312.0, 0.0, 296.0, 0.0, 316.0, 0.0, 184.0, ||,  8
25985637, 0259856377, ||, 0.0, 364.0, 0.0, 290.0, 0.0, 375.0, 0.0, 334.0, 0.0, 291.0, 0.0, 344.0, ||,  8
26008326, 0260083267, ||, 0.0, 288.0, 0.0, 206.0, 0.0, 413.0, 0.0, 236.0, 0.0, 233.0, 0.0, 310.0, ||,  8
26030379, 0260303792, ||, 0.0, 251.0, 0.0, 325.0, 0.0, 480.0, 0.0, 322.0, 0.0, 220.0, 0.0, 303.0, ||,  8
26048178, 0260481784, ||, 0.0, 316.0, 0.0, 251.0, 0.0, 317.0, 0.0, 260.0, 0.0, 165.0, 0.0, 335.0, ||,  8
26051644, 0260516440, ||, 0.0, 329.0, 0.0, 253.0, 0.0, 309.0, 0.0, 435.0, 0.0, 389.0, 0.0, 268.0, ||,  8
26065322, 0260653220, ||, 0.0, 395.0, 0.0, 301.0, 0.0, 363.0, 0.0, 338.0, 0.0, 251.0, 0.0, 152.0, ||,  8
26073230, 0260732303, ||, 0.0, 268.0, 0.0, 331.0, 0.0, 265.0, 0.0, 285.0, 0.0, 176.0, 0.0, 108.0, ||,  8
26074196, 0260741965, ||, 0.0, 266.0, 0.0, 612.0, 0.0, 231.0, 0.0, 366.0, 0.0, 286.0, 0.0, 113.0, ||,  8
26076773, 0260767734, ||, 0.0, 369.0, 0.0, 267.0, 0.0, 302.0, 0.0, 171.0, 0.0, 133.0, 0.0, 278.0, ||,  8
26108571, 0261085714, ||, 0.0, 288.0, 0.0, 333.0, 0.0, 250.0, 0.0, 229.0, 0.0, 194.0, 0.0, 111.0, ||,  8
26112541, 0261125418, ||, 0.0, 335.0, 0.0, 230.0, 0.0, 233.0, 0.0, 297.0, 0.0, 241.0, 0.0, 260.0, ||,  8
26137410, 0261374100, ||, 0.0, 340.0, 0.0, 360.0, 0.0, 261.0, 0.0, 360.0, 0.0, 318.0, 0.0, 334.0, ||,  8
26123104, 0261231045, ||, 0.0, 407.0, 0.0, 438.0, 0.0, 304.0, 0.0, 258.0, 0.0, 269.0, 0.0, 277.0, ||,  8
26163154, 0261631542, ||, 0.0, 308.0, 0.0, 354.0, 0.0, 347.0, 0.0, 257.0, 0.0, 233.0, 0.0, 9.0, ||,  8
26194257, 0261942574, ||, 0.0, 378.0, 0.0, 364.0, 0.0, 240.0, 0.0, 134.0, 0.0, 87.0, 0.0, 337.0, ||,  8
26188243, 0261882432, ||, 0.0, 285.0, 0.0, 246.0, 0.0, 296.0, 0.0, 241.0, 0.0, 171.0, 0.0, 269.0, ||,  8
26164497, 0261644975, ||, 0.0, 352.0, 0.0, 271.0, 0.0, 308.0, 0.0, 315.0, 0.0, 324.0, 0.0, 221.0, ||,  8
26164078, 0261640784, ||, 0.0, 120.0, 0.0, 327.0, 0.0, 347.0, 0.0, 286.0, 0.0, 211.0, 0.0, 392.0, ||,  8
26210543, 0262105433, ||, 0.0, 258.0, 0.0, 286.0, 0.0, 243.0, 0.0, 243.0, 0.0, 309.0, 0.0, 320.0, ||,  8
26185035, 0261850358, ||, 0.0, 392.0, 0.0, 221.0, 0.0, 529.0, 0.0, 250.0, 0.0, 215.0, 0.0, 185.0, ||,  8
26188865, 0261888658, ||, 0.0, 338.0, 0.0, 325.0, 0.0, 319.0, 0.0, 262.0, 0.0, 300.0, 0.0, 245.0, ||,  8
--------------------------------------
	簇ID:	 计数
	9:	 18

	样本数据

25581179, 0255811794, ||, 0.0, 1745.0, 0.0, 1708.0, 0.0, 1165.0, 0.0, 909.0, 0.0, 0.0, 0.0, 0.0, ||,  9
748020910, 7480209103, ||, 0.0, 3334.0, 0.0, 1202.0, 155.0, 78.0, 0.0, 289.0, 0.0, 0.0, 0.0, 30.0, ||,  9
15342395, 0153423956, ||, 0.0, 1346.0, 673.0, 535.0, 425.0, 72.0, 89.0, 131.0, 306.0, 274.0, 268.0, 644.0, ||,  9
25206798, 0252067989, ||, 0.0, 1244.0, 0.0, 771.0, 0.0, 817.0, 0.0, 363.0, 0.0, 218.0, 0.0, 291.0, ||,  9
25968128, 0259681281, ||, 0.0, 1234.0, 0.0, 706.0, 0.0, 644.0, 0.0, 405.0, 0.0, 364.0, 0.0, 339.0, ||,  9
26542018, 0265420184, ||, 0.0, 1328.0, 0.0, 832.0, 0.0, 484.0, 0.0, 264.0, 0.0, 275.0, 0.0, 498.0, ||,  9
785510733, 7855107335, ||, 0.0, 1854.0, 0.0, 400.0, 0.0, 300.0, 0.0, 0.0, 0.0, 0.0, 0.0, 0.0, ||,  9
785107838, 7851078383, ||, 0.0, 997.0, 0.0, 901.0, 0.0, 653.0, 0.0, 300.0, 0.0, 369.0, 0.0, 244.0, ||,  9
30745635, 0307456353, ||, 0.0, 959.0, 0.0, 1096.0, 0.0, 777.0, 0.0, 323.0, 0.0, 253.0, 0.0, 246.0, ||,  9
30835691, 0308356915, ||, 0.0, 1761.0, 0.0, 1525.0, 0.0, 162.0, 0.0, 165.0, 0.0, 199.0, 0.0, 244.0, ||,  9
30885216, 0308852165, ||, 0.0, 1533.0, 0.0, 1727.0, 0.0, 1456.0, 0.0, 564.0, 0.0, 419.0, 0.0, 404.0, ||,  9
814156123, 8138159733, ||, 0.0, 1831.0, 0.0, 636.0, 0.0, 534.0, 0.0, 435.0, 0.0, 473.0, 0.0, 423.0, ||,  9
31323054, 0313230545, ||, 0.0, 1477.0, 0.0, 1773.0, 0.0, 739.0, 0.0, 430.0, 0.0, 507.0, 0.0, 437.0, ||,  9
31442398, 0314423986, ||, 0.0, 1092.0, 0.0, 984.0, 0.0, 556.0, 0.0, 349.0, 0.0, 363.0, 0.0, 386.0, ||,  9
31493904, 0314939049, ||, 0.0, 925.0, 0.0, 1381.0, 0.0, 710.0, 0.0, 0.0, 0.0, 207.0, 0.0, 119.0, ||,  9
31510483, 0315104833, ||, 0.0, 2056.0, 0.0, 1831.0, 0.0, 0.0, 0.0, 0.0, 0.0, 0.0, 0.0, 0.0, ||,  9
31680892, 0316808925, ||, 0.0, 1211.0, 0.0, 1121.0, 0.0, 874.0, 0.0, 439.0, 0.0, 361.0, 0.0, 368.0, ||,  9
30588467, 0305884679, ||, 0.0, 1065.0, 0.0, 1074.0, 0.0, 752.0, 0.0, 555.0, 0.0, 134.0, 0.0, 114.0, ||,  9
--------------------------------------
	簇ID:	 计数
	10:	 2

	样本数据

2179790, 0021797907, ||, 0.0, 1156.0, 1645.0, 59.0, 2810.0, 1070.0, 1139.0, 1130.0, 1705.0, 73.0, 112.0, 2007.0, ||,  10
17248530, 0172485302, ||, 0.0, 2992.0, 1070.0, 2030.0, 1604.0, 1721.0, 1780.0, 2069.0, 1989.0, 1164.0, 2311.0, 1802.0, ||,  10
--------------------------------------
	簇ID:	 计数
	11:	 1

	样本数据

27144041, 0271440417, ||, 0.0, 4009.0, 4529.0, 2981.0, 2522.0, 2607.0, 2612.0, 3774.0, 3872.0, 2698.0, 2241.0, 2938.0, ||,  11
--------------------------------------
	簇ID:	 计数
	12:	 421

	样本数据

811073804, 8108302910, ||, 0.0, 36.0, 0.0, 2.0, 0.0, 0.0, 0.0, 2.0, 0.0, 0.0, 0.0, 0.0, ||,  12
25510745, 0255107455, ||, 0.0, 213.0, 0.0, 0.0, 0.0, 0.0, 0.0, 0.0, 0.0, 0.0, 0.0, 0.0, ||,  12
748102543, 7481025430, ||, 0.0, 40.0, 0.0, 20.0, 0.0, 20.0, 0.0, 20.0, 0.0, 20.0, 0.0, 20.0, ||,  12
756066878, 7560668783, ||, 0.0, 101.0, 0.0, 0.0, 101.0, 100.0, 0.0, 0.0, 0.0, 14.0, 0.0, 88.0, ||,  12
2652406, 0026524069, ||, 0.0, 19.0, 58.0, 53.0, 58.0, 40.0, 31.0, 97.0, 26.0, 63.0, 42.0, 17.0, ||,  12
2767613, 0027676136, ||, 0.0, 3.0, 5.0, 40.0, 0.0, 58.0, 10.0, 0.0, 0.0, 0.0, 0.0, 0.0, ||,  12
600020388, 6000203885, ||, 0.0, 4.0, 17.0, 21.0, 20.0, 38.0, 40.0, 21.0, 15.0, 14.0, 1.0, 9.0, ||,  12
15105229, 0151052297, ||, 0.0, 1.0, 15.0, 29.0, 28.0, 2.0, 0.0, 0.0, 0.0, 0.0, 0.0, 0.0, ||,  12
702143775, 0702143775, ||, 0.0, 100.0, 102.0, 101.0, 29.0, 61.0, 0.0, 106.0, 0.0, 50.0, 100.0, 7.0, ||,  12
747082871, 0747082871, ||, 0.0, 1.0, 51.0, 32.0, 0.0, 3.0, 11.0, 0.0, 3.0, 0.0, 2.0, 4.0, ||,  12
322541, 0003225413, ||, 0.0, 1.0, 4.0, 0.0, 74.0, 77.0, 50.0, 54.0, 70.0, 66.0, 43.0, 107.0, ||,  12
786030293, 7860302930, ||, 0.0, 20.0, 0.0, 0.0, 0.0, 278.0, 0.0, 0.0, 0.0, 0.0, 0.0, 0.0, ||,  12
786036792, 7860367928, ||, 0.0, 1.0, 1.0, 0.0, 2.0, 0.0, 1.0, 0.0, 0.0, 0.0, 0.0, 0.0, ||,  12
786070814, 7860708145, ||, 0.0, 15.0, 0.0, 0.0, 0.0, 1.0, 0.0, 0.0, 0.0, 0.0, 3.0, 0.0, ||,  12
17294205, 0172942056, ||, 0.0, 1.0, 0.0, 0.0, 0.0, 0.0, 9.0, 0.0, 0.0, 0.0, 0.0, 6.0, ||,  12
803830511, 8037572398, ||, 0.0, 10.0, 1.0, 2.0, 1.0, 4.0, 1.0, 2.0, 9.0, 15.0, 110.0, 56.0, ||,  12
640115877, 6401158773, ||, 0.0, 61.0, 0.0, 0.0, 0.0, 0.0, 0.0, 0.0, 0.0, 0.0, 0.0, 0.0, ||,  12
695102263, 6951022636, ||, 0.0, 11.0, 15.0, 16.0, 25.0, 0.0, 0.0, 130.0, 100.0, 100.0, 0.0, 0.0, ||,  12
30650579, 0306505793, ||, 0.0, 5.0, 0.0, 43.0, 43.0, 73.0, 62.0, 0.0, 103.0, 0.0, 91.0, 112.0, ||,  12
30424524, 0304245246, ||, 0.0, 40.0, 51.0, 41.0, 38.0, 10.0, 9.0, 14.0, 29.0, 27.0, 25.0, 25.0, ||,  12
670255941, 6702559411, ||, 0.0, 2.0, 15.0, 18.0, 17.0, 13.0, 15.0, 15.0, 15.0, 0.0, 0.0, 5.0, ||,  12
670235490, 6702354902, ||, 0.0, 3.0, 1.0, 1.0, 0.0, 10.0, 10.0, 0.0, 0.0, 0.0, 40.0, 10.0, ||,  12
804228470, 8041479700, ||, 0.0, 85.0, 363.0, 58.0, 8.0, 4.0, 21.0, 0.0, 0.0, 0.0, 0.0, 55.0, ||,  12
813139404, 8128072536, ||, 0.0, 11.0, 7.0, 2.0, 5.0, 3.0, 0.0, 0.0, 14.0, 0.0, 0.0, 0.0, ||,  12
30598100, 0305981006, ||, 0.0, 47.0, 12.0, 17.0, 18.0, 27.0, 16.0, 15.0, 12.0, 0.0, 24.0, 12.0, ||,  12
622080730, 6220807304, ||, 0.0, 100.0, 100.0, 0.0, 0.0, 4.0, 0.0, 19.0, 37.0, 52.0, 140.0, 74.0, ||,  12
753028235, 0753028235, ||, 0.0, 1.0, 2.0, 5.0, 2.0, 8.0, 1.0, 3.0, 5.0, 6.0, 2.0, 2.0, ||,  12
5069836, 0050698367, ||, 0.0, 12.0, 0.0, 14.0, 0.0, 11.0, 0.0, 0.0, 30.0, 0.0, 0.0, 22.0, ||,  12
5454208, 0054542088, ||, 0.0, 98.0, 41.0, 55.0, 0.0, 0.0, 117.0, 66.0, 34.0, 62.0, 44.0, 39.0, ||,  12
743040524, 0743040524, ||, 0.0, 20.0, 0.0, 0.0, 0.0, 0.0, 0.0, 0.0, 0.0, 0.0, 0.0, 0.0, ||,  12
802021613, 8020032676, ||, 0.0, 7.0, 0.0, 0.0, 0.0, 0.0, 0.0, 1.0, 2.0, 0.0, 0.0, 0.0, ||,  12
811039282, 8107962388, ||, 0.0, 1.0, 0.0, 0.0, 0.0, 302.0, 0.0, 8.0, 0.0, 0.0, 0.0, 0.0, ||,  12
13017120, 0130171205, ||, 0.0, 3.0, 0.0, 6.0, 2.0, 0.0, 3.0, 0.0, 3.0, 0.0, 2.0, 0.0, ||,  12
751040340, 7510403404, ||, 0.0, 10.0, 11.0, 10.0, 6.0, 11.0, 4.0, 0.0, 0.0, 0.0, 0.0, 0.0, ||,  12
752007001, 7520070012, ||, 0.0, 1.0, 0.0, 0.0, 0.0, 0.0, 0.0, 0.0, 0.0, 0.0, 0.0, 0.0, ||,  12
758179797, 0758179797, ||, 0.0, 21.0, 0.0, 0.0, 10.0, 16.0, 2.0, 0.0, 0.0, 12.0, 5.0, 3.0, ||,  12
25013657, 0250136577, ||, 0.0, 66.0, 0.0, 49.0, 0.0, 57.0, 0.0, 46.0, 0.0, 17.0, 0.0, 0.0, ||,  12
25094937, 0250949379, ||, 0.0, 40.0, 0.0, 0.0, 0.0, 96.0, 0.0, 7.0, 0.0, 9.0, 0.0, 60.0, ||,  12
25589429, 0255894296, ||, 0.0, 76.0, 0.0, 2.0, 0.0, 38.0, 0.0, 110.0, 0.0, 90.0, 0.0, 85.0, ||,  12
25209238, 0252092381, ||, 0.0, 7.0, 0.0, 65.0, 0.0, 37.0, 0.0, 9.0, 0.0, 13.0, 0.0, 47.0, ||,  12
25032012, 0250320125, ||, 0.0, 88.0, 0.0, 115.0, 0.0, 87.0, 0.0, 54.0, 0.0, 22.0, 0.0, 21.0, ||,  12
25325838, 0253258382, ||, 0.0, 145.0, 0.0, 55.0, 0.0, 0.0, 0.0, 0.0, 0.0, 0.0, 0.0, 33.0, ||,  12
25242107, 0252421077, ||, 0.0, 4.0, 0.0, 5.0, 0.0, 4.0, 0.0, 3.0, 0.0, 4.0, 0.0, 7.0, ||,  12
25237341, 0252373411, ||, 0.0, 31.0, 0.0, 28.0, 0.0, 55.0, 0.0, 69.0, 0.0, 58.0, 0.0, 134.0, ||,  12
25291896, 0252918968, ||, 0.0, 1.0, 0.0, 1.0, 0.0, 0.0, 0.0, 0.0, 0.0, 3.0, 0.0, 0.0, ||,  12
25326595, 0253265951, ||, 0.0, 1.0, 0.0, 17.0, 0.0, 0.0, 0.0, 25.0, 0.0, 17.0, 0.0, 8.0, ||,  12
25373526, 0253735269, ||, 0.0, 53.0, 0.0, 64.0, 0.0, 77.0, 0.0, 107.0, 0.0, 72.0, 0.0, 64.0, ||,  12
25365852, 0253658528, ||, 0.0, 32.0, 0.0, 36.0, 0.0, 28.0, 0.0, 39.0, 0.0, 39.0, 0.0, 54.0, ||,  12
25365930, 0253659303, ||, 0.0, 1.0, 0.0, 5.0, 0.0, 4.0, 0.0, 7.0, 0.0, 72.0, 0.0, 98.0, ||,  12
25341392, 0253413927, ||, 0.0, 3.0, 0.0, 2.0, 0.0, 7.0, 0.0, 6.0, 0.0, 2.0, 0.0, 7.0, ||,  12
25069536, 0250695360, ||, 0.0, 84.0, 0.0, 0.0, 0.0, 0.0, 0.0, 110.0, 0.0, 0.0, 0.0, 0.0, ||,  12
25015917, 0250159174, ||, 0.0, 35.0, 0.0, 50.0, 0.0, 23.0, 0.0, 9.0, 0.0, 13.0, 0.0, 22.0, ||,  12
25055294, 0250552944, ||, 0.0, 12.0, 0.0, 12.0, 0.0, 11.0, 0.0, 11.0, 0.0, 10.0, 0.0, 12.0, ||,  12
807722279, 8075496201, ||, 0.0, 30.0, 0.0, 0.0, 0.0, 158.0, 0.0, 158.0, 0.0, 0.0, 0.0, 35.0, ||,  12
25358455, 0253584555, ||, 0.0, 74.0, 0.0, 76.0, 0.0, 68.0, 0.0, 79.0, 0.0, 86.0, 0.0, 86.0, ||,  12
25243822, 0252438226, ||, 0.0, 73.0, 0.0, 61.0, 0.0, 33.0, 0.0, 135.0, 0.0, 57.0, 0.0, 63.0, ||,  12
25421769, 0254217692, ||, 0.0, 44.0, 0.0, 0.0, 0.0, 0.0, 0.0, 0.0, 0.0, 0.0, 0.0, 0.0, ||,  12
25439120, 0254391204, ||, 0.0, 207.0, 0.0, 90.0, 0.0, 54.0, 0.0, 47.0, 0.0, 13.0, 0.0, 0.0, ||,  12
25432996, 0254329966, ||, 0.0, 92.0, 0.0, 79.0, 0.0, 58.0, 0.0, 43.0, 0.0, 29.0, 0.0, 0.0, ||,  12
25462037, 0254620375, ||, 0.0, 153.0, 0.0, 12.0, 0.0, 23.0, 0.0, 10.0, 0.0, 51.0, 0.0, 140.0, ||,  12
25428047, 0254280470, ||, 0.0, 24.0, 0.0, 41.0, 0.0, 54.0, 0.0, 48.0, 0.0, 31.0, 0.0, 35.0, ||,  12
25489285, 0254892853, ||, 0.0, 8.0, 0.0, 0.0, 0.0, 0.0, 0.0, 0.0, 0.0, 0.0, 0.0, 225.0, ||,  12
25540935, 0255409359, ||, 0.0, 68.0, 0.0, 77.0, 0.0, 53.0, 0.0, 54.0, 0.0, 41.0, 0.0, 48.0, ||,  12
25586029, 0255860291, ||, 0.0, 73.0, 0.0, 65.0, 0.0, 42.0, 0.0, 1.0, 0.0, 132.0, 0.0, 9.0, ||,  12
25666566, 0256665666, ||, 0.0, 63.0, 0.0, 69.0, 0.0, 57.0, 0.0, 78.0, 0.0, 75.0, 0.0, 90.0, ||,  12
25687662, 0256876624, ||, 0.0, 85.0, 0.0, 77.0, 0.0, 37.0, 0.0, 123.0, 0.0, 79.0, 0.0, 41.0, ||,  12
25685400, 0256854004, ||, 0.0, 126.0, 0.0, 35.0, 0.0, 23.0, 0.0, 15.0, 0.0, 97.0, 0.0, 58.0, ||,  12
805047025, 8049487136, ||, 0.0, 5.0, 0.0, 89.0, 0.0, 171.0, 0.0, 34.0, 0.0, 9.0, 0.0, 10.0, ||,  12
25753542, 0257535427, ||, 0.0, 220.0, 0.0, 0.0, 0.0, 0.0, 0.0, 0.0, 0.0, 0.0, 0.0, 0.0, ||,  12
25725737, 0257257370, ||, 0.0, 10.0, 0.0, 150.0, 0.0, 50.0, 0.0, 52.0, 0.0, 36.0, 0.0, 1.0, ||,  12
25777406, 0257774062, ||, 0.0, 1.0, 0.0, 0.0, 0.0, 1.0, 0.0, 0.0, 0.0, 0.0, 0.0, 0.0, ||,  12
25789994, 0257899945, ||, 0.0, 97.0, 0.0, 66.0, 0.0, 61.0, 0.0, 64.0, 0.0, 0.0, 0.0, 0.0, ||,  12
25795184, 0257951849, ||, 0.0, 1.0, 0.0, 0.0, 0.0, 65.0, 0.0, 0.0, 0.0, 0.0, 0.0, 0.0, ||,  12
25795244, 0257952448, ||, 0.0, 11.0, 0.0, 14.0, 0.0, 12.0, 0.0, 13.0, 0.0, 12.0, 0.0, 8.0, ||,  12
25817170, 0258171705, ||, 0.0, 6.0, 0.0, 15.0, 0.0, 76.0, 0.0, 123.0, 0.0, 8.0, 0.0, 7.0, ||,  12
25783848, 0257838483, ||, 0.0, 1.0, 0.0, 0.0, 0.0, 0.0, 0.0, 0.0, 0.0, 0.0, 0.0, 0.0, ||,  12
25962363, 0259623630, ||, 0.0, 74.0, 0.0, 45.0, 0.0, 92.0, 0.0, 73.0, 0.0, 38.0, 0.0, 77.0, ||,  12
25976173, 0259761732, ||, 0.0, 2.0, 0.0, 13.0, 0.0, 6.0, 0.0, 5.0, 0.0, 6.0, 0.0, 5.0, ||,  12
25969529, 0259695297, ||, 0.0, 5.0, 0.0, 3.0, 0.0, 11.0, 0.0, 5.0, 0.0, 9.0, 0.0, 4.0, ||,  12
804025326, 8039494803, ||, 0.0, 26.0, 0.0, 29.0, 0.0, 31.0, 0.0, 58.0, 0.0, 66.0, 0.0, 0.0, ||,  12
25144086, 0251440860, ||, 0.0, 12.0, 0.0, 2.0, 0.0, 2.0, 0.0, 1.0, 0.0, 2.0, 0.0, 0.0, ||,  12
25331278, 0253312787, ||, 0.0, 18.0, 0.0, 49.0, 0.0, 39.0, 0.0, 59.0, 0.0, 14.0, 0.0, 55.0, ||,  12
25331149, 0253311494, ||, 0.0, 35.0, 0.0, 66.0, 0.0, 43.0, 0.0, 15.0, 0.0, 33.0, 0.0, 2.0, ||,  12
25221126, 0252211269, ||, 0.0, 193.0, 0.0, 91.0, 0.0, 5.0, 0.0, 5.0, 0.0, 4.0, 0.0, 6.0, ||,  12
800364136, 8003569601, ||, 0.0, 9.0, 0.0, 2.0, 0.0, 2.0, 0.0, 7.0, 0.0, 23.0, 0.0, 24.0, ||,  12
25981660, 0259816605, ||, 0.0, 207.0, 0.0, 0.0, 0.0, 0.0, 0.0, 0.0, 0.0, 0.0, 0.0, 0.0, ||,  12
25986667, 0259866671, ||, 0.0, 195.0, 0.0, 5.0, 0.0, 0.0, 0.0, 0.0, 0.0, 0.0, 0.0, 0.0, ||,  12
26149974, 0261499748, ||, 0.0, 10.0, 0.0, 2.0, 0.0, 40.0, 0.0, 5.0, 0.0, 1.0, 0.0, 2.0, ||,  12
26126870, 0261268704, ||, 0.0, 77.0, 0.0, 75.0, 0.0, 0.0, 0.0, 0.0, 160.0, 0.0, 87.0, 0.0, ||,  12
26163022, 0261630220, ||, 0.0, 63.0, 0.0, 67.0, 0.0, 74.0, 0.0, 42.0, 0.0, 32.0, 0.0, 85.0, ||,  12
26172278, 0261722781, ||, 0.0, 33.0, 0.0, 46.0, 0.0, 86.0, 0.0, 42.0, 0.0, 28.0, 0.0, 77.0, ||,  12
26141070, 0261410701, ||, 0.0, 2.0, 0.0, 74.0, 0.0, 29.0, 0.0, 6.0, 0.0, 5.0, 0.0, 8.0, ||,  12
26168585, 0261685855, ||, 0.0, 37.0, 0.0, 37.0, 0.0, 38.0, 0.0, 120.0, 0.0, 11.0, 0.0, 102.0, ||,  12
26216292, 0262162922, ||, 0.0, 35.0, 0.0, 102.0, 0.0, 77.0, 0.0, 60.0, 0.0, 53.0, 0.0, 39.0, ||,  12
26229997, 0262299974, ||, 0.0, 13.0, 0.0, 0.0, 0.0, 0.0, 0.0, 8.0, 0.0, 1.0, 0.0, 2.0, ||,  12
26231787, 0262317872, ||, 0.0, 86.0, 0.0, 55.0, 0.0, 40.0, 0.0, 100.0, 0.0, 0.0, 0.0, 82.0, ||,  12
26250443, 0262504432, ||, 0.0, 2.0, 0.0, 1.0, 0.0, 5.0, 0.0, 27.0, 0.0, 5.0, 0.0, 5.0, ||,  12
26290976, 0262909761, ||, 0.0, 145.0, 0.0, 175.0, 0.0, 45.0, 0.0, 10.0, 0.0, 8.0, 0.0, 16.0, ||,  12
26340837, 0263408373, ||, 0.0, 13.0, 0.0, 42.0, 0.0, 0.0, 0.0, 0.0, 0.0, 0.0, 0.0, 0.0, ||,  12
26327610, 0263276105, ||, 0.0, 9.0, 0.0, 10.0, 0.0, 9.0, 0.0, 2.0, 0.0, 1.0, 0.0, 1.0, ||,  12
--------------------------------------
	簇ID:	 计数
	13:	 1

	样本数据

25535252, 0255352523, ||, 0.0, 3903.0, 0.0, 2858.0, 0.0, 1407.0, 0.0, 1939.0, 0.0, 1259.0, 0.0, 1168.0, ||,  13
--------------------------------------
	簇ID:	 计数
	14:	 371

	样本数据

25394070, 0253940708, ||, 0.0, 200.0, 0.0, 149.0, 0.0, 301.0, 0.0, 252.0, 0.0, 237.0, 0.0, 274.0, ||,  14
782084094, 7820840944, ||, 0.0, 10.0, 63.0, 31.0, 121.0, 122.0, 88.0, 212.0, 60.0, 1006.0, 189.0, 150.0, ||,  14
25358799, 0253587990, ||, 0.0, 108.0, 0.0, 200.0, 0.0, 289.0, 0.0, 274.0, 0.0, 230.0, 0.0, 220.0, ||,  14
25155935, 0251559353, ||, 0.0, 115.0, 0.0, 170.0, 0.0, 70.0, 0.0, 74.0, 0.0, 281.0, 0.0, 391.0, ||,  14
25158744, 0251587448, ||, 0.0, 221.0, 0.0, 248.0, 0.0, 193.0, 0.0, 208.0, 0.0, 192.0, 0.0, 231.0, ||,  14
25581410, 0255814100, ||, 0.0, 254.0, 0.0, 261.0, 0.0, 212.0, 0.0, 270.0, 0.0, 225.0, 0.0, 208.0, ||,  14
25082430, 0250824308, ||, 0.0, 225.0, 0.0, 225.0, 0.0, 267.0, 0.0, 270.0, 0.0, 220.0, 0.0, 217.0, ||,  14
25287740, 0252877405, ||, 0.0, 295.0, 0.0, 256.0, 0.0, 141.0, 0.0, 283.0, 0.0, 186.0, 0.0, 254.0, ||,  14
25284258, 0252842582, ||, 0.0, 227.0, 0.0, 226.0, 0.0, 244.0, 0.0, 336.0, 0.0, 253.0, 0.0, 228.0, ||,  14
811075220, 8108317091, ||, 0.0, 12.0, 0.0, 0.0, 0.0, 1.0, 0.0, 174.0, 0.0, 271.0, 0.0, 420.0, ||,  14
25242881, 0252428818, ||, 0.0, 176.0, 0.0, 243.0, 0.0, 246.0, 0.0, 349.0, 0.0, 279.0, 0.0, 181.0, ||,  14
25059644, 0250596445, ||, 0.0, 156.0, 0.0, 186.0, 0.0, 151.0, 0.0, 191.0, 0.0, 167.0, 0.0, 163.0, ||,  14
25271125, 0252711251, ||, 0.0, 96.0, 0.0, 208.0, 0.0, 352.0, 0.0, 331.0, 0.0, 272.0, 0.0, 313.0, ||,  14
25194491, 0251944913, ||, 0.0, 19.0, 0.0, 20.0, 0.0, 8.0, 0.0, 353.0, 0.0, 248.0, 0.0, 485.0, ||,  14
25006287, 0250062878, ||, 0.0, 169.0, 0.0, 203.0, 0.0, 205.0, 0.0, 234.0, 0.0, 0.0, 0.0, 231.0, ||,  14
25154531, 0251545318, ||, 0.0, 196.0, 0.0, 247.0, 0.0, 202.0, 0.0, 262.0, 0.0, 228.0, 0.0, 207.0, ||,  14
25362746, 0253627463, ||, 0.0, 125.0, 0.0, 71.0, 0.0, 150.0, 0.0, 239.0, 0.0, 207.0, 0.0, 218.0, ||,  14
25202346, 0252023462, ||, 0.0, 194.0, 0.0, 152.0, 0.0, 302.0, 0.0, 178.0, 0.0, 80.0, 0.0, 146.0, ||,  14
25254832, 0252548321, ||, 0.0, 181.0, 0.0, 216.0, 0.0, 190.0, 0.0, 211.0, 0.0, 222.0, 0.0, 228.0, ||,  14
25286023, 0252860230, ||, 0.0, 165.0, 0.0, 212.0, 0.0, 199.0, 0.0, 155.0, 0.0, 227.0, 0.0, 499.0, ||,  14
25589558, 0255895589, ||, 0.0, 407.0, 0.0, 224.0, 0.0, 153.0, 0.0, 274.0, 0.0, 127.0, 0.0, 64.0, ||,  14
25081765, 0250817654, ||, 0.0, 236.0, 0.0, 257.0, 0.0, 199.0, 0.0, 283.0, 0.0, 213.0, 0.0, 203.0, ||,  14
25081842, 0250818426, ||, 0.0, 202.0, 0.0, 171.0, 0.0, 161.0, 0.0, 244.0, 0.0, 183.0, 0.0, 164.0, ||,  14
25274568, 0252745689, ||, 0.0, 196.0, 0.0, 199.0, 0.0, 176.0, 0.0, 194.0, 0.0, 173.0, 0.0, 239.0, ||,  14
25019018, 0250190184, ||, 0.0, 165.0, 0.0, 182.0, 0.0, 180.0, 0.0, 168.0, 0.0, 133.0, 0.0, 188.0, ||,  14
25018041, 0250180415, ||, 0.0, 166.0, 0.0, 167.0, 0.0, 149.0, 0.0, 181.0, 0.0, 185.0, 0.0, 263.0, ||,  14
25302188, 0253021887, ||, 0.0, 81.0, 0.0, 117.0, 0.0, 221.0, 0.0, 245.0, 0.0, 230.0, 0.0, 300.0, ||,  14
25264054, 0252640548, ||, 0.0, 299.0, 0.0, 0.0, 0.0, 0.0, 0.0, 52.0, 0.0, 447.0, 0.0, 438.0, ||,  14
25178628, 0251786281, ||, 0.0, 135.0, 0.0, 154.0, 0.0, 256.0, 0.0, 190.0, 0.0, 205.0, 0.0, 240.0, ||,  14
25024596, 0250245969, ||, 0.0, 138.0, 0.0, 211.0, 0.0, 250.0, 0.0, 121.0, 0.0, 259.0, 0.0, 312.0, ||,  14
25051940, 0250519404, ||, 0.0, 66.0, 0.0, 179.0, 0.0, 52.0, 0.0, 302.0, 0.0, 200.0, 0.0, 246.0, ||,  14
25305596, 0253055967, ||, 0.0, 250.0, 0.0, 56.0, 0.0, 191.0, 0.0, 185.0, 0.0, 85.0, 0.0, 275.0, ||,  14
25428823, 0254288230, ||, 0.0, 190.0, 0.0, 272.0, 0.0, 286.0, 0.0, 235.0, 0.0, 197.0, 0.0, 199.0, ||,  14
25443091, 0254430918, ||, 0.0, 240.0, 0.0, 222.0, 0.0, 137.0, 0.0, 230.0, 0.0, 170.0, 0.0, 196.0, ||,  14
25455013, 0254550131, ||, 0.0, 94.0, 0.0, 265.0, 0.0, 220.0, 0.0, 139.0, 0.0, 200.0, 0.0, 177.0, ||,  14
25464642, 0254646421, ||, 0.0, 73.0, 0.0, 10.0, 0.0, 254.0, 0.0, 256.0, 0.0, 250.0, 0.0, 319.0, ||,  14
25520881, 0255208813, ||, 0.0, 169.0, 0.0, 30.0, 0.0, 383.0, 0.0, 223.0, 0.0, 191.0, 0.0, 280.0, ||,  14
25538319, 0255383196, ||, 0.0, 12.0, 0.0, 0.0, 0.0, 289.0, 0.0, 265.0, 0.0, 5.0, 0.0, 395.0, ||,  14
25570370, 0255703709, ||, 0.0, 208.0, 0.0, 274.0, 0.0, 235.0, 0.0, 185.0, 0.0, 109.0, 0.0, 298.0, ||,  14
25556201, 0255562012, ||, 0.0, 265.0, 0.0, 279.0, 0.0, 245.0, 0.0, 198.0, 0.0, 149.0, 0.0, 241.0, ||,  14
25610182, 0256101823, ||, 0.0, 226.0, 0.0, 247.0, 0.0, 194.0, 0.0, 158.0, 0.0, 148.0, 0.0, 177.0, ||,  14
25645928, 0256459283, ||, 0.0, 88.0, 0.0, 179.0, 0.0, 306.0, 0.0, 369.0, 0.0, 92.0, 0.0, 85.0, ||,  14
25637830, 0256378306, ||, 0.0, 76.0, 0.0, 83.0, 0.0, 35.0, 0.0, 1.0, 0.0, 745.0, 0.0, 576.0, ||,  14
25618222, 0256182228, ||, 0.0, 286.0, 0.0, 305.0, 0.0, 178.0, 0.0, 312.0, 0.0, 184.0, 0.0, 105.0, ||,  14
25615791, 0256157914, ||, 0.0, 205.0, 0.0, 247.0, 0.0, 237.0, 0.0, 243.0, 0.0, 272.0, 0.0, 222.0, ||,  14
25659254, 0256592540, ||, 0.0, 139.0, 0.0, 126.0, 0.0, 107.0, 0.0, 266.0, 0.0, 234.0, 0.0, 180.0, ||,  14
25684168, 0256841684, ||, 0.0, 214.0, 0.0, 245.0, 0.0, 240.0, 0.0, 205.0, 0.0, 173.0, 0.0, 181.0, ||,  14
25680902, 0256809020, ||, 0.0, 118.0, 0.0, 202.0, 0.0, 257.0, 0.0, 254.0, 0.0, 286.0, 0.0, 173.0, ||,  14
25669361, 0256693618, ||, 0.0, 160.0, 0.0, 149.0, 0.0, 149.0, 0.0, 192.0, 0.0, 192.0, 0.0, 160.0, ||,  14
25676642, 0256766428, ||, 0.0, 162.0, 0.0, 179.0, 0.0, 62.0, 0.0, 270.0, 0.0, 171.0, 0.0, 155.0, ||,  14
28802319, 0288023193, ||, 0.0, 191.0, 0.0, 225.0, 0.0, 210.0, 0.0, 177.0, 0.0, 163.0, 0.0, 166.0, ||,  14
811586168, 8113169137, ||, 0.0, 206.0, 0.0, 260.0, 0.0, 192.0, 0.0, 208.0, 0.0, 252.0, 0.0, 101.0, ||,  14
25721560, 0257215602, ||, 0.0, 104.0, 0.0, 96.0, 0.0, 334.0, 0.0, 74.0, 0.0, 76.0, 0.0, 295.0, ||,  14
25720037, 0257200374, ||, 0.0, 171.0, 0.0, 157.0, 0.0, 235.0, 0.0, 131.0, 0.0, 270.0, 0.0, 174.0, ||,  14
25725110, 0257251109, ||, 0.0, 173.0, 0.0, 201.0, 0.0, 168.0, 0.0, 97.0, 0.0, 256.0, 0.0, 181.0, ||,  14
25756070, 0257560702, ||, 0.0, 249.0, 0.0, 215.0, 0.0, 233.0, 0.0, 293.0, 0.0, 229.0, 0.0, 83.0, ||,  14
25725410, 0257254108, ||, 0.0, 101.0, 0.0, 250.0, 0.0, 288.0, 0.0, 148.0, 0.0, 223.0, 0.0, 237.0, ||,  14
25750354, 0257503545, ||, 0.0, 176.0, 0.0, 215.0, 0.0, 200.0, 0.0, 216.0, 0.0, 192.0, 0.0, 194.0, ||,  14
25755414, 0257554149, ||, 0.0, 260.0, 0.0, 298.0, 0.0, 218.0, 0.0, 84.0, 0.0, 297.0, 0.0, 209.0, ||,  14
25720621, 0257206213, ||, 0.0, 293.0, 0.0, 224.0, 0.0, 154.0, 0.0, 77.0, 0.0, 258.0, 0.0, 218.0, ||,  14
25725865, 0257258650, ||, 0.0, 241.0, 0.0, 269.0, 0.0, 204.0, 0.0, 220.0, 0.0, 233.0, 0.0, 262.0, ||,  14
25770024, 0257700249, ||, 0.0, 297.0, 0.0, 323.0, 0.0, 159.0, 0.0, 143.0, 0.0, 96.0, 0.0, 207.0, ||,  14
25769668, 0257696689, ||, 0.0, 306.0, 0.0, 225.0, 0.0, 237.0, 0.0, 182.0, 0.0, 286.0, 0.0, 206.0, ||,  14
25766738, 0257667386, ||, 0.0, 236.0, 0.0, 212.0, 0.0, 252.0, 0.0, 230.0, 0.0, 206.0, 0.0, 219.0, ||,  14
25791631, 0257916316, ||, 0.0, 179.0, 0.0, 216.0, 0.0, 200.0, 0.0, 0.0, 0.0, 360.0, 0.0, 405.0, ||,  14
25781973, 0257819732, ||, 0.0, 307.0, 0.0, 277.0, 0.0, 232.0, 0.0, 184.0, 0.0, 168.0, 0.0, 212.0, ||,  14
25799792, 0257997926, ||, 0.0, 166.0, 0.0, 214.0, 0.0, 188.0, 0.0, 194.0, 0.0, 234.0, 0.0, 276.0, ||,  14
25798056, 0257980562, ||, 0.0, 94.0, 0.0, 225.0, 0.0, 131.0, 0.0, 200.0, 0.0, 141.0, 0.0, 183.0, ||,  14
25802446, 0258024461, ||, 0.0, 201.0, 0.0, 231.0, 0.0, 215.0, 0.0, 213.0, 0.0, 210.0, 0.0, 217.0, ||,  14
25802188, 0258021882, ||, 0.0, 203.0, 0.0, 265.0, 0.0, 268.0, 0.0, 174.0, 0.0, 156.0, 0.0, 186.0, ||,  14
25834178, 0258341782, ||, 0.0, 38.0, 0.0, 48.0, 0.0, 60.0, 0.0, 156.0, 0.0, 230.0, 0.0, 372.0, ||,  14
25894581, 0258945812, ||, 0.0, 300.0, 0.0, 214.0, 0.0, 199.0, 0.0, 200.0, 0.0, 214.0, 0.0, 200.0, ||,  14
25934270, 0259342702, ||, 0.0, 167.0, 0.0, 209.0, 0.0, 154.0, 0.0, 167.0, 0.0, 162.0, 0.0, 214.0, ||,  14
25934969, 0259349699, ||, 0.0, 131.0, 0.0, 118.0, 0.0, 213.0, 0.0, 227.0, 0.0, 222.0, 0.0, 180.0, ||,  14
25934217, 0259342177, ||, 0.0, 255.0, 0.0, 189.0, 0.0, 309.0, 0.0, 120.0, 0.0, 159.0, 0.0, 252.0, ||,  14
25958757, 0259587576, ||, 0.0, 81.0, 0.0, 115.0, 0.0, 185.0, 0.0, 186.0, 0.0, 120.0, 0.0, 282.0, ||,  14
25959583, 0259595832, ||, 0.0, 258.0, 0.0, 307.0, 0.0, 233.0, 0.0, 171.0, 0.0, 156.0, 0.0, 282.0, ||,  14
25961355, 0259613554, ||, 0.0, 164.0, 0.0, 164.0, 0.0, 143.0, 0.0, 175.0, 0.0, 174.0, 0.0, 175.0, ||,  14
25960052, 0259600525, ||, 0.0, 133.0, 0.0, 335.0, 0.0, 265.0, 0.0, 183.0, 0.0, 140.0, 0.0, 111.0, ||,  14
25976007, 0259760074, ||, 0.0, 234.0, 0.0, 198.0, 0.0, 225.0, 0.0, 228.0, 0.0, 232.0, 0.0, 215.0, ||,  14
25965357, 0259653574, ||, 0.0, 170.0, 0.0, 174.0, 0.0, 148.0, 0.0, 213.0, 0.0, 179.0, 0.0, 140.0, ||,  14
25121448, 0251214485, ||, 0.0, 98.0, 0.0, 303.0, 0.0, 261.0, 0.0, 274.0, 0.0, 284.0, 0.0, 335.0, ||,  14
804782872, 8046901842, ||, 0.0, 180.0, 0.0, 234.0, 0.0, 202.0, 0.0, 171.0, 0.0, 168.0, 0.0, 231.0, ||,  14
800364184, 8003569991, ||, 0.0, 189.0, 0.0, 203.0, 0.0, 152.0, 0.0, 130.0, 0.0, 163.0, 0.0, 229.0, ||,  14
807440395, 8072756421, ||, 0.0, 252.0, 0.0, 216.0, 0.0, 270.0, 0.0, 164.0, 0.0, 243.0, 0.0, 296.0, ||,  14
812174950, 8118718985, ||, 0.0, 94.0, 0.0, 15.0, 0.0, 114.0, 0.0, 183.0, 0.0, 222.0, 0.0, 264.0, ||,  14
25994505, 0259945057, ||, 0.0, 139.0, 0.0, 130.0, 0.0, 201.0, 0.0, 189.0, 0.0, 152.0, 0.0, 203.0, ||,  14
26001497, 0260014973, ||, 0.0, 159.0, 0.0, 185.0, 0.0, 158.0, 0.0, 174.0, 0.0, 156.0, 0.0, 185.0, ||,  14
26016642, 0260166427, ||, 0.0, 446.0, 0.0, 252.0, 0.0, 18.0, 0.0, 27.0, 0.0, 382.0, 0.0, 349.0, ||,  14
26052717, 0260527170, ||, 0.0, 196.0, 0.0, 190.0, 0.0, 182.0, 0.0, 164.0, 0.0, 207.0, 0.0, 262.0, ||,  14
26047864, 0260478641, ||, 0.0, 149.0, 0.0, 140.0, 0.0, 177.0, 0.0, 201.0, 0.0, 205.0, 0.0, 150.0, ||,  14
26053550, 0260535508, ||, 0.0, 131.0, 0.0, 204.0, 0.0, 178.0, 0.0, 167.0, 0.0, 179.0, 0.0, 273.0, ||,  14
26072560, 0260725604, ||, 0.0, 204.0, 0.0, 162.0, 0.0, 268.0, 0.0, 244.0, 0.0, 183.0, 0.0, 209.0, ||,  14
26075194, 0260751940, ||, 0.0, 270.0, 0.0, 187.0, 0.0, 351.0, 0.0, 208.0, 0.0, 190.0, 0.0, 178.0, ||,  14
26088577, 0260885775, ||, 0.0, 151.0, 0.0, 188.0, 0.0, 221.0, 0.0, 90.0, 0.0, 192.0, 0.0, 194.0, ||,  14
26079650, 0260796503, ||, 0.0, 168.0, 0.0, 172.0, 0.0, 216.0, 0.0, 247.0, 0.0, 226.0, 0.0, 184.0, ||,  14
26086818, 0260868189, ||, 0.0, 229.0, 0.0, 243.0, 0.0, 256.0, 0.0, 184.0, 0.0, 281.0, 0.0, 232.0, ||,  14
26111906, 0261119060, ||, 0.0, 176.0, 0.0, 212.0, 0.0, 290.0, 0.0, 231.0, 0.0, 220.0, 0.0, 268.0, ||,  14
26142829, 0261428298, ||, 0.0, 196.0, 0.0, 218.0, 0.0, 147.0, 0.0, 239.0, 0.0, 178.0, 0.0, 177.0, ||,  14
26150167, 0261501676, ||, 0.0, 203.0, 0.0, 219.0, 0.0, 178.0, 0.0, 145.0, 0.0, 149.0, 0.0, 189.0, ||,  14
--------------------------------------
	簇ID:	 计数
	15:	 153

	样本数据

25462403, 0254624032, ||, 0.0, 472.0, 0.0, 534.0, 0.0, 654.0, 0.0, 786.0, 0.0, 645.0, 0.0, 641.0, ||,  15
25492969, 0254929690, ||, 0.0, 694.0, 0.0, 842.0, 0.0, 656.0, 0.0, 880.0, 0.0, 600.0, 0.0, 543.0, ||,  15
31007765, 0310077655, ||, 0.0, 543.0, 0.0, 540.0, 0.0, 583.0, 0.0, 543.0, 0.0, 528.0, 0.0, 557.0, ||,  15
31550741, 0315507414, ||, 0.0, 599.0, 0.0, 801.0, 0.0, 524.0, 0.0, 518.0, 0.0, 616.0, 0.0, 437.0, ||,  15
25036394, 0250363942, ||, 0.0, 538.0, 0.0, 508.0, 0.0, 501.0, 0.0, 512.0, 0.0, 540.0, 0.0, 521.0, ||,  15
25580593, 0255805939, ||, 0.0, 591.0, 0.0, 822.0, 0.0, 715.0, 0.0, 685.0, 0.0, 677.0, 0.0, 0.0, ||,  15
25108386, 0251083861, ||, 0.0, 776.0, 0.0, 680.0, 0.0, 462.0, 0.0, 459.0, 0.0, 295.0, 0.0, 377.0, ||,  15
25068096, 0250680960, ||, 0.0, 662.0, 0.0, 662.0, 0.0, 515.0, 0.0, 498.0, 0.0, 440.0, 0.0, 581.0, ||,  15
25070482, 0250704824, ||, 0.0, 608.0, 0.0, 645.0, 0.0, 594.0, 0.0, 516.0, 0.0, 436.0, 0.0, 518.0, ||,  15
25110881, 0251108816, ||, 0.0, 447.0, 0.0, 573.0, 0.0, 585.0, 0.0, 611.0, 0.0, 447.0, 0.0, 448.0, ||,  15
25053203, 0250532030, ||, 0.0, 554.0, 0.0, 596.0, 0.0, 748.0, 0.0, 530.0, 0.0, 558.0, 0.0, 446.0, ||,  15
25220830, 0252208302, ||, 0.0, 575.0, 0.0, 585.0, 0.0, 602.0, 0.0, 551.0, 0.0, 499.0, 0.0, 640.0, ||,  15
25449975, 0254499751, ||, 0.0, 449.0, 0.0, 539.0, 0.0, 560.0, 0.0, 480.0, 0.0, 387.0, 0.0, 540.0, ||,  15
25495481, 0254954816, ||, 0.0, 653.0, 0.0, 800.0, 0.0, 601.0, 0.0, 818.0, 0.0, 721.0, 0.0, 353.0, ||,  15
25509755, 0255097552, ||, 0.0, 652.0, 0.0, 628.0, 0.0, 513.0, 0.0, 597.0, 0.0, 556.0, 0.0, 520.0, ||,  15
25540353, 0255403537, ||, 0.0, 505.0, 0.0, 577.0, 0.0, 649.0, 0.0, 963.0, 0.0, 837.0, 0.0, 680.0, ||,  15
25571529, 0255715298, ||, 0.0, 807.0, 0.0, 791.0, 0.0, 478.0, 0.0, 414.0, 0.0, 486.0, 0.0, 677.0, ||,  15
25644722, 0256447228, ||, 0.0, 653.0, 0.0, 730.0, 0.0, 795.0, 0.0, 655.0, 0.0, 186.0, 0.0, 170.0, ||,  15
802061774, 8020432128, ||, 0.0, 548.0, 0.0, 271.0, 0.0, 484.0, 0.0, 558.0, 0.0, 728.0, 0.0, 640.0, ||,  15
25689880, 0256898808, ||, 0.0, 662.0, 0.0, 785.0, 0.0, 678.0, 0.0, 587.0, 0.0, 540.0, 0.0, 668.0, ||,  15
25775610, 0257756109, ||, 0.0, 591.0, 0.0, 617.0, 0.0, 507.0, 0.0, 415.0, 0.0, 370.0, 0.0, 429.0, ||,  15
25789442, 0257894429, ||, 0.0, 518.0, 0.0, 702.0, 0.0, 688.0, 0.0, 610.0, 0.0, 620.0, 0.0, 749.0, ||,  15
25791153, 0257911539, ||, 0.0, 532.0, 0.0, 647.0, 0.0, 497.0, 0.0, 459.0, 0.0, 369.0, 0.0, 434.0, ||,  15
25787267, 0257872678, ||, 0.0, 501.0, 0.0, 510.0, 0.0, 595.0, 0.0, 427.0, 0.0, 439.0, 0.0, 483.0, ||,  15
25857473, 0258574735, ||, 0.0, 716.0, 0.0, 667.0, 0.0, 808.0, 0.0, 751.0, 0.0, 584.0, 0.0, 4.0, ||,  15
25864828, 0258648287, ||, 0.0, 583.0, 0.0, 740.0, 0.0, 587.0, 0.0, 570.0, 0.0, 593.0, 0.0, 732.0, ||,  15
25863997, 0258639973, ||, 0.0, 874.0, 0.0, 849.0, 0.0, 548.0, 0.0, 472.0, 0.0, 513.0, 0.0, 515.0, ||,  15
25864632, 0258646324, ||, 0.0, 513.0, 0.0, 641.0, 0.0, 564.0, 0.0, 644.0, 0.0, 494.0, 0.0, 488.0, ||,  15
25976316, 0259763161, ||, 0.0, 461.0, 0.0, 538.0, 0.0, 607.0, 0.0, 513.0, 0.0, 411.0, 0.0, 519.0, ||,  15
800568245, 8005565021, ||, 0.0, 518.0, 0.0, 592.0, 0.0, 551.0, 0.0, 436.0, 0.0, 387.0, 0.0, 442.0, ||,  15
800568546, 8005568017, ||, 0.0, 542.0, 0.0, 609.0, 0.0, 546.0, 0.0, 480.0, 0.0, 444.0, 0.0, 526.0, ||,  15
25161627, 0251616278, ||, 0.0, 429.0, 0.0, 593.0, 0.0, 649.0, 0.0, 502.0, 0.0, 483.0, 0.0, 571.0, ||,  15
800365702, 8003585454, ||, 0.0, 854.0, 0.0, 787.0, 0.0, 854.0, 0.0, 543.0, 0.0, 507.0, 0.0, 571.0, ||,  15
26036451, 0260364515, ||, 0.0, 457.0, 0.0, 697.0, 0.0, 525.0, 0.0, 415.0, 0.0, 396.0, 0.0, 593.0, ||,  15
26074409, 0260744094, ||, 0.0, 467.0, 0.0, 353.0, 0.0, 754.0, 0.0, 564.0, 0.0, 518.0, 0.0, 417.0, ||,  15
26279808, 0262798080, ||, 0.0, 485.0, 0.0, 475.0, 0.0, 420.0, 0.0, 717.0, 0.0, 533.0, 0.0, 368.0, ||,  15
26242367, 0262423672, ||, 0.0, 540.0, 0.0, 591.0, 0.0, 749.0, 0.0, 536.0, 0.0, 599.0, 0.0, 590.0, ||,  15
26375320, 0263753200, ||, 0.0, 520.0, 0.0, 520.0, 0.0, 637.0, 0.0, 658.0, 0.0, 584.0, 0.0, 531.0, ||,  15
26420488, 0264204884, ||, 0.0, 707.0, 0.0, 629.0, 0.0, 619.0, 0.0, 707.0, 0.0, 567.0, 0.0, 775.0, ||,  15
26386226, 0263862269, ||, 0.0, 710.0, 0.0, 608.0, 0.0, 748.0, 0.0, 329.0, 0.0, 258.0, 0.0, 482.0, ||,  15
26416733, 0264167336, ||, 0.0, 548.0, 0.0, 705.0, 0.0, 558.0, 0.0, 364.0, 0.0, 391.0, 0.0, 410.0, ||,  15
26440089, 0264400891, ||, 0.0, 627.0, 0.0, 768.0, 0.0, 554.0, 0.0, 546.0, 0.0, 376.0, 0.0, 266.0, ||,  15
26446894, 0264468947, ||, 0.0, 647.0, 0.0, 554.0, 0.0, 630.0, 0.0, 603.0, 0.0, 516.0, 0.0, 547.0, ||,  15
803587795, 8035279109, ||, 0.0, 618.0, 0.0, 745.0, 0.0, 642.0, 0.0, 554.0, 0.0, 499.0, 0.0, 683.0, ||,  15
805599153, 8054871863, ||, 0.0, 579.0, 0.0, 506.0, 0.0, 1245.0, 0.0, 287.0, 0.0, 253.0, 0.0, 346.0, ||,  15
26472981, 0264729815, ||, 0.0, 494.0, 0.0, 540.0, 0.0, 802.0, 0.0, 482.0, 0.0, 371.0, 0.0, 461.0, ||,  15
26482002, 0264820026, ||, 0.0, 533.0, 0.0, 524.0, 0.0, 485.0, 0.0, 566.0, 0.0, 466.0, 0.0, 427.0, ||,  15
26498529, 0264985293, ||, 0.0, 468.0, 0.0, 499.0, 0.0, 514.0, 0.0, 470.0, 0.0, 585.0, 0.0, 564.0, ||,  15
26503624, 0265036240, ||, 0.0, 548.0, 0.0, 552.0, 0.0, 933.0, 0.0, 775.0, 0.0, 786.0, 0.0, 574.0, ||,  15
26507239, 0265072398, ||, 0.0, 812.0, 0.0, 597.0, 0.0, 608.0, 0.0, 696.0, 0.0, 640.0, 0.0, 545.0, ||,  15
26612651, 0266126517, ||, 0.0, 752.0, 0.0, 420.0, 0.0, 346.0, 0.0, 967.0, 0.0, 456.0, 0.0, 418.0, ||,  15
26647140, 0266471402, ||, 0.0, 772.0, 0.0, 719.0, 0.0, 788.0, 0.0, 613.0, 0.0, 420.0, 0.0, 593.0, ||,  15
26640064, 0266400646, ||, 0.0, 709.0, 0.0, 675.0, 0.0, 715.0, 0.0, 668.0, 0.0, 527.0, 0.0, 703.0, ||,  15
26642095, 0266420954, ||, 0.0, 753.0, 0.0, 445.0, 0.0, 506.0, 0.0, 248.0, 0.0, 405.0, 0.0, 627.0, ||,  15
26716762, 0267167629, ||, 0.0, 598.0, 0.0, 742.0, 0.0, 911.0, 0.0, 670.0, 0.0, 482.0, 0.0, 640.0, ||,  15
26742453, 0267424537, ||, 0.0, 454.0, 0.0, 535.0, 0.0, 596.0, 0.0, 505.0, 0.0, 492.0, 0.0, 452.0, ||,  15
26782894, 0267828948, ||, 0.0, 780.0, 0.0, 761.0, 0.0, 910.0, 0.0, 577.0, 0.0, 557.0, 0.0, 635.0, ||,  15
26871585, 0268715858, ||, 0.0, 602.0, 0.0, 691.0, 0.0, 703.0, 0.0, 513.0, 0.0, 470.0, 0.0, 584.0, ||,  15
800385978, 8003785232, ||, 0.0, 453.0, 0.0, 595.0, 0.0, 562.0, 0.0, 512.0, 0.0, 437.0, 0.0, 585.0, ||,  15
812178714, 8118756329, ||, 0.0, 555.0, 0.0, 625.0, 0.0, 634.0, 0.0, 584.0, 0.0, 505.0, 0.0, 429.0, ||,  15
26924698, 0269246980, ||, 0.0, 710.0, 0.0, 680.0, 0.0, 605.0, 0.0, 424.0, 0.0, 425.0, 0.0, 447.0, ||,  15
802035962, 8020176037, ||, 0.0, 469.0, 0.0, 498.0, 0.0, 695.0, 0.0, 433.0, 0.0, 455.0, 0.0, 581.0, ||,  15
800183791, 8001799288, ||, 0.0, 373.0, 0.0, 709.0, 0.0, 595.0, 0.0, 555.0, 0.0, 488.0, 0.0, 120.0, ||,  15
805232937, 8051326009, ||, 0.0, 579.0, 0.0, 585.0, 0.0, 788.0, 0.0, 564.0, 0.0, 551.0, 0.0, 521.0, ||,  15
809364020, 8091572648, ||, 0.0, 670.0, 0.0, 669.0, 0.0, 609.0, 0.0, 436.0, 0.0, 350.0, 0.0, 458.0, ||,  15
27191879, 0271918790, ||, 0.0, 623.0, 0.0, 482.0, 0.0, 755.0, 0.0, 394.0, 0.0, 491.0, 0.0, 588.0, ||,  15
27176747, 0271767477, ||, 0.0, 670.0, 0.0, 333.0, 0.0, 176.0, 0.0, 1187.0, 0.0, 859.0, 0.0, 0.0, ||,  15
804082247, 8040075646, ||, 0.0, 505.0, 0.0, 383.0, 0.0, 482.0, 0.0, 606.0, 0.0, 531.0, 0.0, 591.0, ||,  15
802988496, 8029498349, ||, 0.0, 651.0, 0.0, 820.0, 0.0, 767.0, 0.0, 746.0, 0.0, 663.0, 0.0, 552.0, ||,  15
808793340, 8085923261, ||, 0.0, 160.0, 0.0, 635.0, 0.0, 716.0, 0.0, 453.0, 0.0, 497.0, 0.0, 828.0, ||,  15
27094615, 0270946158, ||, 0.0, 572.0, 0.0, 695.0, 0.0, 857.0, 0.0, 850.0, 0.0, 757.0, 0.0, 613.0, ||,  15
748097017, 7480970175, ||, 0.0, 943.0, 0.0, 714.0, 0.0, 573.0, 0.0, 540.0, 0.0, 652.0, 0.0, 608.0, ||,  15
785041886, 7850418867, ||, 0.0, 712.0, 0.0, 731.0, 0.0, 892.0, 0.0, 501.0, 0.0, 474.0, 0.0, 667.0, ||,  15
785114300, 7851143001, ||, 0.0, 354.0, 0.0, 480.0, 0.0, 658.0, 0.0, 575.0, 0.0, 522.0, 0.0, 559.0, ||,  15
30635972, 0306359723, ||, 0.0, 633.0, 0.0, 694.0, 0.0, 769.0, 0.0, 485.0, 0.0, 345.0, 0.0, 322.0, ||,  15
30650729, 0306507294, ||, 0.0, 661.0, 0.0, 794.0, 0.0, 777.0, 0.0, 628.0, 0.0, 570.0, 0.0, 568.0, ||,  15
30665789, 0306657898, ||, 0.0, 723.0, 0.0, 949.0, 0.0, 589.0, 0.0, 450.0, 0.0, 540.0, 0.0, 423.0, ||,  15
30663333, 0306633331, ||, 0.0, 523.0, 0.0, 411.0, 0.0, 599.0, 0.0, 487.0, 0.0, 453.0, 0.0, 468.0, ||,  15
30664121, 0306641219, ||, 0.0, 473.0, 0.0, 541.0, 0.0, 724.0, 0.0, 632.0, 0.0, 565.0, 0.0, 609.0, ||,  15
30662314, 0306623141, ||, 0.0, 548.0, 0.0, 579.0, 0.0, 486.0, 0.0, 495.0, 0.0, 543.0, 0.0, 584.0, ||,  15
30749008, 0307490085, ||, 0.0, 571.0, 0.0, 584.0, 0.0, 563.0, 0.0, 404.0, 0.0, 412.0, 0.0, 414.0, ||,  15
30772393, 0307723930, ||, 0.0, 612.0, 0.0, 591.0, 0.0, 604.0, 0.0, 554.0, 0.0, 517.0, 0.0, 533.0, ||,  15
30769935, 0307699352, ||, 0.0, 565.0, 0.0, 600.0, 0.0, 687.0, 0.0, 533.0, 0.0, 421.0, 0.0, 333.0, ||,  15
804659280, 8045727018, ||, 0.0, 497.0, 0.0, 444.0, 0.0, 410.0, 0.0, 526.0, 0.0, 797.0, 0.0, 450.0, ||,  15
801534379, 8015190091, ||, 0.0, 491.0, 0.0, 509.0, 0.0, 561.0, 0.0, 511.0, 0.0, 531.0, 0.0, 342.0, ||,  15
30920954, 0309209542, ||, 0.0, 591.0, 0.0, 659.0, 0.0, 0.0, 0.0, 1172.0, 0.0, 615.0, 0.0, 473.0, ||,  15
30934586, 0309345866, ||, 0.0, 528.0, 0.0, 533.0, 0.0, 693.0, 0.0, 418.0, 0.0, 432.0, 0.0, 477.0, ||,  15
30948345, 0309483450, ||, 0.0, 695.0, 0.0, 645.0, 0.0, 659.0, 0.0, 527.0, 0.0, 495.0, 0.0, 508.0, ||,  15
30969147, 0309691477, ||, 0.0, 641.0, 0.0, 681.0, 0.0, 641.0, 0.0, 444.0, 0.0, 661.0, 0.0, 559.0, ||,  15
30968800, 0309688002, ||, 0.0, 921.0, 0.0, 848.0, 0.0, 667.0, 0.0, 492.0, 0.0, 813.0, 0.0, 459.0, ||,  15
30995254, 0309952547, ||, 0.0, 564.0, 0.0, 554.0, 0.0, 527.0, 0.0, 520.0, 0.0, 503.0, 0.0, 451.0, ||,  15
31060736, 0310607366, ||, 0.0, 621.0, 0.0, 676.0, 0.0, 712.0, 0.0, 385.0, 0.0, 410.0, 0.0, 463.0, ||,  15
31048090, 0310480905, ||, 0.0, 408.0, 0.0, 666.0, 0.0, 672.0, 0.0, 424.0, 0.0, 417.0, 0.0, 440.0, ||,  15
31064266, 0310642668, ||, 0.0, 532.0, 0.0, 541.0, 0.0, 565.0, 0.0, 491.0, 0.0, 477.0, 0.0, 560.0, ||,  15
31063296, 0310632960, ||, 0.0, 601.0, 0.0, 471.0, 0.0, 601.0, 0.0, 500.0, 0.0, 743.0, 0.0, 603.0, ||,  15
31072976, 0310729761, ||, 0.0, 556.0, 0.0, 472.0, 0.0, 605.0, 0.0, 484.0, 0.0, 547.0, 0.0, 392.0, ||,  15
31119087, 0311190878, ||, 0.0, 516.0, 0.0, 601.0, 0.0, 492.0, 0.0, 452.0, 0.0, 509.0, 0.0, 468.0, ||,  15
31128685, 0311286852, ||, 0.0, 631.0, 0.0, 722.0, 0.0, 562.0, 0.0, 346.0, 0.0, 355.0, 0.0, 342.0, ||,  15
31129467, 0311294671, ||, 0.0, 605.0, 0.0, 550.0, 0.0, 519.0, 0.0, 483.0, 0.0, 649.0, 0.0, 315.0, ||,  15
31135687, 0311356878, ||, 0.0, 525.0, 0.0, 645.0, 0.0, 840.0, 0.0, 514.0, 0.0, 476.0, 0.0, 403.0, ||,  15
--------------------------------------
	簇ID:	 计数
	16:	 68

	样本数据

25292143, 0252921434, ||, 0.0, 777.0, 0.0, 653.0, 0.0, 335.0, 0.0, 421.0, 0.0, 292.0, 0.0, 424.0, ||,  16
25353252, 0253532525, ||, 0.0, 925.0, 0.0, 179.0, 0.0, 159.0, 0.0, 159.0, 0.0, 118.0, 0.0, 64.0, ||,  16
25185476, 0251854764, ||, 0.0, 846.0, 0.0, 922.0, 0.0, 441.0, 0.0, 280.0, 0.0, 259.0, 0.0, 320.0, ||,  16
25183210, 0251832102, ||, 0.0, 703.0, 0.0, 474.0, 0.0, 167.0, 0.0, 33.0, 0.0, 24.0, 0.0, 35.0, ||,  16
25277608, 0252776089, ||, 0.0, 500.0, 0.0, 530.0, 0.0, 391.0, 0.0, 329.0, 0.0, 168.0, 0.0, 283.0, ||,  16
25411147, 0254111473, ||, 0.0, 69.0, 0.0, 1810.0, 0.0, 190.0, 0.0, 183.0, 0.0, 146.0, 0.0, 200.0, ||,  16
25500443, 0255004437, ||, 0.0, 624.0, 0.0, 271.0, 0.0, 248.0, 0.0, 195.0, 0.0, 202.0, 0.0, 264.0, ||,  16
25533369, 0255333696, ||, 0.0, 811.0, 0.0, 734.0, 0.0, 375.0, 0.0, 254.0, 0.0, 173.0, 0.0, 74.0, ||,  16
25607351, 0256073517, ||, 0.0, 854.0, 0.0, 783.0, 0.0, 579.0, 0.0, 363.0, 0.0, 261.0, 0.0, 283.0, ||,  16
25625616, 0256256161, ||, 0.0, 670.0, 0.0, 651.0, 0.0, 747.0, 0.0, 416.0, 0.0, 286.0, 0.0, 101.0, ||,  16
25682214, 0256822148, ||, 0.0, 505.0, 0.0, 429.0, 0.0, 397.0, 0.0, 276.0, 0.0, 243.0, 0.0, 297.0, ||,  16
25690215, 0256902152, ||, 0.0, 620.0, 0.0, 732.0, 0.0, 422.0, 0.0, 209.0, 0.0, 223.0, 0.0, 205.0, ||,  16
25769552, 0257695527, ||, 0.0, 489.0, 0.0, 940.0, 0.0, 302.0, 0.0, 201.0, 0.0, 188.0, 0.0, 222.0, ||,  16
25975008, 0259750086, ||, 0.0, 446.0, 0.0, 490.0, 0.0, 217.0, 0.0, 135.0, 0.0, 150.0, 0.0, 243.0, ||,  16
25972350, 0259723503, ||, 0.0, 598.0, 0.0, 610.0, 0.0, 494.0, 0.0, 296.0, 0.0, 271.0, 0.0, 284.0, ||,  16
25132707, 0251327071, ||, 0.0, 498.0, 0.0, 439.0, 0.0, 384.0, 0.0, 378.0, 0.0, 322.0, 0.0, 0.0, ||,  16
26076406, 0260764067, ||, 0.0, 759.0, 0.0, 703.0, 0.0, 321.0, 0.0, 134.0, 0.0, 135.0, 0.0, 304.0, ||,  16
26259517, 0262595173, ||, 0.0, 567.0, 0.0, 658.0, 0.0, 117.0, 0.0, 140.0, 0.0, 295.0, 0.0, 242.0, ||,  16
26386482, 0263864829, ||, 0.0, 504.0, 0.0, 365.0, 0.0, 497.0, 0.0, 236.0, 0.0, 266.0, 0.0, 0.0, ||,  16
26385542, 0263855427, ||, 0.0, 575.0, 0.0, 357.0, 0.0, 215.0, 0.0, 173.0, 0.0, 170.0, 0.0, 141.0, ||,  16
26394904, 0263949043, ||, 0.0, 608.0, 0.0, 445.0, 0.0, 454.0, 0.0, 95.0, 0.0, 0.0, 0.0, 307.0, ||,  16
26439535, 0264395355, ||, 0.0, 549.0, 0.0, 400.0, 0.0, 327.0, 0.0, 243.0, 0.0, 245.0, 0.0, 273.0, ||,  16
807170876, 8070180312, ||, 0.0, 583.0, 0.0, 477.0, 0.0, 458.0, 0.0, 303.0, 0.0, 234.0, 0.0, 180.0, ||,  16
26960624, 0269606249, ||, 0.0, 612.0, 0.0, 744.0, 0.0, 466.0, 0.0, 193.0, 0.0, 215.0, 0.0, 401.0, ||,  16
26961609, 0269616093, ||, 0.0, 448.0, 0.0, 540.0, 0.0, 400.0, 0.0, 188.0, 0.0, 180.0, 0.0, 319.0, ||,  16
26964608, 0269646083, ||, 0.0, 792.0, 0.0, 325.0, 0.0, 460.0, 0.0, 217.0, 0.0, 312.0, 0.0, 223.0, ||,  16
809364294, 8091575386, ||, 0.0, 523.0, 0.0, 505.0, 0.0, 427.0, 0.0, 199.0, 0.0, 158.0, 0.0, 221.0, ||,  16
27157377, 0271573773, ||, 0.0, 831.0, 0.0, 651.0, 0.0, 0.0, 0.0, 0.0, 0.0, 0.0, 0.0, 0.0, ||,  16
27154879, 0271548791, ||, 0.0, 803.0, 0.0, 680.0, 0.0, 1008.0, 0.0, 68.0, 0.0, 2.0, 0.0, 476.0, ||,  16
27095156, 0270951561, ||, 0.0, 617.0, 0.0, 491.0, 0.0, 265.0, 0.0, 195.0, 0.0, 197.0, 0.0, 231.0, ||,  16
748054743, 7480547432, ||, 0.0, 508.0, 0.0, 380.0, 0.0, 180.0, 0.0, 61.0, 0.0, 245.0, 0.0, 240.0, ||,  16
748108554, 7481085540, ||, 0.0, 750.0, 0.0, 663.0, 0.0, 230.0, 0.0, 0.0, 0.0, 0.0, 0.0, 0.0, ||,  16
748091406, 7480914067, ||, 0.0, 539.0, 0.0, 424.0, 0.0, 244.0, 0.0, 126.0, 0.0, 0.0, 0.0, 96.0, ||,  16
785022854, 7850228543, ||, 0.0, 247.0, 0.0, 786.0, 0.0, 267.0, 0.0, 277.0, 0.0, 240.0, 0.0, 248.0, ||,  16
785010821, 7850108216, ||, 0.0, 271.0, 0.0, 660.0, 0.0, 670.0, 0.0, 134.0, 0.0, 125.0, 0.0, 162.0, ||,  16
785505934, 7855059346, ||, 0.0, 376.0, 0.0, 880.0, 0.0, 579.0, 0.0, 240.0, 0.0, 295.0, 0.0, 259.0, ||,  16
2788799, 0027887992, ||, 0.0, 663.0, 0.0, 515.0, 238.0, 187.0, 187.0, 221.0, 252.0, 174.0, 230.0, 274.0, ||,  16
17138635, 0171386356, ||, 0.0, 925.0, 460.0, 160.0, 1.0, 8.0, 13.0, 6.0, 3.0, 1.0, 10.0, 0.0, ||,  16
30644278, 0306442782, ||, 0.0, 468.0, 0.0, 414.0, 0.0, 163.0, 0.0, 123.0, 0.0, 161.0, 0.0, 111.0, ||,  16
30739084, 0307390848, ||, 0.0, 425.0, 0.0, 490.0, 0.0, 313.0, 0.0, 68.0, 0.0, 139.0, 0.0, 357.0, ||,  16
30744918, 0307449188, ||, 0.0, 575.0, 0.0, 506.0, 0.0, 0.0, 0.0, 99.0, 0.0, 81.0, 0.0, 107.0, ||,  16
30840502, 0308405024, ||, 0.0, 465.0, 0.0, 533.0, 0.0, 422.0, 0.0, 276.0, 0.0, 227.0, 0.0, 242.0, ||,  16
802908545, 8028736866, ||, 0.0, 626.0, 0.0, 747.0, 0.0, 512.0, 0.0, 428.0, 0.0, 256.0, 0.0, 183.0, ||,  16
30931264, 0309312646, ||, 0.0, 478.0, 0.0, 436.0, 0.0, 271.0, 0.0, 0.0, 0.0, 299.0, 0.0, 0.0, ||,  16
31008723, 0310087236, ||, 0.0, 544.0, 0.0, 320.0, 0.0, 247.0, 0.0, 106.0, 0.0, 137.0, 0.0, 124.0, ||,  16
31014075, 0310140755, ||, 0.0, 548.0, 0.0, 496.0, 0.0, 353.0, 0.0, 178.0, 0.0, 193.0, 0.0, 166.0, ||,  16
31070972, 0310709727, ||, 0.0, 558.0, 0.0, 375.0, 0.0, 588.0, 0.0, 305.0, 0.0, 0.0, 0.0, 291.0, ||,  16
31064334, 0310643342, ||, 0.0, 625.0, 0.0, 566.0, 0.0, 0.0, 0.0, 0.0, 0.0, 0.0, 0.0, 0.0, ||,  16
31107964, 0311079649, ||, 0.0, 966.0, 0.0, 385.0, 0.0, 0.0, 0.0, 265.0, 0.0, 188.0, 0.0, 546.0, ||,  16
31170438, 0311704387, ||, 0.0, 491.0, 0.0, 432.0, 0.0, 329.0, 0.0, 172.0, 0.0, 143.0, 0.0, 181.0, ||,  16
31181197, 0311811975, ||, 0.0, 596.0, 0.0, 510.0, 0.0, 308.0, 0.0, 309.0, 0.0, 326.0, 0.0, 0.0, ||,  16
31244940, 0312449405, ||, 0.0, 677.0, 0.0, 424.0, 0.0, 616.0, 0.0, 413.0, 0.0, 181.0, 0.0, 0.0, ||,  16
31308232, 0313082322, ||, 0.0, 646.0, 0.0, 622.0, 0.0, 521.0, 0.0, 413.0, 0.0, 325.0, 0.0, 288.0, ||,  16
31342391, 0313423914, ||, 0.0, 409.0, 0.0, 625.0, 0.0, 373.0, 0.0, 0.0, 0.0, 29.0, 0.0, 0.0, ||,  16
31364162, 0313641626, ||, 0.0, 620.0, 0.0, 426.0, 0.0, 245.0, 0.0, 245.0, 0.0, 152.0, 0.0, 309.0, ||,  16
31363535, 0313635353, ||, 0.0, 446.0, 0.0, 655.0, 0.0, 405.0, 0.0, 320.0, 0.0, 250.0, 0.0, 296.0, ||,  16
31553687, 0315536876, ||, 0.0, 615.0, 0.0, 601.0, 0.0, 472.0, 0.0, 218.0, 0.0, 213.0, 0.0, 349.0, ||,  16
31598199, 0315981995, ||, 0.0, 556.0, 0.0, 559.0, 0.0, 414.0, 0.0, 342.0, 0.0, 0.0, 454.0, 213.0, ||,  16
31726248, 0317262489, ||, 0.0, 563.0, 0.0, 527.0, 0.0, 408.0, 0.0, 251.0, 0.0, 200.0, 0.0, 238.0, ||,  16
31745320, 0317453201, ||, 0.0, 553.0, 0.0, 560.0, 0.0, 566.0, 0.0, 321.0, 0.0, 193.0, 0.0, 268.0, ||,  16
30358460, 0303584607, ||, 0.0, 755.0, 0.0, 495.0, 0.0, 476.0, 0.0, 134.0, 0.0, 315.0, 0.0, 484.0, ||,  16
30452719, 0304527193, ||, 0.0, 938.0, 0.0, 599.0, 0.0, 396.0, 0.0, 180.0, 0.0, 224.0, 0.0, 335.0, ||,  16
670021999, 6700219995, ||, 0.0, 770.0, 105.0, 169.0, 214.0, 174.0, 146.0, 117.0, 0.0, 236.0, 99.0, 105.0, ||,  16
30506558, 0305065588, ||, 0.0, 692.0, 0.0, 703.0, 0.0, 387.0, 0.0, 162.0, 0.0, 400.0, 0.0, 542.0, ||,  16
801336822, 8013246330, ||, 0.0, 727.0, 0.0, 458.0, 0.0, 308.0, 0.0, 283.0, 0.0, 315.0, 0.0, 292.0, ||,  16
30546817, 0305468172, ||, 0.0, 1013.0, 0.0, 586.0, 0.0, 689.0, 0.0, 256.0, 0.0, 83.0, 0.0, 50.0, ||,  16
30567017, 0305670175, ||, 0.0, 426.0, 0.0, 570.0, 0.0, 202.0, 0.0, 0.0, 0.0, 0.0, 0.0, 0.0, ||,  16
30585457, 0305854575, ||, 0.0, 482.0, 0.0, 499.0, 0.0, 266.0, 0.0, 204.0, 0.0, 205.0, 0.0, 258.0, ||,  16
--------------------------------------
	簇ID:	 计数
	17:	 3

	样本数据

802695048, 8026647399, ||, 0.0, 367.0, 327.0, 477.0, 97.0, 0.0, 998.0, 905.0, 969.0, 480.0, 527.0, 518.0, ||,  17
755235940, 7552359408, ||, 0.0, 22.0, 99.0, 128.0, 105.0, 80.0, 71.0, 1081.0, 0.0, 0.0, 0.0, 0.0, ||,  17
698083594, 6980835944, ||, 0.0, 10.0, 20.0, 20.0, 497.0, 219.0, 82.0, 753.0, 149.0, 151.0, 145.0, 135.0, ||,  17
--------------------------------------
	簇ID:	 计数
	18:	 1

	样本数据

27032617, 0270326174, ||, 0.0, 331.0, 0.0, 885.0, 0.0, 999.0, 0.0, 0.0, 0.0, 759.0, 0.0, 2440.0, ||,  18
--------------------------------------
	簇ID:	 计数
	19:	 79

	样本数据

25991555, 0259915559, ||, 0.0, 302.0, 0.0, 203.0, 0.0, 40.0, 0.0, 0.0, 613.0, 0.0, 504.0, 0.0, ||,  19
600129077, 6001290772, ||, 0.0, 31.0, 600.0, 148.0, 10.0, 340.0, 105.0, 211.0, 202.0, 87.0, 94.0, 621.0, ||,  19
692003599, 6920035997, ||, 0.0, 29.0, 78.0, 122.0, 77.0, 105.0, 114.0, 65.0, 250.0, 124.0, 513.0, 51.0, ||,  19
19556669, 0195566695, ||, 0.0, 569.0, 201.0, 12.0, 0.0, 0.0, 365.0, 13.0, 0.0, 0.0, 0.0, 1.0, ||,  19
812942966, 8126141254, ||, 0.0, 320.0, 236.0, 241.0, 212.0, 154.0, 139.0, 141.0, 159.0, 150.0, 165.0, 170.0, ||,  19
30500260, 0305002600, ||, 0.0, 89.0, 25.0, 100.0, 117.0, 0.0, 0.0, 0.0, 259.0, 78.0, 84.0, 0.0, ||,  19
743013491, 0743013491, ||, 0.0, 32.0, 380.0, 190.0, 550.0, 57.0, 133.0, 2.0, 24.0, 0.0, 0.0, 95.0, ||,  19
26122208, 0261222089, ||, 0.0, 147.0, 0.0, 155.0, 0.0, 0.0, 0.0, 0.0, 406.0, 0.0, 110.0, 0.0, ||,  19
26132379, 0261323795, ||, 0.0, 200.0, 0.0, 216.0, 0.0, 214.0, 0.0, 0.0, 308.0, 0.0, 216.0, 0.0, ||,  19
26126294, 0261262940, ||, 0.0, 247.0, 0.0, 210.0, 0.0, 253.0, 0.0, 0.0, 300.0, 0.0, 365.0, 0.0, ||,  19
26126000, 0261260003, ||, 0.0, 351.0, 0.0, 338.0, 0.0, 263.0, 0.0, 0.0, 325.0, 0.0, 218.0, 0.0, ||,  19
807114368, 8069624016, ||, 0.0, 153.0, 0.0, 174.0, 0.0, 164.0, 0.0, 0.0, 244.0, 0.0, 148.0, 0.0, ||,  19
807114026, 8069620593, ||, 0.0, 290.0, 0.0, 266.0, 0.0, 344.0, 0.0, 0.0, 391.0, 0.0, 296.0, 0.0, ||,  19
812841820, 8125219505, ||, 0.0, 93.0, 139.0, 156.0, 184.0, 139.0, 129.0, 134.0, 119.0, 124.0, 182.0, 175.0, ||,  19
27217229, 0272172290, ||, 0.0, 71.0, 25.0, 24.0, 531.0, 93.0, 108.0, 77.0, 0.0, 11.0, 0.0, 0.0, ||,  19
27255459, 0272554599, ||, 0.0, 30.0, 0.0, 0.0, 0.0, 0.0, 0.0, 0.0, 999.0, 85.0, 83.0, 96.0, ||,  19
709216342, 7092163428, ||, 0.0, 299.0, 70.0, 91.0, 95.0, 110.0, 78.0, 91.0, 79.0, 82.0, 72.0, 73.0, ||,  19
709269893, 7092698939, ||, 0.0, 2.0, 227.0, 30.0, 54.0, 20.0, 115.0, 0.0, 181.0, 107.0, 0.0, 252.0, ||,  19
731183383, 7311833831, ||, 0.0, 100.0, 100.0, 100.0, 100.0, 60.0, 84.0, 96.0, 104.0, 111.0, 89.0, 110.0, ||,  19
756071219, 7560712190, ||, 0.0, 78.0, 55.0, 74.0, 74.0, 89.0, 78.0, 71.0, 99.0, 80.0, 79.0, 68.0, ||,  19
2026143, 0020261434, ||, 0.0, 70.0, 89.0, 83.0, 73.0, 0.0, 150.0, 54.0, 117.0, 86.0, 107.0, 94.0, ||,  19
2254563, 0022545637, ||, 0.0, 139.0, 0.0, 579.0, 101.0, 0.0, 302.0, 0.0, 0.0, 0.0, 580.0, 163.0, ||,  19
2346627, 0023466278, ||, 0.0, 92.0, 100.0, 250.0, 200.0, 500.0, 300.0, 200.0, 80.0, 208.0, 43.0, 69.0, ||,  19
2362175, 0023621754, ||, 0.0, 270.0, 173.0, 131.0, 133.0, 120.0, 110.0, 67.0, 111.0, 136.0, 139.0, 129.0, ||,  19
2557891, 0025578919, ||, 0.0, 104.0, 52.0, 37.0, 116.0, 45.0, 35.0, 54.0, 154.0, 82.0, 0.0, 178.0, ||,  19
2579148, 0025791482, ||, 0.0, 32.0, 61.0, 77.0, 86.0, 111.0, 122.0, 133.0, 139.0, 138.0, 129.0, 27.0, ||,  19
2628463, 0026284633, ||, 0.0, 74.0, 367.0, 13.0, 0.0, 23.0, 0.0, 25.0, 254.0, 238.0, 367.0, 272.0, ||,  19
691094182, 6910941828, ||, 0.0, 100.0, 335.0, 100.0, 89.0, 111.0, 109.0, 137.0, 131.0, 111.0, 121.0, 115.0, ||,  19
809849001, 8096304561, ||, 0.0, 104.0, 138.0, 0.0, 289.0, 118.0, 125.0, 255.0, 220.0, 168.0, 225.0, 310.0, ||,  19
702107217, 0702107217, ||, 0.0, 10.0, 106.0, 70.0, 58.0, 104.0, 90.0, 187.0, 143.0, 116.0, 96.0, 103.0, ||,  19
808730421, 8085305661, ||, 0.0, 1.0, 0.0, 9.0, 123.0, 136.0, 116.0, 151.0, 125.0, 149.0, 200.0, 182.0, ||,  19
811762312, 8114776978, ||, 0.0, 127.0, 132.0, 82.0, 78.0, 77.0, 74.0, 71.0, 75.0, 76.0, 79.0, 91.0, ||,  19
282877, 0002828770, ||, 0.0, 360.0, 149.0, 178.0, 257.0, 154.0, 152.0, 163.0, 137.0, 138.0, 244.0, 144.0, ||,  19
364862, 0003648621, ||, 0.0, 51.0, 21.0, 70.0, 65.0, 116.0, 104.0, 128.0, 152.0, 101.0, 171.0, 117.0, ||,  19
393458, 0003934584, ||, 0.0, 370.0, 165.0, 185.0, 260.0, 239.0, 168.0, 349.0, 378.0, 181.0, 362.0, 192.0, ||,  19
757058489, 7570584897, ||, 0.0, 60.0, 115.0, 219.0, 172.0, 268.0, 290.0, 298.0, 114.0, 40.0, 489.0, 0.0, ||,  19
813999250, 8136602352, ||, 0.0, 205.0, 7.0, 14.0, 174.0, 323.0, 195.0, 159.0, 162.0, 280.0, 318.0, 286.0, ||,  19
17175173, 0171751738, ||, 0.0, 73.0, 229.0, 76.0, 677.0, 176.0, 106.0, 116.0, 129.0, 132.0, 0.0, 0.0, ||,  19
734018582, 0734018582, ||, 0.0, 430.0, 329.0, 240.0, 304.0, 86.0, 107.0, 178.0, 179.0, 184.0, 197.0, 349.0, ||,  19
734027900, 0734027900, ||, 0.0, 20.0, 0.0, 0.0, 0.0, 57.0, 153.0, 158.0, 179.0, 199.0, 196.0, 167.0, ||,  19
814558103, 8142097168, ||, 0.0, 179.0, 105.0, 94.0, 123.0, 83.0, 85.0, 101.0, 90.0, 96.0, 104.0, 109.0, ||,  19
814139783, 8137997688, ||, 0.0, 200.0, 108.0, 165.0, 242.0, 133.0, 153.0, 96.0, 107.0, 179.0, 242.0, 273.0, ||,  19
814675172, 8143196983, ||, 0.0, 288.0, 169.0, 202.0, 214.0, 188.0, 152.0, 162.0, 182.0, 167.0, 200.0, 199.0, ||,  19
7186379, 0071863795, ||, 0.0, 1.0, 0.0, 1.0, 0.0, 768.0, 243.0, 9.0, 335.0, 152.0, 357.0, 405.0, ||,  19
692005987, 6920059874, ||, 0.0, 20.0, 0.0, 39.0, 89.0, 107.0, 115.0, 131.0, 139.0, 120.0, 87.0, 23.0, ||,  19
695035984, 6950359843, ||, 0.0, 230.0, 167.0, 351.0, 70.0, 106.0, 143.0, 213.0, 213.0, 262.0, 114.0, 205.0, ||,  19
696035679, 6960356791, ||, 0.0, 122.0, 194.0, 115.0, 107.0, 109.0, 133.0, 161.0, 105.0, 110.0, 85.0, 119.0, ||,  19
813176016, 8128419009, ||, 0.0, 76.0, 84.0, 225.0, 226.0, 195.0, 194.0, 383.0, 431.0, 97.0, 146.0, 163.0, ||,  19
708009864, 7080098646, ||, 0.0, 2.0, 557.0, 171.0, 191.0, 142.0, 134.0, 142.0, 134.0, 143.0, 199.0, 98.0, ||,  19
782007489, 7820074899, ||, 0.0, 206.0, 155.0, 150.0, 0.0, 98.0, 26.0, 66.0, 130.0, 38.0, 176.0, 86.0, ||,  19
781012579, 7810125796, ||, 0.0, 11.0, 44.0, 32.0, 46.0, 93.0, 84.0, 15.0, 175.0, 21.0, 199.0, 36.0, ||,  19
812942599, 8126137697, ||, 0.0, 282.0, 182.0, 174.0, 212.0, 114.0, 155.0, 130.0, 122.0, 142.0, 155.0, 170.0, ||,  19
814433303, 8140897636, ||, 0.0, 51.0, 35.0, 7.0, 0.0, 70.0, 133.0, 119.0, 108.0, 116.0, 138.0, 144.0, ||,  19
716017206, 7160172064, ||, 0.0, 179.0, 72.0, 100.0, 0.0, 32.0, 74.0, 123.0, 118.0, 120.0, 96.0, 80.0, ||,  19
716093950, 7160939502, ||, 0.0, 31.0, 71.0, 95.0, 111.0, 63.0, 0.0, 20.0, 292.0, 144.0, 96.0, 117.0, ||,  19
716203574, 7162035749, ||, 0.0, 82.0, 62.0, 245.0, 1.0, 82.0, 13.0, 115.0, 343.0, 57.0, 24.0, 76.0, ||,  19
670087531, 6700875317, ||, 0.0, 1.0, 0.0, 0.0, 14.0, 79.0, 148.0, 349.0, 316.0, 189.0, 117.0, 95.0, ||,  19
670105655, 6701056559, ||, 0.0, 10.0, 107.0, 68.0, 97.0, 45.0, 145.0, 78.0, 110.0, 109.0, 97.0, 80.0, ||,  19
670120857, 6701208572, ||, 0.0, 81.0, 66.0, 56.0, 51.0, 66.0, 82.0, 55.0, 141.0, 101.0, 66.0, 52.0, ||,  19
807028013, 8068773850, ||, 0.0, 20.0, 280.0, 100.0, 135.0, 335.0, 11.0, 216.0, 216.0, 216.0, 76.0, 60.0, ||,  19
21028409, 0210284098, ||, 0.0, 147.0, 122.0, 89.0, 82.0, 100.0, 95.0, 96.0, 77.0, 75.0, 84.0, 65.0, ||,  19
706008190, 0706008190, ||, 0.0, 106.0, 87.0, 44.0, 43.0, 74.0, 83.0, 148.0, 154.0, 121.0, 17.0, 77.0, ||,  19
760113306, 0760113306, ||, 0.0, 100.0, 16.0, 93.0, 77.0, 67.0, 154.0, 111.0, 101.0, 92.0, 71.0, 51.0, ||,  19
760100510, 0760100510, ||, 0.0, 102.0, 138.0, 94.0, 70.0, 71.0, 75.0, 80.0, 74.0, 67.0, 68.0, 43.0, ||,  19
760114775, 0760114775, ||, 0.0, 60.0, 120.0, 102.0, 60.0, 60.0, 60.0, 150.0, 160.0, 0.0, 69.0, 0.0, ||,  19
771128464, 0771128464, ||, 0.0, 50.0, 60.0, 40.0, 89.0, 70.0, 145.0, 90.0, 100.0, 90.0, 140.0, 109.0, ||,  19
814645906, 8142907502, ||, 0.0, 363.0, 227.0, 227.0, 246.0, 164.0, 147.0, 150.0, 132.0, 151.0, 219.0, 185.0, ||,  19
5093704, 0050937048, ||, 0.0, 132.0, 202.0, 59.0, 96.0, 119.0, 83.0, 83.0, 112.0, 84.0, 97.0, 68.0, ||,  19
5173515, 0051735151, ||, 0.0, 98.0, 151.0, 139.0, 81.0, 97.0, 137.0, 153.0, 159.0, 109.0, 111.0, 91.0, ||,  19
5258166, 0052581667, ||, 0.0, 128.0, 66.0, 80.0, 105.0, 100.0, 83.0, 0.0, 140.0, 0.0, 119.0, 80.0, ||,  19
811560932, 8112926153, ||, 0.0, 66.0, 0.0, 0.0, 71.0, 47.0, 115.0, 112.0, 127.0, 116.0, 138.0, 135.0, ||,  19
9102542, 0091025425, ||, 0.0, 1.0, 1.0, 7.0, 127.0, 142.0, 146.0, 153.0, 213.0, 127.0, 99.0, 161.0, ||,  19
755188980, 7551889809, ||, 0.0, 91.0, 50.0, 200.0, 50.0, 50.0, 250.0, 50.0, 220.0, 0.0, 0.0, 302.0, ||,  19
13099246, 0130992464, ||, 0.0, 34.0, 11.0, 18.0, 25.0, 28.0, 29.0, 96.0, 166.0, 159.0, 244.0, 177.0, ||,  19
698070387, 6980703870, ||, 0.0, 45.0, 69.0, 63.0, 88.0, 81.0, 86.0, 91.0, 77.0, 102.0, 60.0, 124.0, ||,  19
698166212, 6981662129, ||, 0.0, 50.0, 300.0, 200.0, 100.0, 272.0, 100.0, 30.0, 38.0, 47.0, 10.0, 36.0, ||,  19
751081820, 7510818200, ||, 0.0, 57.0, 144.0, 149.0, 132.0, 108.0, 74.0, 71.0, 63.0, 40.0, 54.0, 0.0, ||,  19
23257192, 0232571923, ||, 0.0, 3.0, 0.0, 107.0, 109.0, 47.0, 34.0, 117.0, 109.0, 77.0, 129.0, 106.0, ||,  19
773039703, 0773039703, ||, 0.0, 202.0, 633.0, 256.0, 0.0, 66.0, 258.0, 469.0, 164.0, 0.0, 0.0, 0.0, ||,  19
=====================================================================================