
======================================================================================
----------------------------------------------------------------------------
	簇个数:	 20
--------------------------------------
	簇ID:	 计数

	0:	 1
	1:	 4
	2:	 2
	3:	 2
	4:	 8
	5:	 260
	6:	 2
	7:	 135
	8:	 2
	9:	 22
	10:	 6
	11:	 11
	12:	 2
	13:	 103
	14:	 1
	15:	 48
	16:	 6
	17:	 1
	18:	 6
	19:	 6
--------------------------------------
	 簇中心 

0,1,||,0.0,1427998.0,4419715.0,1.0175713E7,6909198.5,5589135.0,6249214.5,7541253.0,1.00524395E7,9556401.5,9838382.0,1.0016802E7
1,4,||,0.0,128.0,111320.0,137141.0,77326.0,107155.0,106480.0,90698.0,124225.0,86177.0,116280.0,116191.0
2,2,||,0.0,3597264.0,4185984.0,5367120.0,4754640.0,3906144.0,4364448.0,4366560.0,4383456.0,4765200.0,5101536.0,5444208.0
3,2,||,0.0,174476.66666666666,176583.33333333334,611186.6666666666,663246.6666666666,426076.6666666667,352526.6666666667,431593.3333333333,629456.6666666666,455020.0,329300.0,319150.0
4,8,||,0.0,67688.4827586207,67406.31034482758,65561.13793103448,76347.6551724138,85103.75862068965,72403.62068965517,77982.24137931035,77180.44827586207,58209.93103448276,87403.62068965517,71850.1724137931
5,260,||,0.0,4012.6852589641435,1493.6374501992032,1687.6693227091635,2179.6892430278886,1253.633466135458,1310.4741035856573,1434.1274900398407,1772.8924302788844,1626.6932270916334,2142.131474103586,2840.601593625498
6,2,||,0.0,632500.0,219500.0,155000.0,71000.0,55000.0,64500.0,97500.0,66750.0,0.0,0.0,0.0
7,135,||,0.0,11117.147887323943,7811.929577464789,7996.507042253521,5875.204225352113,5141.69014084507,6279.528169014085,6854.049295774648,6086.049295774648,6355.443661971831,8528.232394366198,9389.74647887324
8,2,||,0.0,294000.0,152000.0,106000.0,132000.0,37000.0,76000.0,64000.0,122000.0,479000.0,244000.0,812000.0
9,22,||,0.0,177397.1052631579,58429.26315789474,37236.10526315789,14163.947368421053,15628.0,10282.0,8327.0,15712.105263157895,16124.21052631579,23975.0,47296.15789473684
10,6,||,0.0,13470.75,50717.5,73428.375,91292.375,73443.625,70298.75,128554.5,152297.625,105514.625,79247.375,44611.5
11,11,||,0.0,39885.375,119576.0,175808.875,148568.75,179706.375,170221.5,123237.75,137401.0,155703.375,173947.625,110292.875
12,2,||,0.0,22215.0,0.0,659805.0,327900.0,290940.0,263955.0,121845.0,197790.0,249795.0,249255.0,140340.0
13,103,||,0.0,8870.733333333334,12738.380952380952,21540.95238095238,20500.190476190477,21228.409523809525,22323.038095238095,23728.914285714287,22037.32380952381,20760.590476190475,25875.10476190476,25785.761904761905
14,1,||,0.0,1322388.0,464349.0,423485.0,430972.0,414133.0,408097.0,363415.0,449716.0,321014.0,377580.0,375224.0
15,48,||,0.0,81275.16666666667,33999.11111111111,22483.555555555555,5241.083333333333,6016.388888888889,6838.277777777777,7290.416666666667,7654.166666666667,5186.972222222223,19219.61111111111,28797.444444444445
16,6,||,0.0,252096.25,257487.5,296075.0,229458.75,230268.75,164357.5,345946.25,270306.25,201920.0,221772.5,192056.25
17,1,||,0.0,53520.0,404960.0,784480.0,991760.0,1154800.0,1125040.0,1060880.0,908560.0,821200.0,741360.0,152800.0
18,6,||,0.0,131948.66666666666,121815.33333333333,188315.66666666666,137319.0,100874.66666666667,62289.0,45857.5,12498.833333333334,19208.666666666668,24495.833333333332,63717.833333333336
19,6,||,0.0,384060.1666666667,313170.1666666667,371819.0,402383.8333333333,381014.0,431291.5,561803.3333333334,384620.5,311742.6666666667,412404.1666666667,502352.1666666667
----------------------------------------------------------------------------
	 打印每个簇及其样本信息 

----------------------------------------------------------------------------
	 簇及其样本 

--------------------------------------
	簇ID:	 计数
	0:	 1

	样本数据

811589327, 8113199866, ||, 0.0, 2695996.0, 8159430.0, 1.7071426E7, 1.0258397E7, 7278270.0, 8738429.0, 1.1242506E7, 1.5244879E7, 1.5612803E7, 1.5576764E7, 1.6013604E7, ||,  0
--------------------------------------
	簇ID:	 计数
	1:	 4

	样本数据

691001990, 6910019907, ||, 0.0, 128.0, 111320.0, 137141.0, 77326.0, 107155.0, 106480.0, 90698.0, 124225.0, 86177.0, 116280.0, 116191.0, ||,  1
785004594, 7850045944, ||, 0.0, 40452.0, 257000.0, 56000.0, 76000.0, 86000.0, 88000.0, 103000.0, 93000.0, 89000.0, 85000.0, 67000.0, ||,  1
25701088, 0257010887, ||, 0.0, 43200.0, 139200.0, 106200.0, 93000.0, 88800.0, 117600.0, 125400.0, 102000.0, 86400.0, 74400.0, 48000.0, ||,  1
757001991, 7570019917, ||, 0.0, 192.0, 89245.0, 79644.0, 88134.0, 70929.0, 91502.0, 91383.0, 105809.0, 94053.0, 91426.0, 101356.0, ||,  1
--------------------------------------
	簇ID:	 计数
	2:	 2

	样本数据

811606278, 8113348822, ||, 0.0, 160000.0, 680000.0, 3280000.0, 3560000.0, 3900000.0, 3760000.0, 3840000.0, 4860000.0, 3500000.0, 4100000.0, 4020000.0, ||,  2
15452517, 0154525174, ||, 0.0, 3597264.0, 4185984.0, 5367120.0, 4754640.0, 3906144.0, 4364448.0, 4366560.0, 4383456.0, 4765200.0, 5101536.0, 5444208.0, ||,  2
--------------------------------------
	簇ID:	 计数
	3:	 2

	样本数据

774000774, 0774000774, ||, 0.0, 151650.0, 1350.0, 544500.0, 486000.0, 483000.0, 565500.0, 556500.0, 616500.0, 471000.0, 138000.0, 405000.0, ||,  3
774002643, 0774002643, ||, 0.0, 147780.0, 422400.0, 441060.0, 985740.0, 505230.0, 83820.0, 654360.0, 807870.0, 498060.0, 231900.0, 498210.0, ||,  3
--------------------------------------
	簇ID:	 计数
	4:	 8

	样本数据

814073400, 8137331976, ||, 0.0, 114632.0, 63552.0, 70952.0, 67512.0, 75088.0, 70656.0, 78688.0, 90848.0, 85640.0, 86464.0, 88048.0, ||,  4
698193076, 6981930767, ||, 0.0, 1680.0, 15390.0, 1035.0, 83685.0, 69900.0, 93810.0, 78945.0, 50340.0, 49485.0, 76185.0, 30630.0, ||,  4
812746916, 8124291250, ||, 0.0, 44928.0, 27660.0, 9661.0, 129304.0, 132724.0, 62353.0, 93729.0, 93952.0, 89168.0, 106295.0, 209.0, ||,  4
812792590, 8124793727, ||, 0.0, 37036.0, 34576.0, 66720.0, 36752.0, 37952.0, 20088.0, 43496.0, 71552.0, 71276.0, 109292.0, 54516.0, ||,  4
691001991, 6910019910, ||, 0.0, 128.0, 53838.0, 55536.0, 45386.0, 51598.0, 55220.0, 48325.0, 66636.0, 48783.0, 92699.0, 63422.0, ||,  4
802572452, 8025461136, ||, 0.0, 40200.0, 21600.0, 73800.0, 94800.0, 105000.0, 94800.0, 81600.0, 60600.0, 61800.0, 111600.0, 24000.0, ||,  4
19507240, 0195072400, ||, 0.0, 70782.0, 58944.0, 55254.0, 41760.0, 45522.0, 39054.0, 59346.0, 55332.0, 49722.0, 66690.0, 60768.0, ||,  4
709007526, 7090075260, ||, 0.0, 141000.0, 53225.0, 86157.0, 65940.0, 59020.0, 60480.0, 69013.0, 104683.0, 71889.0, 107478.0, 93753.0, ||,  4
--------------------------------------
	簇ID:	 计数
	5:	 260

	样本数据

709002853, 7090028538, ||, 0.0, 18.0, 0.0, 0.0, 0.0, 0.0, 0.0, 0.0, 0.0, 0.0, 0.0, 0.0, ||,  5
814560966, 8142126145, ||, 0.0, 451.0, 410.0, 410.0, 410.0, 410.0, 410.0, 410.0, 410.0, 410.0, 4016.0, 7632.0, ||,  5
31085902, 0310859028, ||, 0.0, 1000.0, 5243.0, 1200.0, 1320.0, 960.0, 960.0, 1080.0, 900.0, 690.0, 630.0, 0.0, ||,  5
755241388, 7552413887, ||, 0.0, 10160.0, 120.0, 2840.0, 1000.0, 0.0, 0.0, 0.0, 0.0, 3000.0, 2100.0, 4800.0, ||,  5
19110629, 0191106299, ||, 0.0, 200.0, 800.0, 200.0, 400.0, 800.0, 400.0, 0.0, 0.0, 560.0, 420.0, 580.0, ||,  5
748006824, 7480068243, ||, 0.0, 2333.0, 0.0, 0.0, 0.0, 0.0, 0.0, 0.0, 0.0, 0.0, 0.0, 0.0, ||,  5
812700988, 8123856434, ||, 0.0, 7277.0, 2128.0, 2080.0, 2465.0, 3161.0, 3570.0, 3081.0, 4435.0, 4315.0, 2169.0, 1576.0, ||,  5
812986677, 8126563993, ||, 0.0, 438.0, 209.0, 209.0, 209.0, 209.0, 209.0, 209.0, 2369.0, 209.0, 11386.0, 5822.0, ||,  5
709203508, 7092035082, ||, 0.0, 50.0, 0.0, 0.0, 60.0, 0.0, 0.0, 0.0, 0.0, 0.0, 0.0, 70.0, ||,  5
814586847, 8142373222, ||, 0.0, 288.0, 7415.0, 7656.0, 6164.0, 4621.0, 3956.0, 4194.0, 2851.0, 2919.0, 5305.0, 3006.0, ||,  5
690001748, 6900017487, ||, 0.0, 6000.0, 17400.0, 3192.0, 1410.0, 0.0, 0.0, 0.0, 0.0, 5964.0, 3234.0, 1200.0, ||,  5
814569348, 8142196647, ||, 0.0, 346.0, 288.0, 288.0, 288.0, 1441.0, 2843.0, 12787.0, 5811.0, 6212.0, 7495.0, 1488.0, ||,  5
756001387, 7560013873, ||, 0.0, 7170.0, 3175.0, 1382.0, 768.0, 408.0, 288.0, 288.0, 288.0, 348.0, 288.0, 288.0, ||,  5
812986591, 8126563935, ||, 0.0, 442.0, 4039.0, 2274.0, 1194.0, 1093.0, 2433.0, 2875.0, 4385.0, 4967.0, 7366.0, 5442.0, ||,  5
801778595, 8017622736, ||, 0.0, 538.0, 0.0, 41.0, 3.0, 0.0, 380.0, 82.0, 0.0, 0.0, 203.0, 62.0, ||,  5
814354933, 8140118382, ||, 0.0, 160.0, 209.0, 209.0, 20658.0, 19722.0, 1888.0, 369.0, 2274.0, 2756.0, 2631.0, 449.0, ||,  5
709216635, 7092166355, ||, 0.0, 40.0, 280.0, 430.0, 660.0, 1300.0, 1730.0, 1620.0, 1460.0, 1340.0, 970.0, 650.0, ||,  5
707000500, 0707000500, ||, 0.0, 144.0, 53.0, -612.0, 0.0, 0.0, 612.0, 0.0, 0.0, 0.0, 0.0, 0.0, ||,  5
811717798, 8114355681, ||, 0.0, 3055.0, 5438.0, 5500.0, 3265.0, 2585.0, 4479.0, 5870.0, 3747.0, 2678.0, 3390.0, 4727.0, ||,  5
812688528, 8123718097, ||, 0.0, 209.0, 209.0, 12389.0, 3731.0, 4212.0, 4132.0, 4533.0, 3812.0, 2370.0, 1729.0, 209.0, ||,  5
785000887, 7850008877, ||, 0.0, 600.0, 400.0, 2000.0, 600.0, 1000.0, 800.0, 600.0, 800.0, 400.0, 0.0, 0.0, ||,  5
27268900, 0272689008, ||, 0.0, 170.0, 400.0, 250.0, 180.0, 200.0, 250.0, 200.0, 410.0, 700.0, 300.0, 300.0, ||,  5
2770059, 0027700596, ||, 0.0, 5880.0, 0.0, 0.0, 0.0, 0.0, 0.0, 0.0, 0.0, 0.0, 0.0, 0.0, ||,  5
813021637, 8126932540, ||, 0.0, 465.0, 357.0, 1563.0, 1134.0, 1203.0, 1761.0, 1251.0, 1455.0, 960.0, 2475.0, 2082.0, ||,  5
800279453, 8002740913, ||, 0.0, 1803.0, 787.0, 655.0, 1034.0, 481.0, 461.0, 426.0, 438.0, 445.0, 818.0, 832.0, ||,  5
756004854, 7560048549, ||, 0.0, 1560.0, 1400.0, 1880.0, 1280.0, 1608.0, 1360.0, 1720.0, 1760.0, 2440.0, 0.0, 1840.0, ||,  5
809457297, 8092501304, ||, 0.0, 2689.0, 3089.0, 288.0, 288.0, 288.0, 288.0, 0.0, 0.0, 0.0, 0.0, 0.0, ||,  5
814565273, 8142158287, ||, 0.0, 982.0, 1808.0, 4825.0, 3678.0, 3092.0, 2015.0, 3282.0, 3603.0, 2595.0, 5046.0, 5842.0, ||,  5
811710930, 8114278823, ||, 0.0, 259.0, 173.0, 5878.0, 3355.0, 5999.0, 5337.0, 5337.0, 4917.0, 4856.0, 5938.0, 2574.0, ||,  5
17248458, 0172484585, ||, 0.0, 130.0, 21.0, 16.0, 21.0, 144.0, 133.0, 17.0, 340.0, 316.0, 401.0, 442.0, ||,  5
709005069, 7090050696, ||, 0.0, 168.0, 0.0, 168.0, 0.0, 0.0, 0.0, 0.0, 0.0, 0.0, 0.0, 0.0, ||,  5
716093552, 7160935526, ||, 0.0, 6000.0, 2000.0, 1600.0, 1200.0, 3200.0, 3600.0, 4800.0, 3200.0, 4000.0, 0.0, 0.0, ||,  5
19649201, 0196492014, ||, 0.0, 3027.0, 3300.0, 2505.0, 600.0, 800.0, 0.0, 2410.0, 2500.0, 2000.0, 1390.0, 1500.0, ||,  5
27142725, 0271427256, ||, 0.0, 220.0, 0.0, 0.0, 0.0, 18.0, 0.0, 0.0, 0.0, 0.0, 0.0, 0.0, ||,  5
811559442, 8112912671, ||, 0.0, 9600.0, 1600.0, 2400.0, 4000.0, 4800.0, 4000.0, 0.0, 4000.0, 1600.0, 0.0, 0.0, ||,  5
812115199, 8118154471, ||, 0.0, 452.0, 209.0, 209.0, 209.0, 209.0, 209.0, 209.0, 209.0, 209.0, 209.0, 209.0, ||,  5
814579897, 8142308927, ||, 0.0, 144.0, 144.0, 2576.0, 566.0, 348.0, 216.0, 322.0, 182.0, 250.0, 730.0, 2421.0, ||,  5
709003779, 7090037796, ||, 0.0, 4680.0, 5010.0, 6450.0, 4216.0, 3702.0, 180.0, 180.0, 180.0, 180.0, 180.0, 270.0, ||,  5
731008223, 7310082232, ||, 0.0, 7062.0, 0.0, 0.0, 0.0, 0.0, 816.0, 0.0, 0.0, 0.0, 0.0, 0.0, ||,  5
806845492, 8067065749, ||, 0.0, 13587.0, 2928.0, 2004.0, 0.0, 0.0, 0.0, 0.0, 0.0, 0.0, 999.0, 3623.0, ||,  5
709165179, 7091651799, ||, 0.0, 88.0, 105.0, 187.0, 210.0, 505.0, 896.0, 607.0, 553.0, 272.0, 148.0, 142.0, ||,  5
698202953, 6982029536, ||, 0.0, 500.0, 200.0, 0.0, 100.0, 100.0, 210.0, 50.0, 300.0, 301.0, 100.0, 130.0, ||,  5
19174927, 0191749274, ||, 0.0, 113.0, 727.0, 0.0, 30.0, 254.0, 39.0, 17.0, 25.0, 77.0, 177.0, 88.0, ||,  5
709001073, 7090010735, ||, 0.0, 9420.0, 180.0, 0.0, 0.0, 0.0, 0.0, 0.0, 0.0, 0.0, 0.0, 0.0, ||,  5
716008537, 7160085377, ||, 0.0, 526.0, 526.0, 526.0, 526.0, 526.0, 526.0, 526.0, 526.0, 0.0, 0.0, 0.0, ||,  5
803330699, 8032851397, ||, 0.0, 21.0, 1.0, 0.0, 0.0, 95.0, 0.0, 0.0, 0.0, 0.0, 0.0, 0.0, ||,  5
13039022, 0130390226, ||, 0.0, 11800.0, 1200.0, 1000.0, 2400.0, 1200.0, 600.0, 600.0, 600.0, 600.0, 600.0, 1000.0, ||,  5
773000043, 0773000043, ||, 0.0, 66.0, 543.0, 238.0, 238.0, 238.0, 238.0, 238.0, 238.0, 238.0, 238.0, 238.0, ||,  5
813175402, 8128413274, ||, 0.0, 1004.0, 24983.0, 8053.0, 3039.0, 1366.0, 1046.0, 957.0, 1037.0, 1620.0, 2301.0, 869.0, ||,  5
812202614, 8118980535, ||, 0.0, 10344.0, 12837.0, 9402.0, 0.0, 4233.0, 7257.0, 3723.0, 0.0, 0.0, 0.0, 0.0, ||,  5
814074512, 8137391161, ||, 0.0, 6800.0, 15520.0, 3920.0, 0.0, 0.0, 0.0, 0.0, 0.0, 0.0, 6720.0, 6720.0, ||,  5
700082685, 7000826858, ||, 0.0, 622.0, -173.0, 0.0, 0.0, 0.0, 0.0, 0.0, 0.0, 0.0, 0.0, 0.0, ||,  5
755006289, 7550062898, ||, 0.0, 194.0, 459.0, 0.0, 0.0, 0.0, 1657.0, 1218.0, 528.0, 369.0, 351.0, 0.0, ||,  5
9293697, 0092936977, ||, 0.0, 2032.0, 0.0, 0.0, 0.0, 1988.0, 500.0, 0.0, 3380.0, 0.0, 0.0, 0.0, ||,  5
25386140, 0253861407, ||, 0.0, 17130.0, 3690.0, 1590.0, 840.0, 720.0, 600.0, 1200.0, 810.0, 660.0, 2400.0, 2100.0, ||,  5
811779136, 8114943376, ||, 0.0, 242.0, 151.0, 151.0, 151.0, 151.0, 151.0, 151.0, 151.0, 151.0, 151.0, 151.0, ||,  5
25783732, 0257837321, ||, 0.0, 1134.0, 0.0, 913.0, 0.0, 1299.0, 0.0, 0.0, 0.0, 0.0, 0.0, 1081.0, ||,  5
30456758, 0304567588, ||, 0.0, 2.0, 0.0, 0.0, 0.0, 0.0, 0.0, 0.0, 0.0, 0.0, 0.0, 0.0, ||,  5
782004737, 7820047374, ||, 0.0, 4616.0, 4436.0, 1669.0, 1849.0, 588.0, -38.0, 0.0, 0.0, 0.0, 0.0, 0.0, ||,  5
812643551, 8123271534, ||, 0.0, 960.0, 300.0, 240.0, 240.0, 240.0, 180.0, 120.0, 120.0, 240.0, 360.0, 2100.0, ||,  5
709258446, 7092584467, ||, 0.0, 10.0, 0.0, 0.0, 30.0, 20.0, 20.0, 30.0, 10.0, 0.0, 40.0, 0.0, ||,  5
9320449, 0093204499, ||, 0.0, 737.0, 728.0, 747.0, 666.0, 997.0, 1740.0, 2341.0, 2278.0, 2029.0, 1835.0, 1725.0, ||,  5
26966818, 0269668182, ||, 0.0, 4500.0, 7050.0, 4050.0, 0.0, 0.0, 0.0, 0.0, 0.0, 0.0, 1.0, 3629.0, ||,  5
811808647, 8115201086, ||, 0.0, 9000.0, 1249.0, 1750.0, 1626.0, 1494.0, 1590.0, 2171.0, 2308.0, 1951.0, 2308.0, 3098.0, ||,  5
771004572, 0771004572, ||, 0.0, 188.0, -21.0, 0.0, 0.0, 0.0, 0.0, 0.0, 0.0, 0.0, 0.0, 0.0, ||,  5
801778582, 8017622606, ||, 0.0, 710.0, 80.0, 0.0, 0.0, 0.0, 0.0, 0.0, 0.0, 0.0, 0.0, 0.0, ||,  5
808809152, 8086080712, ||, 0.0, 124.0, 100.0, 886.0, 968.0, 1343.0, 1704.0, 2451.0, 2343.0, 1067.0, 880.0, 949.0, ||,  5
19175722, 0191757224, ||, 0.0, 1398.0, 119.0, 0.0, 1689.0, 1173.0, 4575.0, 4848.0, 4168.0, 2046.0, 497.0, 4021.0, ||,  5
19139714, 0191397141, ||, 0.0, 821.0, 38.0, 0.0, 0.0, 0.0, 0.0, 234.0, 55.0, 58.0, 86.0, 0.0, ||,  5
26912250, 0269122505, ||, 0.0, 3060.0, 60.0, 1680.0, 3360.0, 300.0, 0.0, 660.0, 300.0, 240.0, 480.0, 840.0, ||,  5
27005917, 0270059177, ||, 0.0, 1200.0, 420.0, 0.0, 900.0, 0.0, 480.0, 0.0, 0.0, 660.0, 0.0, 0.0, ||,  5
23260914, 0232609141, ||, 0.0, 14736.0, 5440.0, 4480.0, 2600.0, 880.0, 760.0, 960.0, 920.0, 880.0, 1600.0, 4240.0, ||,  5
30144763, 0301447636, ||, 0.0, 400.0, 200.0, 200.0, 0.0, 0.0, 0.0, 0.0, 0.0, 0.0, 0.0, 0.0, ||,  5
782002823, 7820028232, ||, 0.0, 17000.0, 0.0, 0.0, 0.0, 0.0, 0.0, 0.0, 0.0, 0.0, 0.0, 0.0, ||,  5
811575792, 8113084199, ||, 0.0, 890.0, 494.0, 344.0, 394.0, 344.0, 344.0, 1345.0, 795.0, 444.0, 344.0, 644.0, ||,  5
709155905, 7091559051, ||, 0.0, 18.0, 0.0, 0.0, 0.0, 300.0, 348.0, 366.0, 180.0, 618.0, 0.0, 36.0, ||,  5
812878852, 8125588511, ||, 0.0, 10200.0, 600.0, 600.0, 1800.0, 1800.0, 1200.0, 1200.0, 1200.0, 3000.0, 3000.0, 3000.0, ||,  5
709130020, 7091300200, ||, 0.0, 46.0, 0.0, 0.0, 0.0, 2.0, 0.0, 0.0, 0.0, 1.0, 2.0, 1.0, ||,  5
742003712, 7420037122, ||, 0.0, 138.0, 21127.0, 23312.0, 0.0, 0.0, 0.0, 0.0, 0.0, 0.0, 0.0, 0.0, ||,  5
23142220, 0231422204, ||, 0.0, 526.0, 526.0, 762.0, 780.0, 882.0, 876.0, 852.0, 960.0, 586.0, 716.0, 527.0, ||,  5
709217594, 7092175946, ||, 0.0, 30.0, 0.0, 0.0, 0.0, 0.0, 0.0, 0.0, 0.0, 0.0, 0.0, 0.0, ||,  5
732026900, 7320269009, ||, 0.0, 30.0, 60.0, 0.0, 0.0, 30.0, 0.0, 0.0, 0.0, 0.0, 30.0, 0.0, ||,  5
751001406, 7510014060, ||, 0.0, 264.0, 209.0, 209.0, 209.0, 209.0, 209.0, 209.0, 209.0, 4327.0, 1862.0, 809.0, ||,  5
30157635, 0301576352, ||, 0.0, 164.0, 0.0, 0.0, 164.0, 0.0, 0.0, 0.0, 0.0, 0.0, 0.0, 0.0, ||,  5
691000760, 6910007607, ||, 0.0, 1500.0, 0.0, 900.0, 0.0, 5400.0, 0.0, 0.0, 0.0, 4500.0, 0.0, 0.0, ||,  5
814343937, 8140013023, ||, 0.0, 7707.0, 6832.0, 4627.0, 3631.0, 361.0, 361.0, 361.0, 932.0, 8834.0, 451.0, 391.0, ||,  5
785001546, 7850015462, ||, 0.0, 17000.0, 2700.0, 1100.0, 600.0, 1000.0, 0.0, 0.0, 0.0, 2000.0, 0.0, 0.0, ||,  5
805653259, 8055383840, ||, 0.0, 8100.0, 5040.0, 4980.0, 8040.0, 4740.0, 2460.0, 1920.0, 1080.0, 720.0, 1080.0, 780.0, ||,  5
812691830, 8123768122, ||, 0.0, 5476.0, 4828.0, 0.0, 0.0, 0.0, 0.0, 0.0, 0.0, 20924.0, 1944.0, 4676.0, ||,  5
5270269, 0052702697, ||, 0.0, 80.0, 0.0, 0.0, 0.0, 0.0, 0.0, 0.0, 0.0, 0.0, 0.0, 0.0, ||,  5
30922933, 0309229339, ||, 0.0, 4.0, 0.0, 4.0, 2.0, 0.0, 0.0, 5.0, 0.0, 0.0, 0.0, 7.0, ||,  5
782004771, 7820047710, ||, 0.0, 80.0, 897.0, 446.0, 957.0, -18.0, 0.0, 0.0, 0.0, 0.0, 80.0, 18981.0, ||,  5
31374500, 0313745009, ||, 0.0, 6821.0, 2770.0, 3423.0, 0.0, 0.0, 2808.0, 0.0, 0.0, 0.0, 0.0, 0.0, ||,  5
805986772, 8058597422, ||, 0.0, 8700.0, 7557.0, 1719.0, 783.0, 690.0, 351.0, 705.0, 516.0, 1473.0, 7254.0, 9111.0, ||,  5
808811380, 8086102306, ||, 0.0, 50.0, 0.0, 0.0, 0.0, 0.0, 0.0, 16.0, 0.0, 0.0, 0.0, 0.0, ||,  5
814111261, 8137703476, ||, 0.0, 588.0, 793.0, 346.0, 346.0, 346.0, 346.0, 346.0, 346.0, 346.0, 346.0, 577.0, ||,  5
812722357, 8124048351, ||, 0.0, 571.0, 209.0, 7582.0, 369.0, 369.0, 209.0, 209.0, 209.0, 209.0, 209.0, 209.0, ||,  5
805377518, 8052727164, ||, 0.0, 164.0, 0.0, 0.0, 0.0, 0.0, 0.0, 0.0, 0.0, 250.0, 0.0, 0.0, ||,  5
812999840, 8126701229, ||, 0.0, 317.0, 288.0, 288.0, 288.0, 8859.0, 689.0, 768.0, 1088.0, 288.0, 1648.0, 14553.0, ||,  5
814562613, 8142143034, ||, 0.0, 310.0, 6064.0, 1032.0, 1859.0, 1121.0, 538.0, 246.0, 238.0, 238.0, 449.0, 6364.0, ||,  5
806717042, 8065871085, ||, 0.0, 8000.0, 2000.0, 5200.0, 4000.0, 2800.0, 2800.0, 3200.0, 2000.0, 2000.0, 2400.0, 2000.0, ||,  5
712100151, 7121001510, ||, 0.0, 1956.0, 528.0, 870.0, 1278.0, 1452.0, 1038.0, 1230.0, 2310.0, 2616.0, 2322.0, 0.0, ||,  5
770002573, 0770002573, ||, 0.0, 12398.0, 2049.0, 4375.0, 13970.0, 2228.0, 1890.0, 2250.0, 1929.0, 1489.0, 1409.0, 768.0, ||,  5
756004379, 7560043791, ||, 0.0, 482.0, 482.0, 482.0, 0.0, 0.0, 0.0, 0.0, 0.0, 0.0, 0.0, 0.0, ||,  5
801778585, 8017622635, ||, 0.0, 900.0, 170.0, 20.0, 0.0, 0.0, 0.0, 0.0, 0.0, 162.0, 156.0, 113.0, ||,  5
296879, 0002968793, ||, 0.0, 2400.0, 1400.0, 200.0, 360.0, 0.0, 0.0, 0.0, 0.0, 0.0, 560.0, 1080.0, ||,  5
814643815, 8142916728, ||, 0.0, 253.0, 238.0, 238.0, 238.0, 238.0, 238.0, 238.0, 238.0, 2609.0, 980.0, 1374.0, ||,  5
811726551, 8114426147, ||, 0.0, 1200.0, 800.0, 400.0, 400.0, 800.0, 1200.0, 400.0, 400.0, 400.0, 400.0, 800.0, ||,  5
814134428, 8137945906, ||, 0.0, 34.0, 0.0, 0.0, 0.0, 0.0, 0.0, 0.0, 0.0, 0.0, 0.0, 0.0, ||,  5
782026736, 7820267369, ||, 0.0, 2391.0, 0.0, 0.0, 0.0, 262.0, 0.0, 0.0, 0.0, 0.0, 0.0, 0.0, ||,  5
812779237, 8124602403, ||, 0.0, 3754.0, 5109.0, 5630.0, 3587.0, 3186.0, 3787.0, 3226.0, 2946.0, 3546.0, 4228.0, 7235.0, ||,  5
753005314, 0753005314, ||, 0.0, -7.0, 0.0, 0.0, 0.0, 0.0, 0.0, 0.0, 0.0, 0.0, 0.0, 0.0, ||,  5
695063572, 6950635721, ||, 0.0, 461.0, 442.0, 1943.0, 1270.0, 2670.0, 3737.0, 5319.0, 7234.0, 835.0, 288.0, 288.0, ||,  5
751001103, 7510011032, ||, 0.0, 492.0, 389.0, 389.0, 389.0, 389.0, 389.0, 389.0, 389.0, 389.0, 389.0, 389.0, ||,  5
709238945, 7092389453, ||, 0.0, 2.0, 0.0, 0.0, 0.0, 500.0, 281.0, 0.0, 100.0, 0.0, 0.0, 94.0, ||,  5
709006471, 7090064716, ||, 0.0, 5996.0, 406.0, 346.0, 346.0, 346.0, 826.0, 1306.0, 3769.0, 2207.0, 2988.0, 3710.0, ||,  5
813329690, 8129924072, ||, 0.0, 178.0, 144.0, 0.0, 0.0, 0.0, 0.0, 0.0, 0.0, 0.0, 0.0, 336.0, ||,  5
707001048, 0707001048, ||, 0.0, 1449.0, 2104.0, 0.0, 0.0, 0.0, 0.0, 0.0, 0.0, 0.0, 0.0, 0.0, ||,  5
27268248, 0272682485, ||, 0.0, 2800.0, 0.0, 0.0, 0.0, 0.0, 0.0, 0.0, 0.0, 0.0, 0.0, 0.0, ||,  5
811606950, 8113354241, ||, 0.0, 1242.0, 1189.0, 1027.0, 1961.0, 1592.0, 540.0, 1765.0, 4263.0, 2746.0, 2259.0, 3905.0, ||,  5
707000763, 0707000763, ||, 0.0, 12.0, 0.0, 0.0, 0.0, 0.0, 0.0, 0.0, 0.0, 0.0, 0.0, 0.0, ||,  5
811603522, 8113322141, ||, 0.0, 144.0, 144.0, 12715.0, 2196.0, 394.0, 144.0, 244.0, 194.0, 194.0, 344.0, 244.0, ||,  5
17248420, 0172484208, ||, 0.0, 388.0, 2.0, 0.0, 0.0, 0.0, 0.0, 0.0, 0.0, 0.0, 0.0, 0.0, ||,  5
812688598, 8123718143, ||, 0.0, 209.0, 209.0, 21866.0, 3571.0, 2851.0, 929.0, 4374.0, 1329.0, 1169.0, 1889.0, 209.0, ||,  5
27249351, 0272493513, ||, 0.0, 831.0, 362.0, 413.0, 406.0, 557.0, 628.0, 810.0, 741.0, 498.0, 415.0, 341.0, ||,  5
814823405, 8144623361, ||, 0.0, 206.0, 281.0, 281.0, 4682.0, 14779.0, 4683.0, 1801.0, 841.0, 921.0, 281.0, 5083.0, ||,  5
19175958, 0191759581, ||, 0.0, 122.0, 112.0, 249.0, 8.0, 7.0, 15.0, 26.0, 42.0, 38.0, 53.0, 27.0, ||,  5
756004323, 7560043238, ||, 0.0, 800.0, 0.0, 0.0, 0.0, 0.0, 0.0, 0.0, 0.0, 0.0, 0.0, 4200.0, ||,  5
690000290, 6900002902, ||, 0.0, 115.0, 0.0, 0.0, 0.0, 0.0, 0.0, 0.0, 0.0, 0.0, 0.0, 0.0, ||,  5
703100048, 7031000489, ||, 0.0, 61.0, 230.0, 230.0, 69.0, 0.0, 0.0, 0.0, 0.0, 138.0, 230.0, 230.0, ||,  5
690006076, 6900060768, ||, 0.0, 1200.0, 1800.0, 1200.0, 1200.0, 1800.0, 600.0, 4200.0, 3000.0, 12000.0, 7200.0, 2400.0, ||,  5
812983614, 8126536797, ||, 0.0, 392.0, 490.0, 490.0, 490.0, 490.0, 3068.0, 490.0, 650.0, 650.0, 2410.0, 490.0, ||,  5
814563310, 8142148228, ||, 0.0, 2180.0, 2020.0, 2140.0, 3300.0, 3640.0, 2260.0, 2280.0, 2260.0, 2480.0, 2180.0, 2300.0, ||,  5
801778583, 8017622619, ||, 0.0, 1200.0, 120.0, 0.0, 200.0, 0.0, 0.0, 77.0, 246.0, 115.0, 48.0, 105.0, ||,  5
709258269, 7092582692, ||, 0.0, 17.0, 0.0, 0.0, 0.0, 12.0, 100.0, 59.0, 108.0, 22.0, 9.0, 0.0, ||,  5
741000110, 7410001102, ||, 0.0, 240.0, 480.0, 920.0, 0.0, 0.0, 0.0, 0.0, 0.0, 0.0, 0.0, 0.0, ||,  5
17248364, 0172483641, ||, 0.0, 120.0, 96.0, 48.0, 63.0, 65.0, 65.0, 65.0, 69.0, 71.0, 76.0, 67.0, ||,  5
812308340, 8119967333, ||, 0.0, 209.0, 209.0, 209.0, 209.0, 5977.0, 209.0, 529.0, 1730.0, 3892.0, 5659.0, 2450.0, ||,  5
814560416, 8142120176, ||, 0.0, 451.0, 5334.0, 410.0, 410.0, 410.0, 410.0, 410.0, 410.0, 410.0, 410.0, 410.0, ||,  5
805352256, 8052481541, ||, 0.0, 8314.0, 3590.0, 3690.0, 3101.0, 3101.0, 2407.0, 3053.0, 2756.0, 2177.0, 0.0, 2087.0, ||,  5
802991266, 8029525199, ||, 0.0, 485.0, 0.0, 0.0, 415.0, 0.0, 218.0, 0.0, 558.0, 0.0, 0.0, 0.0, ||,  5
802991270, 8029525232, ||, 0.0, 748.0, 0.0, 0.0, 0.0, 124.0, 0.0, 0.0, 876.0, 0.0, 273.0, 797.0, ||,  5
800191915, 8001878592, ||, 0.0, 3.0, 0.0, 0.0, 15.0, 6.0, 7.0, 6.0, 7.0, 7.0, 8.0, 8.0, ||,  5
25988836, 0259888363, ||, 0.0, 60.0, 0.0, 0.0, 60.0, 0.0, 0.0, 60.0, 0.0, 0.0, 0.0, 0.0, ||,  5
703112356, 7031123568, ||, 0.0, 251.0, 139.0, 0.0, 0.0, 0.0, 0.0, 49.0, 209.0, 209.0, 209.0, 209.0, ||,  5
30906604, 0309066048, ||, 0.0, 323.0, 403.0, 403.0, 403.0, 403.0, 403.0, 403.0, 403.0, 403.0, 403.0, 403.0, ||,  5
808161369, 8079706016, ||, 0.0, 1932.0, 0.0, 0.0, 1725.0, 594.0, 564.0, 0.0, 906.0, 468.0, 288.0, 0.0, ||,  5
785005016, 7850050168, ||, 0.0, 536.0, 1544.0, 1724.0, 1244.0, 1304.0, 1244.0, 1544.0, 1183.0, 1243.0, 1844.0, 1904.0, ||,  5
810424785, 8101996387, ||, 0.0, 19.0, 0.0, 0.0, 0.0, 0.0, 0.0, 384.0, 288.0, 288.0, 288.0, 288.0, ||,  5
709007326, 7090073264, ||, 0.0, 1794.0, 83.0, 0.0, 0.0, 0.0, 849.0, 135.0, 974.0, 787.0, 849.0, 891.0, ||,  5
814325534, 8139830710, ||, 0.0, 285.0, 194.0, 194.0, 194.0, 194.0, 0.0, 0.0, 0.0, 0.0, 0.0, 0.0, ||,  5
709003961, 7090039617, ||, 0.0, 1280.0, 5270.0, 0.0, 0.0, 0.0, 0.0, 0.0, 0.0, 0.0, 0.0, 0.0, ||,  5
801778587, 8017622651, ||, 0.0, 400.0, 240.0, 30.0, 0.0, 47.0, 50.0, 111.0, 307.0, 0.0, 90.0, 85.0, ||,  5
803330702, 8032851427, ||, 0.0, 29.0, 0.0, 0.0, 0.0, 0.0, 143.0, 71.0, 63.0, 63.0, 17.0, 206.0, ||,  5
31316853, 0313168536, ||, 0.0, 1336.0, 648.0, 698.0, 560.0, 426.0, 0.0, 0.0, 2278.0, 0.0, 0.0, 1356.0, ||,  5
709204851, 7092048516, ||, 0.0, 140.0, 0.0, 0.0, 0.0, 0.0, 0.0, 0.0, 0.0, 0.0, 0.0, 0.0, ||,  5
31682657, 0316826572, ||, 0.0, 4648.0, 1230.0, 1014.0, 687.0, 724.0, 692.0, 781.0, 853.0, 1402.0, 1107.0, 1323.0, ||,  5
771004901, 0771004901, ||, 0.0, 441.0, -39.0, 0.0, 0.0, 0.0, 0.0, 0.0, 0.0, 0.0, 0.0, 0.0, ||,  5
814600740, 8142507946, ||, 0.0, 194.0, 194.0, 194.0, 194.0, 194.0, 9403.0, 194.0, 2348.0, 819.0, 3322.0, 5951.0, ||,  5
781003958, 7810039581, ||, 0.0, 13205.0, 0.0, 0.0, 0.0, 0.0, 0.0, 0.0, 0.0, 0.0, 0.0, 0.0, ||,  5
785521892, 7855218925, ||, 0.0, 1485.0, 285.0, 1051.0, 746.0, 352.0, 316.0, 42.0, 378.0, 311.0, 1224.0, 0.0, ||,  5
756004399, 7560043993, ||, 0.0, 1200.0, 0.0, 0.0, 0.0, 0.0, 0.0, 0.0, 0.0, 0.0, 0.0, 0.0, ||,  5
31392268, 0313922684, ||, 0.0, 1.0, 1.0, 0.0, 0.0, 0.0, 0.0, 0.0, 0.0, 0.0, 0.0, 0.0, ||,  5
19175960, 0191759608, ||, 0.0, 621.0, 0.0, 384.0, 99.0, 327.0, 467.0, 613.0, 611.0, 494.0, 395.0, 368.0, ||,  5
812182730, 8118795519, ||, 0.0, 2890.0, 760.0, 90.0, 0.0, 0.0, 0.0, 0.0, 22390.0, 950.0, 940.0, 7820.0, ||,  5
5118354, 0051183543, ||, 0.0, 120.0, 200.0, 160.0, 160.0, 160.0, 160.0, 240.0, 440.0, 320.0, 320.0, 320.0, ||,  5
785528457, 7855284571, ||, 0.0, 7200.0, 0.0, 0.0, 0.0, 0.0, 0.0, 0.0, 0.0, 7200.0, 2400.0, 2000.0, ||,  5
716008566, 7160085667, ||, 0.0, 403.0, 403.0, 403.0, 723.0, 403.0, 461.0, 483.0, 560.0, 505.0, 576.0, 553.0, ||,  5
19175711, 0191757110, ||, 0.0, 23.0, 0.0, 807.0, 19.0, 19.0, 19.0, 19.0, 20.0, 22.0, 18.0, 141.0, ||,  5
748003302, 7480033027, ||, 0.0, 1360.0, 0.0, 1120.0, 0.0, 1220.0, 0.0, 1000.0, 0.0, 1240.0, 0.0, 1540.0, ||,  5
814210151, 8138674285, ||, 0.0, 1503.0, 1249.0, 449.0, 13274.0, 1809.0, 1170.0, 1809.0, 2611.0, 4973.0, 2530.0, 769.0, ||,  5
703047537, 7030475378, ||, 0.0, 7.0, 5.0, 781.0, 597.0, 602.0, 421.0, 1114.0, 695.0, 2353.0, 6633.0, 1524.0, ||,  5
26001983, 0260019835, ||, 0.0, 1140.0, 0.0, 0.0, 0.0, 0.0, 0.0, 0.0, 0.0, 0.0, 0.0, 720.0, ||,  5
811962044, 8116685786, ||, 0.0, 412.0, 325.0, 325.0, 1693.0, 325.0, 4876.0, 1281.0, 561.0, 417.0, 1525.0, 2890.0, ||,  5
25977377, 0259773771, ||, 0.0, 4080.0, 4000.0, 4160.0, 4160.0, 5840.0, 5840.0, 6000.0, 6080.0, 6400.0, 6400.0, 0.0, ||,  5
811874313, 8115822496, ||, 0.0, 369.0, 5336.0, 209.0, 4133.0, 1729.0, 2450.0, 6461.0, 5417.0, 2851.0, 2210.0, 2450.0, ||,  5
812956316, 8126274334, ||, 0.0, 2082.0, 1554.0, 480.0, 288.0, 264.0, 498.0, 267.0, 0.0, 588.0, 297.0, 0.0, ||,  5
5460354, 0054603543, ||, 0.0, 40.0, 0.0, 240.0, 360.0, 200.0, 0.0, 120.0, 200.0, 480.0, 80.0, 114.0, ||,  5
748007664, 7480076642, ||, 0.0, 2240.0, 0.0, 3070.0, 0.0, 3540.0, 0.0, 1630.0, 0.0, 2040.0, 0.0, 3840.0, ||,  5
785528396, 7855283969, ||, 0.0, 3200.0, 800.0, 400.0, 800.0, 800.0, 1600.0, 2800.0, 2800.0, 2400.0, 5200.0, 4400.0, ||,  5
698192410, 6981924104, ||, 0.0, 168.0, 0.0, 0.0, 296.0, 0.0, 1132.0, 6400.0, 0.0, 3200.0, 4800.0, 4400.0, ||,  5
814353828, 8140109629, ||, 0.0, 160.0, 209.0, 209.0, 209.0, 209.0, 209.0, 209.0, 209.0, 209.0, 209.0, 209.0, ||,  5
801778596, 8017622749, ||, 0.0, 285.0, 74.0, 99.0, 0.0, 2800.0, 270.0, 351.0, 0.0, 0.0, 863.0, 300.0, ||,  5
780000187, 7800001871, ||, 0.0, 10000.0, 0.0, 0.0, 0.0, 0.0, 0.0, 0.0, 0.0, 0.0, 3000.0, 6000.0, ||,  5
808045568, 8078580442, ||, 0.0, 4337.0, 0.0, 4400.0, 0.0, 4320.0, 2160.0, 2320.0, 0.0, 4640.0, 2240.0, 0.0, ||,  5
814130142, 8137903078, ||, 0.0, 64.0, 0.0, 0.0, 0.0, 0.0, 0.0, 0.0, 0.0, 0.0, 0.0, 0.0, ||,  5
813988090, 8136495820, ||, 0.0, 11262.0, 3306.0, 3378.0, 3204.0, 3141.0, 3084.0, 3309.0, 3318.0, 2868.0, 3072.0, 2976.0, ||,  5
757002975, 7570029758, ||, 0.0, 19.0, 14.0, 32.0, 0.0, 3.0, 2.0, 5.0, 2.0, 1.0, 3.0, 1.0, ||,  5
801778589, 8017622677, ||, 0.0, 1014.0, 122.0, 451.0, 1156.0, 1519.0, 753.0, 563.0, 145.0, 152.0, 190.0, 172.0, ||,  5
811706412, 8114232052, ||, 0.0, 501.0, 506.0, 483.0, 542.0, 666.0, 548.0, 593.0, 534.0, 505.0, 472.0, 525.0, ||,  5
800184479, 8001805785, ||, 0.0, 5040.0, 0.0, 0.0, 0.0, 0.0, 0.0, 0.0, 0.0, 0.0, 0.0, 0.0, ||,  5
811559851, 8112916367, ||, 0.0, 151.0, 151.0, 151.0, 151.0, 151.0, 151.0, 151.0, 151.0, 151.0, 151.0, 151.0, ||,  5
814067949, 8137277799, ||, 0.0, 163.0, 14623.0, 2294.0, 1232.0, 798.0, 669.0, 1034.0, 948.0, 1012.0, 2001.0, 1723.0, ||,  5
811558650, 8112904982, ||, 0.0, 1628.0, 428.0, 592.0, 448.0, 472.0, 668.0, 548.0, 840.0, 472.0, 440.0, 500.0, ||,  5
21262160, 0212621606, ||, 0.0, 2630.0, 0.0, 1233.0, 1622.0, 2219.0, 2814.0, 0.0, 703.0, 0.0, 0.0, 0.0, ||,  5
805185386, 8050853528, ||, 0.0, 108.0, 108.0, 108.0, 108.0, 108.0, 108.0, 108.0, 108.0, 108.0, 108.0, 108.0, ||,  5
25405119, 0254051197, ||, 0.0, 447.0, 3502.0, 2851.0, 3813.0, 2450.0, 9293.0, 10100.0, 10099.0, 847.0, 2049.0, 2850.0, ||,  5
807201238, 8070478851, ||, 0.0, 3848.0, 718.0, 574.0, 496.0, 3058.0, 5810.0, 7296.0, 4636.0, 4240.0, 0.0, 0.0, ||,  5
695034008, 6950340089, ||, 0.0, 490.0, 288.0, 288.0, 288.0, 288.0, 288.0, 288.0, 288.0, -19.0, 0.0, 0.0, ||,  5
30737900, 0307379003, ||, 0.0, 1008.0, 68.0, 105.0, 41.0, 81.0, 38.0, 144.0, 45.0, 50.0, 186.0, 359.0, ||,  5
--------------------------------------
	簇ID:	 计数
	6:	 2

	样本数据

811559490, 8112913023, ||, 0.0, 896000.0, 100000.0, 88000.0, 88000.0, 92000.0, 0.0, 0.0, 0.0, 0.0, 0.0, 0.0, ||,  6
785132976, 7851329768, ||, 0.0, 369000.0, 339000.0, 222000.0, 54000.0, 18000.0, 129000.0, 195000.0, 133500.0, 0.0, 0.0, 0.0, ||,  6
--------------------------------------
	簇ID:	 计数
	7:	 135

	样本数据

5270609, 0052706093, ||, 0.0, 3840.0, 720.0, 3000.0, 1040.0, 2880.0, 11160.0, 9280.0, 12200.0, 9520.0, 11280.0, 0.0, ||,  7
812287130, 8119772388, ||, 0.0, 25770.0, 0.0, 3637.0, 16193.0, 8080.0, 6560.0, 8880.0, 6800.0, 7360.0, 8800.0, 4762.0, ||,  7
812202603, 8118980463, ||, 0.0, 2907.0, 3459.0, 3117.0, 2832.0, 765.0, 0.0, 48.0, 8727.0, 25866.0, 43308.0, 21681.0, ||,  7
781017194, 7810171946, ||, 0.0, 209.0, 181.0, 32009.0, 11959.0, 7430.0, 9862.0, 10240.0, 9388.0, 8626.0, 18645.0, 25127.0, ||,  7
800033906, 8000324922, ||, 0.0, 937.0, 12716.0, 16289.0, 8457.0, 10025.0, 7736.0, 8064.0, 8009.0, 5201.0, 4072.0, 0.0, ||,  7
792000539, 7920005391, ||, 0.0, 25200.0, 0.0, 0.0, 13500.0, 0.0, 5700.0, 0.0, 5700.0, 1800.0, 0.0, 8400.0, ||,  7
756005453, 7560054535, ||, 0.0, 10200.0, 3000.0, 0.0, 5400.0, 4800.0, 4200.0, 3600.0, 0.0, 0.0, 21600.0, 21600.0, ||,  7
814307806, 8139657166, ||, 0.0, 900.0, 773.0, 1373.0, 13188.0, 6045.0, 6825.0, 7262.0, 7931.0, 6742.0, 10434.0, 3248.0, ||,  7
812872892, 8125529013, ||, 0.0, 60000.0, 0.0, 4800.0, 0.0, 0.0, 0.0, 0.0, 19200.0, 16200.0, 21600.0, -57000.0, ||,  7
761002487, 0761002487, ||, 0.0, 288.0, 22761.0, 32952.0, 19570.0, 288.0, 48.0, 0.0, 0.0, 0.0, 10257.0, 15994.0, ||,  7
812183052, 8118797704, ||, 0.0, 34512.0, 5488.0, 4800.0, 5200.0, 4000.0, 2000.0, 16400.0, 10400.0, 8000.0, 9600.0, 11600.0, ||,  7
814587263, 8142376960, ||, 0.0, 288.0, 14404.0, 14508.0, 10567.0, 11065.0, 10259.0, 9305.0, 6213.0, 7911.0, 6297.0, 4199.0, ||,  7
814093077, 8137526123, ||, 0.0, 496.0, 392.0, 392.0, 392.0, 392.0, 392.0, 1476.0, 9716.0, 11192.0, 19682.0, 20443.0, ||,  7
748003653, 7480036534, ||, 0.0, 37662.0, 12515.0, 11413.0, 5823.0, 7576.0, 7271.0, 5751.0, 5545.0, 5455.0, 5174.0, 11729.0, ||,  7
814587837, 8142380745, ||, 0.0, 288.0, 288.0, 10221.0, 15616.0, 11023.0, 10357.0, 9427.0, 9599.0, 9411.0, 18882.0, 9544.0, ||,  7
26802383, 0268023836, ||, 0.0, 7359.0, 19007.0, 4918.0, 4534.0, 2620.0, 600.0, 0.0, 8520.0, 2680.0, 10840.0, 19920.0, ||,  7
812957180, 8126279313, ||, 0.0, 304.0, 9709.0, 5831.0, 4299.0, 4231.0, 3257.0, 5141.0, 4702.0, 11925.0, 9707.0, 11971.0, ||,  7
25977378, 0259773784, ||, 0.0, 7300.0, 6100.0, 6000.0, 12000.0, 12000.0, 12600.0, 12500.0, 12900.0, 12900.0, 12600.0, 0.0, ||,  7
690007273, 6900072736, ||, 0.0, 13863.0, 8172.0, 3861.0, 1371.0, 387.0, 384.0, 408.0, 654.0, 20226.0, 11067.0, 5667.0, ||,  7
785528455, 7855284555, ||, 0.0, 9600.0, 3600.0, 23600.0, 23600.0, 18800.0, 18400.0, 18400.0, 15600.0, 5200.0, 1200.0, 0.0, ||,  7
811708359, 8114250090, ||, 0.0, 6496.0, 10269.0, 17684.0, 9849.0, 9308.0, 9368.0, 13044.0, 11657.0, 12198.0, 13281.0, 17565.0, ||,  7
814233867, 8138965811, ||, 0.0, 11007.0, 5949.0, 8016.0, 6309.0, 5283.0, 4779.0, 5136.0, 5061.0, 4806.0, 5217.0, 4968.0, ||,  7
785108032, 7851080322, ||, 0.0, 26640.0, 0.0, 14580.0, 0.0, 0.0, 0.0, 0.0, 0.0, 0.0, 0.0, 12480.0, ||,  7
814466369, 8141254014, ||, 0.0, 359.0, 245.0, 245.0, 28379.0, 13951.0, 12183.0, 11506.0, 11067.0, 13591.0, 16211.0, 21741.0, ||,  7
814092136, 8137515291, ||, 0.0, 496.0, 392.0, 392.0, 392.0, 392.0, 392.0, 2790.0, 6541.0, 8021.0, 32002.0, 51588.0, ||,  7
25507075, 0255070751, ||, 0.0, 25300.0, 35000.0, 0.0, 0.0, 0.0, 12000.0, 12350.0, 9450.0, 8450.0, 5700.0, 7400.0, ||,  7
814618465, 8142647233, ||, 0.0, 415.0, 26099.0, 21652.0, 2243.0, 346.0, 5920.0, 3027.0, 2505.0, 2548.0, 3810.0, 5971.0, ||,  7
814354725, 8140118337, ||, 0.0, 160.0, 209.0, 18640.0, 16167.0, 1117.0, 1074.0, 1249.0, 10235.0, 13294.0, 11281.0, 1169.0, ||,  7
811774993, 8114902731, ||, 0.0, 490.0, 7395.0, 4620.0, 3379.0, 7307.0, 7065.0, 6184.0, 6503.0, 6664.0, 8998.0, 7845.0, ||,  7
690000612, 6900006122, ||, 0.0, 43140.0, 9906.0, 0.0, 0.0, 0.0, 1578.0, 5400.0, 5016.0, 7824.0, 7020.0, 7554.0, ||,  7
26912338, 0269123380, ||, 0.0, 13800.0, 25080.0, 10000.0, 11880.0, 12560.0, 9840.0, 10920.0, 8760.0, 7320.0, 11000.0, 12000.0, ||,  7
814356285, 8140131888, ||, 0.0, 132.0, 691.0, 3245.0, 11107.0, 991.0, 342.0, 14276.0, 12290.0, 7995.0, 6667.0, 4379.0, ||,  7
814638273, 8142832350, ||, 0.0, 380.0, 346.0, 12743.0, 346.0, 21811.0, 11292.0, 31799.0, 20682.0, 10498.0, 1576.0, 10097.0, ||,  7
814675964, 8143204792, ||, 0.0, 156.0, 7978.0, 5956.0, 5327.0, 4900.0, 4418.0, 4810.0, 5924.0, 8186.0, 7100.0, 8760.0, ||,  7
760001557, 0760001557, ||, 0.0, 130.0, 0.0, 0.0, 6177.0, 6065.0, 7304.0, 9153.0, 7531.0, 23261.0, 11757.0, 17670.0, ||,  7
811571833, 8113035722, ||, 0.0, 3601.0, 1104.0, 984.0, 2305.0, 3746.0, 3568.0, 5311.0, 8861.0, 7237.0, 10966.0, 14999.0, ||,  7
812652415, 8123362337, ||, 0.0, 9001.0, 1500.0, 27013.0, 9902.0, 7801.0, 8701.0, 7801.0, 7501.0, 7501.0, 6901.0, 10803.0, ||,  7
814639362, 8142843022, ||, 0.0, 380.0, 852.0, 8716.0, 29157.0, 37669.0, 13771.0, 14745.0, 15379.0, 10861.0, 346.0, 346.0, ||,  7
25704668, 0257046686, ||, 0.0, 2640.0, 16368.0, 5640.0, 5340.0, 5340.0, 5520.0, 5160.0, 4800.0, 4200.0, 5100.0, 5340.0, ||,  7
696103884, 6961038843, ||, 0.0, 384.0, -336.0, 0.0, 0.0, 355.0, 24481.0, 32258.0, 4936.0, 528.0, 1088.0, 3011.0, ||,  7
804139071, 8040630775, ||, 0.0, 4296.0, 510.0, 3288.0, 8178.0, 19956.0, 18318.0, 7686.0, 0.0, 13284.0, 27438.0, 1020.0, ||,  7
811808308, 8115197934, ||, 0.0, 5400.0, 7800.0, 5100.0, 8100.0, 0.0, 16200.0, 4200.0, 8700.0, 12900.0, 12600.0, 12600.0, ||,  7
9293961, 0092939615, ||, 0.0, 6619.0, 282.0, 10451.0, 2653.0, 3114.0, 13967.0, 20183.0, 3950.0, 282.0, 282.0, 70159.0, ||,  7
755006288, 7550062885, ||, 0.0, 152.0, 9489.0, 6555.0, 11304.0, 2247.0, 32217.0, 25070.0, 25980.0, 15255.0, 10842.0, 1375.0, ||,  7
812255130, 8119487008, ||, 0.0, 18906.0, 8085.0, 5856.0, 3468.0, 1944.0, 3525.0, 2571.0, 2442.0, 3051.0, 4767.0, 4686.0, ||,  7
803119754, 8030759468, ||, 0.0, 5400.0, 0.0, 8100.0, 3500.0, 6000.0, 7800.0, 16900.0, 13100.0, 0.0, 0.0, 0.0, ||,  7
814555219, 8142070543, ||, 0.0, 380.0, 346.0, 346.0, 346.0, 346.0, 6570.0, 14974.0, 15103.0, 12658.0, 22578.0, 15312.0, ||,  7
811559474, 8112912916, ||, 0.0, 44000.0, 8000.0, 0.0, 12000.0, 20000.0, 12000.0, 8000.0, 68000.0, 8000.0, 0.0, 0.0, ||,  7
27131419, 0271314194, ||, 0.0, 284.0, 0.0, 0.0, 284.0, 3323.0, 5575.0, 284.0, 16777.0, 9623.0, 19268.0, 7176.0, ||,  7
813009790, 8126794197, ||, 0.0, 317.0, 288.0, 10621.0, 11664.0, 9662.0, 7014.0, 6854.0, 7335.0, 4610.0, 8536.0, 30479.0, ||,  7
785528450, 7855284500, ||, 0.0, 1200.0, 800.0, 18400.0, 24800.0, 24800.0, 18800.0, 18800.0, 11600.0, 12400.0, 400.0, 0.0, ||,  7
756004382, 7560043821, ||, 0.0, 18623.0, 9056.0, 14277.0, 9457.0, 4245.0, 4405.0, 3524.0, 3684.0, 2643.0, 8574.0, 8815.0, ||,  7
812957136, 8126278613, ||, 0.0, 304.0, 11147.0, 5345.0, 4212.0, 4171.0, 4111.0, 2673.0, 5771.0, 11045.0, 10320.0, 11327.0, ||,  7
27005525, 0270055250, ||, 0.0, 840.0, 5520.0, 4380.0, 1620.0, 4920.0, 7860.0, 6840.0, 6000.0, 5400.0, 9600.0, 8400.0, ||,  7
748004309, 7480043099, ||, 0.0, 22737.0, 6898.0, 6662.0, 5176.0, 4846.0, 5089.0, 5042.0, 6059.0, 5938.0, 7060.0, 6109.0, ||,  7
814638941, 8142839393, ||, 0.0, 380.0, 903.0, 4106.0, 11918.0, 8703.0, 7130.0, 7535.0, 13615.0, 6974.0, 6652.0, 17378.0, ||,  7
785001685, 7850016856, ||, 0.0, 13905.0, 2888.0, 5105.0, 9886.0, 1248.0, 7017.0, 6268.0, 5154.0, 8419.0, 3302.0, 6145.0, ||,  7
812831818, 8125120287, ||, 0.0, 452.0, 2610.0, 7255.0, 6694.0, 6854.0, 7257.0, 4372.0, 4452.0, 5014.0, 9663.0, 4451.0, ||,  7
814638279, 8142832477, ||, 0.0, 380.0, 801.0, 15466.0, 10019.0, 19714.0, 11855.0, 25643.0, 14664.0, 11934.0, 8017.0, 8873.0, ||,  7
806956662, 8068091220, ||, 0.0, 14141.0, 6241.0, 6070.0, 5098.0, 0.0, 9924.0, 4945.0, 4594.0, 4525.0, 5230.0, 0.0, ||,  7
748004080, 7480040801, ||, 0.0, 21171.0, 1395.0, 7322.0, 4758.0, 3958.0, 4295.0, 3316.0, 4168.0, 5755.0, 8206.0, 8285.0, ||,  7
716046924, 7160469249, ||, 0.0, 20000.0, 85364.0, 200.0, 0.0, 0.0, 0.0, 0.0, 0.0, 0.0, 0.0, 0.0, ||,  7
748004728, 7480047280, ||, 0.0, 18270.0, 0.0, 0.0, 0.0, 20370.0, 0.0, 46065.0, 0.0, 0.0, 0.0, 0.0, ||,  7
17306076, 0173060766, ||, 0.0, 7278.0, 4356.0, 6254.0, 6870.0, 5560.0, 4010.0, 4228.0, 8628.0, 4830.0, 9520.0, 4304.0, ||,  7
804355678, 8042714796, ||, 0.0, 41400.0, 21600.0, 2400.0, 2400.0, 5400.0, 4800.0, 6600.0, 7800.0, 10800.0, 15000.0, 16734.0, ||,  7
30978095, 0309780955, ||, 0.0, 24918.0, 10709.0, 10721.0, 4813.0, 4760.0, 9036.0, 9485.0, 12096.0, 12596.0, 4904.0, 11969.0, ||,  7
814160014, 8138197483, ||, 0.0, 538.0, 0.0, 0.0, 0.0, 528.0, 5016.0, 13799.0, 14690.0, 8229.0, 14594.0, 21078.0, ||,  7
810795439, 8105600936, ||, 0.0, 19748.0, 1057.0, 11510.0, 8659.0, 7205.0, 8353.0, 9768.0, 9560.0, 7908.0, 9482.0, 9087.0, ||,  7
806860011, 8067203163, ||, 0.0, 24100.0, 11700.0, 5800.0, 1900.0, 2200.0, 200.0, 500.0, 400.0, 0.0, 2500.0, 12900.0, ||,  7
785001171, 7850011718, ||, 0.0, 16800.0, 0.0, 6894.0, 4200.0, 16200.0, 11400.0, 14400.0, 7200.0, 15600.0, 22200.0, 14400.0, ||,  7
811583421, 8113141652, ||, 0.0, 40537.0, 8110.0, 7170.0, 6110.0, 15562.0, 13881.0, 10601.0, 7790.0, 7470.0, 8440.0, 6820.0, ||,  7
30150889, 0301508898, ||, 0.0, 13138.0, 6992.0, 0.0, 0.0, 19118.0, 0.0, 13760.0, 0.0, 17520.0, 4400.0, 14560.0, ||,  7
742003899, 7420038994, ||, 0.0, 104.0, 3476.0, 6300.0, 10945.0, 13001.0, 10708.0, 10858.0, 11591.0, 12646.0, 7564.0, 5247.0, ||,  7
27147157, 0271471572, ||, 0.0, 13500.0, 23700.0, 18600.0, 0.0, 0.0, 0.0, 0.0, 0.0, 0.0, 35100.0, 17400.0, ||,  7
814418831, 8140750481, ||, 0.0, 4200.0, 7200.0, 14400.0, 9600.0, 4200.0, 1800.0, 2400.0, 1800.0, 2400.0, 4800.0, 4200.0, ||,  7
5478569, 0054785696, ||, 0.0, 23400.0, 7560.0, 7380.0, 4500.0, 1560.0, 960.0, 720.0, 780.0, 1020.0, 1680.0, 0.0, ||,  7
756004380, 7560043805, ||, 0.0, 482.0, 6990.0, 5888.0, 7893.0, 4612.0, 3384.0, 2683.0, 2183.0, 3885.0, 8193.0, 8494.0, ||,  7
27269553, 0272695531, ||, 0.0, 626.0, 626.0, -1249.0, 21361.0, 19629.0, 13090.0, 18677.0, 15255.0, 13606.0, 0.0, 0.0, ||,  7
753004994, 0753004994, ||, 0.0, 307.0, 173.0, 30430.0, 25701.0, 768.0, 708.0, 10786.0, 7812.0, 5761.0, 2089.0, 288.0, ||,  7
804093376, 8040184328, ||, 0.0, 12000.0, 59069.0, 75938.0, 319.0, 239.0, 230.0, 250.0, 242.0, 300.0, 15828.0, 32160.0, ||,  7
811056206, 8108133806, ||, 0.0, 3880.0, 4652.0, 13348.0, 9376.0, 16776.0, 13740.0, 13080.0, 5972.0, 6148.0, 7924.0, 9648.0, ||,  7
812287134, 8119772421, ||, 0.0, 21926.0, 0.0, 2051.0, 7266.0, 1600.0, 3760.0, 2080.0, 1760.0, 2560.0, 7920.0, 5073.0, ||,  7
756005747, 7560057475, ||, 0.0, 25600.0, 2400.0, 5600.0, 6400.0, 7600.0, 14000.0, 4400.0, 1600.0, 1200.0, 8800.0, 0.0, ||,  7
748007580, 7480075809, ||, 0.0, 32240.0, 0.0, 25280.0, 0.0, 12320.0, 0.0, 32640.0, 0.0, 19040.0, 0.0, 31600.0, ||,  7
811964184, 8116710426, ||, 0.0, 426.0, 346.0, 346.0, 346.0, 346.0, 46283.0, 6750.0, 7851.0, 6349.0, 16772.0, 24301.0, ||,  7
814531572, 8141848693, ||, 0.0, 1248.0, 4548.0, 4283.0, 2891.0, 2124.0, 2517.0, 7542.0, 10377.0, 6062.0, 9207.0, 8556.0, ||,  7
30911197, 0309111979, ||, 0.0, 16320.0, 13440.0, 4000.0, 4800.0, 0.0, 4800.0, 0.0, 0.0, 0.0, 0.0, 24000.0, ||,  7
782003638, 7820036383, ||, 0.0, 3178.0, 2049.0, 8037.0, 4890.0, 1889.0, 8883.0, 19512.0, 12212.0, 7217.0, 6836.0, 22689.0, ||,  7
814093475, 8137528220, ||, 0.0, 496.0, 392.0, 392.0, 392.0, 392.0, 392.0, 12087.0, 10965.0, 14613.0, 19994.0, 14812.0, ||,  7
813324063, 8129866763, ||, 0.0, 302.0, 245.0, 15551.0, 12981.0, 21917.0, 12443.0, 1104.0, 755.0, 2116.0, 855.0, 1022.0, ||,  7
780002851, 7800028513, ||, 0.0, 1200.0, 0.0, 6660.0, 6000.0, 7980.0, 9720.0, 6960.0, 7320.0, 7800.0, 6720.0, 1080.0, ||,  7
806806862, 8066712341, ||, 0.0, 11934.0, 39606.0, 44262.0, 7866.0, 0.0, 0.0, 0.0, 0.0, 0.0, 0.0, 0.0, ||,  7
812641270, 8123249274, ||, 0.0, 311.0, 9784.0, 8981.0, 15157.0, 4175.0, 2974.0, 1933.0, 1853.0, 3774.0, 6978.0, 4014.0, ||,  7
15342678, 0153426782, ||, 0.0, 2880.0, 0.0, 0.0, 0.0, 0.0, 0.0, 0.0, 0.0, 0.0, 47760.0, 61140.0, ||,  7
781014161, 7810141611, ||, 0.0, 1590.0, 600.0, 600.0, 4200.0, 1800.0, 0.0, 6000.0, 7200.0, 8400.0, 12000.0, 13800.0, ||,  7
781002378, 7810023784, ||, 0.0, 7800.0, 2815.0, 4884.0, 13656.0, 1635.0, 434.0, 254.0, 494.0, 554.0, 434.0, 33183.0, ||,  7
785005419, 7850054199, ||, 0.0, 5133.0, 900.0, 5100.0, 8700.0, 5400.0, 5100.0, 6300.0, 18900.0, 8400.0, 9600.0, 9900.0, ||,  7
812661318, 8123452599, ||, 0.0, 2760.0, 3271.0, 3091.0, 2264.0, 1664.0, 1981.0, 2947.0, 5866.0, 9489.0, 27232.0, 45077.0, ||,  7
707000603, 0707000603, ||, 0.0, 1170.0, 13380.0, 5730.0, 4230.0, 6342.0, 10368.0, 2220.0, 5580.0, 6120.0, 3600.0, 2010.0, ||,  7
812985626, 8126560079, ||, 0.0, 233.0, 194.0, 341.0, 5666.0, 6940.0, 10156.0, 12597.0, 10669.0, 6668.0, 6311.0, 4432.0, ||,  7
709005819, 7090058195, ||, 0.0, 9086.0, 3352.0, 4737.0, 3654.0, 4134.0, 3849.0, 4140.0, 5531.0, 4078.0, 1069.0, 9297.0, ||,  7
785530584, 7855305843, ||, 0.0, 35200.0, 0.0, 8800.0, 3600.0, 800.0, 0.0, 0.0, 0.0, 0.0, 0.0, 0.0, ||,  7
812287126, 8119772346, ||, 0.0, 23290.0, 0.0, 6708.0, 11064.0, 7560.0, 7560.0, 14520.0, 6660.0, 5700.0, 5940.0, 3856.0, ||,  7
814700446, 8143433958, ||, 0.0, 288.0, 4849.0, 12272.0, 19245.0, 9532.0, 4644.0, 4436.0, 3940.0, 14057.0, 22918.0, 27771.0, ||,  7
814355775, 8140128110, ||, 0.0, 160.0, 7423.0, 7562.0, 21561.0, 12302.0, 633.0, 20880.0, 17164.0, 4696.0, 15714.0, 9591.0, ||,  7
814587633, 8142380022, ||, 0.0, 288.0, 61377.0, 23795.0, 10942.0, 8617.0, 8202.0, 7589.0, 6452.0, 10701.0, 12914.0, 14556.0, ||,  7
812242259, 8119375444, ||, 0.0, 9224.0, 12208.0, 11336.0, 13680.0, 13596.0, 14840.0, 14432.0, 12724.0, 16120.0, 15076.0, 12236.0, ||,  7
785528520, 7855285200, ||, 0.0, 24000.0, 12800.0, 6400.0, 3200.0, 4400.0, 5600.0, 4800.0, 5200.0, 8400.0, 3600.0, 4000.0, ||,  7
25703222, 0257032221, ||, 0.0, 11250.0, 54050.0, 0.0, 0.0, 0.0, 0.0, 0.0, 0.0, 0.0, 45250.0, 31350.0, ||,  7
814339512, 8139965072, ||, 0.0, 380.0, 15374.0, 17281.0, 2046.0, 4603.0, 6827.0, 7975.0, 8292.0, 7761.0, 8961.0, 7153.0, ||,  7
774003071, 0774003071, ||, 0.0, 4905.0, 0.0, 4095.0, 16500.0, 19500.0, 21000.0, 9000.0, 0.0, 0.0, 0.0, 0.0, ||,  7
811516848, 8112495149, ||, 0.0, 16476.0, 9786.0, 10353.0, 6261.0, 4146.0, 6105.0, 7419.0, 6909.0, 6660.0, 7812.0, 9558.0, ||,  7
800360708, 8003536508, ||, 0.0, 1200.0, 12000.0, 9000.0, 4200.0, 5400.0, 7668.0, 12000.0, 4800.0, 7200.0, 15600.0, 6000.0, ||,  7
812287118, 8119772261, ||, 0.0, 31358.0, 0.0, 7734.0, 11819.0, 7020.0, 6120.0, 9780.0, 5640.0, 5460.0, 8280.0, 5072.0, ||,  7
814565264, 8142160705, ||, 0.0, 3221.0, 3361.0, 3482.0, 3581.0, 9008.0, 13125.0, 12114.0, 11428.0, 12562.0, 19337.0, 17012.0, ||,  7
803426362, 8033749659, ||, 0.0, 1600.0, 0.0, 7680.0, 9920.0, 7040.0, 18720.0, 15360.0, 6720.0, 1440.0, 1120.0, 0.0, ||,  7
690004359, 6900043592, ||, 0.0, 31500.0, 8100.0, 17400.0, 20100.0, 12300.0, 5394.0, 2106.0, 14016.0, 18315.0, 18069.0, 19500.0, ||,  7
7000223, 0070002238, ||, 0.0, 9716.0, 7756.0, 10224.0, 4488.0, 3584.0, 4076.0, 10984.0, 9192.0, 9724.0, 12820.0, 15608.0, ||,  7
812818620, 8124989326, ||, 0.0, 396.0, 1036.0, 1528.0, 1492.0, 2566.0, 3531.0, 5209.0, 6201.0, 2106.0, 10070.0, 18054.0, ||,  7
814389039, 8140457920, ||, 0.0, 317.0, 288.0, 15232.0, 6002.0, 10822.0, 15273.0, 16406.0, 19991.0, 15286.0, 16696.0, 12440.0, ||,  7
7000178, 0070001785, ||, 0.0, 35400.0, 16840.0, 12720.0, 0.0, 0.0, 0.0, 0.0, 0.0, 0.0, 4000.0, 19080.0, ||,  7
814058348, 8137183535, ||, 0.0, 9680.0, 15152.0, 16980.0, 7996.0, 6900.0, 7748.0, 8488.0, 6736.0, 7452.0, 11268.0, 16636.0, ||,  7
811654278, 8113741038, ||, 0.0, 19800.0, 5175.0, 5130.0, 3615.0, 2655.0, 2850.0, 2055.0, 3030.0, 7620.0, 17820.0, 32536.0, ||,  7
814616643, 8142629123, ||, 0.0, 492.0, 25404.0, 44814.0, 748.0, 4350.0, 16479.0, 10479.0, 10036.0, 6090.0, 433.0, 3611.0, ||,  7
812231145, 8119251593, ||, 0.0, 21215.0, 18927.0, 16850.0, 10200.0, 8121.0, 10460.0, 12786.0, 13470.0, 12867.0, 9449.0, 8997.0, ||,  7
756004167, 7560041678, ||, 0.0, 6600.0, 3600.0, 3400.0, 6200.0, 6200.0, 31600.0, 6800.0, 4200.0, 3400.0, 7800.0, 5000.0, ||,  7
756004400, 7560044000, ||, 0.0, 10000.0, 10000.0, 20000.0, 6000.0, 10000.0, 20000.0, 1000.0, 0.0, 20000.0, 0.0, 30000.0, ||,  7
785528456, 7855284568, ||, 0.0, 8800.0, 0.0, 0.0, 0.0, 0.0, 0.0, 0.0, 0.0, 7200.0, 10800.0, 23600.0, ||,  7
813299154, 8129624145, ||, 0.0, 17202.0, 19704.0, 22800.0, 13260.0, 8046.0, 9516.0, 10944.0, 9306.0, 11274.0, 18900.0, 16200.0, ||,  7
695078313, 6950783130, ||, 0.0, 46056.0, 1677.0, 6063.0, 5028.0, 11160.0, 23199.0, 35916.0, 19656.0, 3000.0, 10800.0, 0.0, ||,  7
748005715, 7480057151, ||, 0.0, 20400.0, 0.0, 0.0, 16800.0, 0.0, 0.0, 10200.0, 0.0, 11100.0, 0.0, 12600.0, ||,  7
803239594, 8031944209, ||, 0.0, 4200.0, 6000.0, 39300.0, 0.0, 0.0, 0.0, 0.0, 0.0, 0.0, 14400.0, 18000.0, ||,  7
814588067, 8142384297, ||, 0.0, 288.0, 76830.0, 288.0, 288.0, 288.0, 288.0, 3404.0, 16044.0, 14502.0, 30309.0, 29294.0, ||,  7
814339439, 8139964978, ||, 0.0, 380.0, 346.0, 6853.0, 13875.0, 9894.0, 6720.0, 9644.0, 11722.0, 15582.0, 14671.0, 7551.0, ||,  7
30219680, 0302196803, ||, 0.0, 34160.0, 16440.0, 13840.0, 15720.0, 11400.0, 11760.0, 14840.0, 20280.0, 5480.0, 10006.0, 7674.0, ||,  7
--------------------------------------
	簇ID:	 计数
	8:	 2

	样本数据

811655582, 8113754865, ||, 0.0, 500000.0, 100000.0, 20000.0, 40000.0, 30000.0, 60000.0, 60000.0, 80000.0, 230000.0, 440000.0, 800000.0, ||,  8
708000239, 7080002391, ||, 0.0, 88000.0, 204000.0, 192000.0, 224000.0, 44000.0, 92000.0, 68000.0, 164000.0, 728000.0, 48000.0, 824000.0, ||,  8
--------------------------------------
	簇ID:	 计数
	9:	 22

	样本数据

803820129, 8037478364, ||, 0.0, 156177.0, 7038.0, 17022.0, 14544.0, 18741.0, 17487.0, 20250.0, 15807.0, 19569.0, 22638.0, 19353.0, ||,  9
811815061, 8115263903, ||, 0.0, 155000.0, 75000.0, 40000.0, 2900.0, 0.0, 0.0, 0.0, 0.0, 34260.0, 0.0, 65860.0, ||,  9
806824112, 8066867298, ||, 0.0, 237508.0, 51728.0, 61540.0, 49668.0, 50936.0, 40000.0, 20040.0, 122212.0, 43940.0, 0.0, 107952.0, ||,  9
811877826, 8115856808, ||, 0.0, 168400.0, 44800.0, 19200.0, 0.0, 1600.0, 880.0, 0.0, 1920.0, 1600.0, 28800.0, 28400.0, ||,  9
803388127, 8033414984, ||, 0.0, 139800.0, 53400.0, 21000.0, 0.0, 0.0, 0.0, 0.0, 0.0, 0.0, 34800.0, 75600.0, ||,  9
814557639, 8142092538, ||, 0.0, 150000.0, 106320.0, 0.0, 0.0, 84560.0, 160.0, 200.0, 200.0, 240.0, 1320.0, 49440.0, ||,  9
680501023, 6805010233, ||, 0.0, 272283.0, 68299.0, 30817.0, 238.0, 238.0, 238.0, 238.0, 238.0, 238.0, 49451.0, 66749.0, ||,  9
792000545, 7920005450, ||, 0.0, 135200.0, 8800.0, 20000.0, 13600.0, 24000.0, 25600.0, 13600.0, 34400.0, 28000.0, 31200.0, 43200.0, ||,  9
507554, 0005075544, ||, 0.0, 166544.0, 101848.0, 28392.0, 0.0, 0.0, 0.0, 0.0, 0.0, 0.0, 98784.0, 128744.0, ||,  9
298577, 0002985770, ||, 0.0, 152160.0, 63360.0, 61260.0, 0.0, 0.0, 0.0, 0.0, 0.0, 0.0, 0.0, 56640.0, ||,  9
811515355, 8112480592, ||, 0.0, 191280.0, 57360.0, 17940.0, 780.0, 840.0, 900.0, 0.0, 0.0, 0.0, 70500.0, 36000.0, ||,  9
17248403, 0172484035, ||, 0.0, 159889.0, 48012.0, 48529.0, 0.0, 0.0, 0.0, 0.0, 0.0, 0.0, 8232.0, 43175.0, ||,  9
812218485, 8119133666, ||, 0.0, 146376.0, 49272.0, 36640.0, 7080.0, 7688.0, 17472.0, 16248.0, 25640.0, 64568.0, 66392.0, 76024.0, ||,  9
813105479, 8127744698, ||, 0.0, 144148.0, 53868.0, 34040.0, 28588.0, 31276.0, 24156.0, 21992.0, 24296.0, 28200.0, 25920.0, 26552.0, ||,  9
785001232, 7850012320, ||, 0.0, 248000.0, 71600.0, 36000.0, 71200.0, 38400.0, 44000.0, 48000.0, 48800.0, 42400.0, 55200.0, 59200.0, ||,  9
792000546, 7920005463, ||, 0.0, 189200.0, 31200.0, 79200.0, 0.0, 0.0, 0.0, 0.0, 10400.0, 8400.0, 16000.0, 36000.0, ||,  9
812230890, 8119247372, ||, 0.0, 161444.0, 89859.0, 93298.0, 317.0, 253.0, 245.0, 245.0, 437.0, 245.0, 4832.0, 43482.0, ||,  9
792000547, 7920005476, ||, 0.0, 168800.0, 24400.0, 40800.0, 64000.0, 29200.0, 12800.0, 8400.0, 9200.0, 7200.0, 16800.0, 9200.0, ||,  9
25600647, 0256006476, ||, 0.0, 244600.0, 140100.0, 0.0, 0.0, 0.0, 0.0, 0.0, 0.0, 29100.0, 18100.0, 0.0, ||,  9
25379614, 0253796141, ||, 0.0, 138080.0, 74240.0, 50200.0, 0.0, 0.0, 0.0, 0.0, 0.0, 0.0, 26040.0, 80000.0, ||,  9
31387906, 0313879065, ||, 0.0, 189480.0, 78162.0, 0.0, 0.0, 39222.0, 0.0, 0.0, 0.0, 1433.0, 5815.0, 105927.0, ||,  9
748008210, 7480082104, ||, 0.0, 180600.0, 36300.0, 19200.0, 16200.0, 10800.0, 12300.0, 9000.0, 6900.0, 0.0, 8100.0, 4200.0, ||,  9
--------------------------------------
	簇ID:	 计数
	10:	 6

	样本数据

748008136, 7480081361, ||, 0.0, 691.0, 6317.0, 75897.0, 90528.0, 85491.0, 102510.0, 98142.0, 113507.0, 90911.0, 109234.0, 98420.0, ||,  10
751002450, 7510024508, ||, 0.0, 14940.0, 0.0, 209160.0, 194670.0, 0.0, 0.0, 139950.0, 478560.0, 242610.0, 122340.0, 0.0, ||,  10
696123925, 6961239259, ||, 0.0, 2740.0, 2100.0, 9230.0, 9230.0, 28180.0, 65930.0, 330205.0, 184740.0, 43970.0, 9480.0, 15510.0, ||,  10
670184947, 6701849476, ||, 0.0, 141.0, 11507.0, 32249.0, 23633.0, 115080.0, 45477.0, 64583.0, 130994.0, 79060.0, 83883.0, 74397.0, ||,  10
757002496, 7570024968, ||, 0.0, 770.0, 1010.0, 49860.0, 58100.0, 101500.0, 100290.0, 94970.0, 74430.0, 83560.0, 26160.0, 0.0, ||,  10
731000214, 7310002146, ||, 0.0, 3682.0, 11911.0, 115586.0, 118840.0, 69145.0, 106618.0, 107444.0, 17819.0, 115345.0, 26321.0, 0.0, ||,  10
--------------------------------------
	簇ID:	 计数
	11:	 11

	样本数据

761003704, 0761003704, ||, 0.0, 2000.0, 12000.0, 164000.0, 172000.0, 184000.0, 164000.0, 46000.0, 80000.0, 198000.0, 162000.0, 314000.0, ||,  11
757002304, 7570023040, ||, 0.0, 90426.0, 142512.0, 170628.0, 170004.0, 155880.0, 141246.0, 147222.0, 155388.0, 148452.0, 167604.0, 151068.0, ||,  11
809278397, 8090719420, ||, 0.0, 10260.0, 117360.0, 197880.0, 248200.0, 259660.0, 196740.0, 172680.0, 59020.0, 118980.0, 137800.0, 3580.0, ||,  11
812870694, 8125507187, ||, 0.0, 154400.0, 68800.0, 144000.0, 181600.0, 121600.0, 165600.0, 136800.0, 120800.0, 84000.0, 142400.0, 39200.0, ||,  11
706000492, 0706000492, ||, 0.0, 1155.0, 36300.0, 223815.0, 306045.0, 288855.0, 243915.0, 229665.0, 172095.0, 169065.0, 151995.0, 69000.0, ||,  11
811692036, 8114139249, ||, 0.0, 163365.0, 63030.0, 84000.0, 111000.0, 96000.0, 111000.0, 150000.0, 135000.0, 150000.0, 159000.0, 171000.0, ||,  11
814641223, 8142865772, ||, 0.0, 48000.0, 115980.0, 175960.0, 26060.0, 143480.0, 159180.0, 53380.0, 51140.0, 193240.0, 257620.0, 86620.0, ||,  11
691001992, 6910019923, ||, 0.0, 13425.0, 200730.0, 240645.0, 130170.0, 207225.0, 212130.0, 181080.0, 271380.0, 172035.0, 273375.0, 75555.0, ||,  11
691001989, 6910019893, ||, 0.0, 32.0, 162504.0, 178808.0, 115376.0, 188272.0, 160144.0, 81736.0, 189952.0, 141272.0, 71280.0, 143656.0, ||,  11
691004968, 6910049681, ||, 0.0, 770.0, 152120.0, 136480.0, 144330.0, 284980.0, 174670.0, 137640.0, 70020.0, 91040.0, 21350.0, 3670.0, ||,  11
757001437, 7570014374, ||, 0.0, 540.0, 136722.0, 134550.0, 145140.0, 177534.0, 162732.0, 167004.0, 171528.0, 189648.0, 179502.0, 68664.0, ||,  11
--------------------------------------
	簇ID:	 计数
	12:	 2

	样本数据

806774913, 8066409616, ||, 0.0, 224000.0, 106000.0, 848000.0, 518000.0, 290000.0, 408260.0, 83920.0, 464000.0, 396000.0, 618000.0, 54240.0, ||,  12
691018170, 6910181701, ||, 0.0, 22215.0, 0.0, 659805.0, 327900.0, 290940.0, 263955.0, 121845.0, 197790.0, 249795.0, 249255.0, 140340.0, ||,  12
--------------------------------------
	簇ID:	 计数
	13:	 103

	样本数据

813303408, 8129668499, ||, 0.0, 33018.0, 23611.0, 33468.0, 43655.0, 50031.0, 91266.0, 66221.0, 42905.0, 26042.0, 38254.0, 48501.0, ||,  13
801815930, 8017995571, ||, 0.0, 374.0, 0.0, 118844.0, 29559.0, 18818.0, 20993.0, 29266.0, 0.0, 64672.0, 27371.0, 23829.0, ||,  13
810592429, 8103627096, ||, 0.0, 20400.0, 82800.0, 28000.0, 18000.0, 8800.0, 13600.0, 17200.0, 22400.0, 32400.0, 41600.0, 38800.0, ||,  13
814560189, 8142119648, ||, 0.0, 451.0, 410.0, 13159.0, 18499.0, 34467.0, 40352.0, 26896.0, 36968.0, 34031.0, 60999.0, 38802.0, ||,  13
814562582, 8142141719, ||, 0.0, 451.0, 23344.0, 46238.0, 27252.0, 11252.0, 10410.0, 9082.0, 33054.0, 37143.0, 36172.0, 18219.0, ||,  13
812633226, 8123191966, ||, 0.0, 2400.0, 2400.0, 0.0, 0.0, 28236.0, 3000.0, 936.0, 1836.0, 3720.0, 4608.0, 116880.0, ||,  13
806733054, 8066017664, ||, 0.0, 48112.0, 24632.0, 26680.0, 21896.0, 16632.0, 19416.0, 28320.0, 23472.0, 19136.0, 28024.0, 38224.0, ||,  13
811531157, 8112636546, ||, 0.0, 28200.0, 17400.0, 6930.0, 3270.0, 12240.0, 42930.0, 53910.0, 23430.0, 5160.0, 12030.0, 20970.0, ||,  13
812933316, 8126077425, ||, 0.0, 40000.0, 54000.0, 46000.0, 36000.0, 35000.0, 33000.0, 40000.0, 33000.0, 24000.0, 38000.0, 47000.0, ||,  13
814638161, 8142831458, ||, 0.0, 380.0, 346.0, 12437.0, 14128.0, 31926.0, 32312.0, 24423.0, 17384.0, 19871.0, 19723.0, 23533.0, ||,  13
814638666, 8142836222, ||, 0.0, 380.0, 1530.0, 7603.0, 22648.0, 40362.0, 44131.0, 9518.0, 13632.0, 19843.0, 11211.0, 35873.0, ||,  13
811087068, 8108578067, ||, 0.0, 6876.0, 23980.0, 67488.0, 50516.0, 92120.0, 57672.0, 63276.0, 58556.0, 42492.0, 18884.0, 0.0, ||,  13
812297777, 8119876660, ||, 0.0, 42000.0, 13000.0, 13000.0, 20000.0, 17000.0, 18000.0, 14000.0, 13000.0, 11000.0, 13000.0, 23000.0, ||,  13
812643747, 8123273585, ||, 0.0, 18000.0, 21000.0, 25500.0, 22500.0, 21000.0, 24000.0, 30000.0, 21000.0, 21000.0, 28500.0, 31500.0, ||,  13
811714804, 8114330088, ||, 0.0, 2400.0, 46200.0, 13800.0, 42600.0, 30000.0, 9600.0, 0.0, 115200.0, 0.0, 79422.0, 22578.0, ||,  13
814540849, 8141933850, ||, 0.0, 221.0, 13408.0, 37994.0, 32641.0, 29628.0, 30308.0, 39373.0, 27855.0, 23880.0, 33901.0, 38643.0, ||,  13
805537448, 8054265781, ||, 0.0, 1200.0, 1800.0, 10800.0, 27000.0, 31800.0, 22200.0, 24066.0, 13200.0, 15012.0, 13560.0, 13032.0, ||,  13
814638178, 8142831504, ||, 0.0, 380.0, 346.0, 16820.0, 26462.0, 5219.0, 14662.0, 23445.0, 8543.0, 29450.0, 21080.0, 27723.0, ||,  13
807342595, 8071825371, ||, 0.0, 40500.0, 10000.0, 21000.0, 31500.0, 30000.0, 13500.0, 22500.0, 10500.0, 16500.0, 40500.0, 67500.0, ||,  13
812830527, 8125115920, ||, 0.0, 20833.0, 23179.0, 27354.0, 20823.0, 23664.0, 16778.0, 17321.0, 18226.0, 18588.0, 19493.0, 18829.0, ||,  13
814212830, 8138700045, ||, 0.0, 277.0, 10501.0, 14954.0, 19953.0, 23406.0, 21669.0, 25703.0, 30913.0, 25803.0, 21708.0, 15123.0, ||,  13
813315933, 8129785945, ||, 0.0, 286.0, 4098.0, 37360.0, 9225.0, 29113.0, 29973.0, 27452.0, 28132.0, 28862.0, 23834.0, 27514.0, ||,  13
812615377, 8123016885, ||, 0.0, 43200.0, 36000.0, 24000.0, 24800.0, 20800.0, 28000.0, 36000.0, 39200.0, 20000.0, 49600.0, 50400.0, ||,  13
812673820, 8123619071, ||, 0.0, 312.0, 446.0, 39349.0, 24505.0, 23310.0, 18487.0, 21294.0, 30543.0, 18482.0, 22890.0, 9250.0, ||,  13
813024855, 8126941072, ||, 0.0, 1006.0, 37209.0, 57868.0, 18297.0, 14397.0, 69754.0, 70831.0, 66756.0, 48704.0, 58528.0, 62969.0, ||,  13
814350866, 8140083626, ||, 0.0, 8082.0, 9409.0, 12049.0, 21333.0, 26563.0, 27877.0, 39273.0, 29942.0, 30705.0, 43575.0, 33846.0, ||,  13
811101872, 8108578070, ||, 0.0, 3696.0, 0.0, 41800.0, 62584.0, 69684.0, 58752.0, 38396.0, 32636.0, 31028.0, 0.0, 0.0, ||,  13
600132142, 6001321423, ||, 0.0, 482.0, 18139.0, 33840.0, 86910.0, 108164.0, 99616.0, 79146.0, 8130.0, 0.0, 0.0, 0.0, ||,  13
17248468, 0172484686, ||, 0.0, 17766.0, 25947.0, 16000.0, 32750.0, 38794.0, 14216.0, 11306.0, 13554.0, 14109.0, 17704.0, 17958.0, ||,  13
31368015, 0313680151, ||, 0.0, 28868.0, 31387.0, 16268.0, 19539.0, 0.0, 39423.0, 49351.0, 0.0, 44961.0, 16670.0, 22522.0, ||,  13
814626628, 8142723737, ||, 0.0, 725.0, 20690.0, 20490.0, 18288.0, 18090.0, 22912.0, 26931.0, 26931.0, 23506.0, 22516.0, 29547.0, ||,  13
814225980, 8138843201, ||, 0.0, 5297.0, 8916.0, 37476.0, 39889.0, 35076.0, 34693.0, 30800.0, 41894.0, 27596.0, 37132.0, 21195.0, ||,  13
742003905, 7420039056, ||, 0.0, 145.0, 482.0, 26322.0, 31771.0, 19047.0, 27922.0, 18744.0, 19348.0, 24994.0, 24489.0, 22158.0, ||,  13
814639179, 8142842915, ||, 0.0, 380.0, 346.0, 7846.0, 22878.0, 19288.0, 37301.0, 34701.0, 23441.0, 18971.0, 16807.0, 31293.0, ||,  13
814271259, 8139291287, ||, 0.0, 252.0, 4637.0, 11067.0, 9358.0, 14133.0, 12582.0, 13658.0, 8737.0, 17431.0, 21822.0, 35223.0, ||,  13
814351785, 8140086960, ||, 0.0, 230.0, 456.0, 5033.0, 13089.0, 26682.0, 17598.0, 16449.0, 28391.0, 35096.0, 32582.0, 16802.0, ||,  13
813989482, 8136511360, ||, 0.0, 230.0, 1889.0, 22950.0, 33361.0, 9309.0, 21418.0, 34375.0, 8259.0, 11361.0, 32235.0, 569.0, ||,  13
9267944, 0092679447, ||, 0.0, 21.0, 13.0, 21771.0, 35756.0, 40513.0, 36582.0, 36199.0, 39403.0, 29501.0, 797.0, 2.0, ||,  13
814091633, 8137509928, ||, 0.0, 496.0, 392.0, 10561.0, 15376.0, 26885.0, 22784.0, 31137.0, 27452.0, 39793.0, 29443.0, 16219.0, ||,  13
807766661, 8075930459, ||, 0.0, 288.0, 288.0, 288.0, 288.0, 288.0, 79445.0, 13006.0, 17577.0, 26387.0, 33885.0, 288.0, ||,  13
812668621, 8123519687, ||, 0.0, 346.0, 3047.0, 3848.0, 42987.0, 3848.0, 53005.0, 24730.0, 23193.0, 33652.0, 53839.0, 87291.0, ||,  13
812082527, 8117844379, ||, 0.0, 2400.0, 3000.0, 10800.0, 13638.0, 14118.0, 13902.0, 11742.0, 16692.0, 21744.0, 28584.0, 19578.0, ||,  13
814212812, 8138699905, ||, 0.0, 277.0, 7088.0, 20078.0, 19091.0, 17479.0, 22006.0, 23728.0, 28417.0, 29111.0, 39939.0, 47112.0, ||,  13
812668496, 8123518424, ||, 0.0, 8700.0, 24263.0, 24866.0, 4012.0, 4012.0, 410.0, 34614.0, 19884.0, 22198.0, 31297.0, 38033.0, ||,  13
813196202, 8128611740, ||, 0.0, 813.0, 659.0, 36983.0, 40606.0, 33190.0, 47907.0, 43884.0, 55524.0, 89309.0, 82808.0, 69632.0, ||,  13
792000533, 7920005333, ||, 0.0, 40800.0, 27200.0, 16800.0, 21600.0, 14400.0, 15200.0, 20800.0, 14400.0, 13600.0, 12800.0, 14400.0, ||,  13
814339518, 8139965102, ||, 0.0, 380.0, 10361.0, 28870.0, 14976.0, 24030.0, 43801.0, 47219.0, 19126.0, 22002.0, 29433.0, 23502.0, ||,  13
703000870, 7030008701, ||, 0.0, 96.0, 17535.0, 21987.0, 19774.0, 18634.0, 20920.0, 22669.0, 25910.0, 25712.0, 14472.0, 299.0, ||,  13
756004798, 7560047982, ||, 0.0, 15000.0, 41000.0, 24000.0, 24000.0, 26000.0, 48000.0, 43000.0, 48000.0, 26000.0, 31000.0, 29000.0, ||,  13
760001700, 0760001700, ||, 0.0, 3200.0, 32000.0, 74400.0, 90400.0, 0.0, 0.0, 0.0, 8800.0, 7200.0, 7200.0, 5600.0, ||,  13
708000241, 7080002418, ||, 0.0, 12000.0, 0.0, 34000.0, 0.0, 50000.0, 0.0, 0.0, 4000.0, 0.0, 16000.0, 36000.0, ||,  13
813210577, 8128752535, ||, 0.0, 14522.0, 2369.0, 20470.0, 20473.0, 14017.0, 11845.0, 13618.0, 16843.0, 18294.0, 15870.0, 7260.0, ||,  13
709006334, 7090063348, ||, 0.0, 10821.0, 7141.0, 8661.0, 7306.0, 6374.0, 31163.0, 50874.0, 62045.0, 44427.0, 34293.0, 51872.0, ||,  13
30233800, 0302338001, ||, 0.0, 120.0, 60.0, 10020.0, 14100.0, 22020.0, 19560.0, 17460.0, 20220.0, 16920.0, 17801.0, 18485.0, ||,  13
814638193, 8142832246, ||, 0.0, 380.0, 455.0, 6634.0, 19604.0, 17295.0, 34596.0, 20346.0, 10423.0, 8201.0, 14551.0, 28328.0, ||,  13
801985184, 8019682053, ||, 0.0, 375.0, 0.0, 86861.0, 31968.0, 41526.0, 41236.0, 46848.0, 46636.0, 51623.0, 49038.0, 55379.0, ||,  13
812200767, 8118969963, ||, 0.0, 421.0, 238.0, 11575.0, 12071.0, 11958.0, 20523.0, 31181.0, 24702.0, 14529.0, 13000.0, 14619.0, ||,  13
814338415, 8139957312, ||, 0.0, 380.0, 346.0, 25629.0, 19592.0, 23647.0, 16302.0, 13811.0, 16458.0, 20799.0, 23903.0, 7751.0, ||,  13
814354395, 8140115862, ||, 0.0, 160.0, 13146.0, 11001.0, 19115.0, 20250.0, 21508.0, 41765.0, 28005.0, 20998.0, 26777.0, 13704.0, ||,  13
814661018, 8143059914, ||, 0.0, 888.0, 2065.0, 3407.0, 14975.0, 1182.0, 20162.0, 31122.0, 31596.0, 36089.0, 50167.0, 45581.0, ||,  13
26966935, 0269669358, ||, 0.0, 62330.0, 33791.0, 37457.0, 44885.0, 29053.0, 32501.0, 44281.0, 34268.0, 40712.0, 54240.0, 53640.0, ||,  13
814626471, 8142723694, ||, 0.0, 725.0, 14073.0, 26110.0, 21494.0, 38187.0, 35977.0, 32753.0, 32753.0, 34963.0, 39186.0, 80165.0, ||,  13
814562609, 8142141908, ||, 0.0, 451.0, 180411.0, 54105.0, 24202.0, 25423.0, 27214.0, 29672.0, 27981.0, 36994.0, 45710.0, 39286.0, ||,  13
740002423, 0740002423, ||, 0.0, 1075.0, 360.0, 335.0, 210.0, 24155.0, 50565.0, 44710.0, 46040.0, 750.0, 295.0, 390.0, ||,  13
25987604, 0259876047, ||, 0.0, 13920.0, 23120.0, 27520.0, 27160.0, 19680.0, 12920.0, 11440.0, 10000.0, 12600.0, 15520.0, 16440.0, ||,  13
814638995, 8142841202, ||, 0.0, 380.0, 6514.0, 20283.0, 14226.0, 20060.0, 23824.0, 19654.0, 15560.0, 12306.0, 12858.0, 30153.0, ||,  13
741002337, 7410023373, ||, 0.0, 4500.0, 1200.0, 2100.0, 30600.0, 55500.0, 44700.0, 40800.0, 29400.0, 37188.0, 23100.0, 1800.0, ||,  13
812202572, 8118980362, ||, 0.0, 15420.0, 21756.0, 18348.0, 0.0, 7023.0, 7365.0, 9.0, 16179.0, 26523.0, 45294.0, 30420.0, ||,  13
814638092, 8142831012, ||, 0.0, 380.0, 2757.0, 10906.0, 33099.0, 33786.0, 28121.0, 14183.0, 10888.0, 14314.0, 11054.0, 18628.0, ||,  13
800008264, 8000078470, ||, 0.0, 629.0, 629.0, 2828.0, 12679.0, 9909.0, 11254.0, 21196.0, 27665.0, 21149.0, 23442.0, 17285.0, ||,  13
812708930, 8123931241, ||, 0.0, 51420.0, 38442.0, 0.0, 65694.0, 28590.0, 0.0, 0.0, 80424.0, 73842.0, 73506.0, 88608.0, ||,  13
811918570, 8116276135, ||, 0.0, 7420.0, 5175.0, 5314.0, 5893.0, 11103.0, 13109.0, 9019.0, 34108.0, 20901.0, 22187.0, 16561.0, ||,  13
811726736, 8114427270, ||, 0.0, 490.0, 1470.0, 19500.0, 13300.0, 13102.0, 12200.0, 16708.0, 490.0, 490.0, 93516.0, 490.0, ||,  13
812944830, 8126161807, ||, 0.0, 25840.0, 26427.0, 24181.0, 23537.0, 28278.0, 27876.0, 32699.0, 34871.0, 32055.0, 33263.0, 35356.0, ||,  13
814661845, 8143069683, ||, 0.0, 465.0, 410.0, 410.0, 4476.0, 694.0, 12979.0, 27971.0, 32658.0, 35486.0, 42254.0, 37897.0, ||,  13
696067310, 6960673100, ||, 0.0, 13.0, 0.0, 0.0, 2513.0, 18389.0, 17992.0, 28061.0, 35982.0, 36117.0, 1168.0, 0.0, ||,  13
814588255, 8142385418, ||, 0.0, 288.0, 41293.0, 48535.0, 39599.0, 28770.0, 27014.0, 30519.0, 27434.0, 27712.0, 41147.0, 14263.0, ||,  13
690000301, 6900003019, ||, 0.0, 1800.0, 1200.0, 0.0, 0.0, 0.0, 1800.0, 80502.0, 50298.0, 42198.0, 80502.0, 0.0, ||,  13
814639595, 8142845161, ||, 0.0, 380.0, 5093.0, 7640.0, 18144.0, 32361.0, 26162.0, 34697.0, 29214.0, 23601.0, 20309.0, 32167.0, ||,  13
814638664, 8142836570, ||, 0.0, 380.0, 3093.0, 24395.0, 6703.0, 29422.0, 25696.0, 22454.0, 6731.0, 20815.0, 19359.0, 16734.0, ||,  13
812649682, 8123332581, ||, 0.0, 253.0, 48477.0, 30107.0, 405.0, 173.0, 173.0, 173.0, 267.0, 216.0, 37264.0, 53138.0, ||,  13
812735114, 8124175576, ||, 0.0, 1800.0, 2202.0, 19998.0, 19200.0, 16800.0, 19800.0, 18000.0, 14400.0, 13800.0, 18600.0, 13800.0, ||,  13
814617919, 8142643707, ||, 0.0, 492.0, 15665.0, 30720.0, 591.0, 5660.0, 61258.0, 42406.0, 40126.0, 30628.0, 14010.0, 20126.0, ||,  13
813988158, 8136498021, ||, 0.0, 681.0, 17693.0, 73517.0, 59683.0, 17517.0, 6820.0, 7055.0, 5458.0, 9233.0, 15925.0, 19046.0, ||,  13
811842031, 8115520420, ||, 0.0, 452.0, 4931.0, 1089.0, 11743.0, 40033.0, 54572.0, 43568.0, 55684.0, 58702.0, 65024.0, 61855.0, ||,  13
698191791, 6981917913, ||, 0.0, 40000.0, 0.0, 27200.0, 68400.0, 83600.0, 38400.0, 18000.0, 15600.0, 35200.0, 20800.0, 11600.0, ||,  13
785005076, 7850050764, ||, 0.0, 6900.0, 0.0, 9600.0, 33000.0, 34200.0, 26700.0, 21600.0, 21600.0, 19800.0, 17400.0, 11400.0, ||,  13
26005976, 0260059767, ||, 0.0, 44340.0, 44370.0, 27480.0, 27450.0, 27450.0, 24210.0, 24210.0, 47880.0, 23940.0, 23940.0, 23940.0, ||,  13
814542822, 8141950664, ||, 0.0, 18033.0, 12284.0, 14238.0, 13653.0, 11731.0, 14533.0, 17795.0, 18820.0, 25653.0, 38351.0, 76959.0, ||,  13
811560676, 8112924447, ||, 0.0, 490.0, 1088.0, 528.0, 3172.0, 8800.0, 10621.0, 17203.0, 25324.0, 29270.0, 38383.0, 41372.0, ||,  13
805354416, 8052501328, ||, 0.0, 30000.0, 0.0, 22500.0, 30855.0, 26805.0, 18405.0, 15030.0, 29925.0, 26520.0, 32025.0, 29070.0, ||,  13
814562487, 8142140859, ||, 0.0, 451.0, 410.0, 410.0, 3893.0, 22242.0, 23330.0, 29420.0, 8829.0, 1971.0, 23066.0, 44396.0, ||,  13
814566593, 8142170692, ||, 0.0, 8200.0, 15371.0, 25756.0, 16409.0, 11605.0, 15185.0, 18056.0, 18564.0, 21783.0, 31274.0, 37245.0, ||,  13
814555573, 8142071995, ||, 0.0, 380.0, 346.0, 12989.0, 7760.0, 13298.0, 18052.0, 20481.0, 24612.0, 22780.0, 36254.0, 15395.0, ||,  13
812710096, 8123942476, ||, 0.0, 813.0, 659.0, 48121.0, 29884.0, 24281.0, 27089.0, 34104.0, 24684.0, 36308.0, 25878.0, 31684.0, ||,  13
814456330, 8141126290, ||, 0.0, 17235.0, 16080.0, 25981.0, 19541.0, 12871.0, 14565.0, 13761.0, 13919.0, 12070.0, 16163.0, 17686.0, ||,  13
811730147, 8114460231, ||, 0.0, 31560.0, 4200.0, 8520.0, 164040.0, 3960.0, 3000.0, 8640.0, 240.0, 2160.0, 0.0, 0.0, ||,  13
813987997, 8136495501, ||, 0.0, 681.0, 14502.0, 53271.0, 24586.0, 13356.0, 17925.0, 24955.0, 18827.0, 20044.0, 30007.0, 18903.0, ||,  13
785001447, 7850014472, ||, 0.0, 7200.0, 0.0, 8800.0, 4000.0, 4800.0, 2400.0, 4800.0, 2400.0, 3200.0, 80800.0, 80800.0, ||,  13
811633215, 8113592955, ||, 0.0, 841.0, 91064.0, 39959.0, 41194.0, 42955.0, 45359.0, 42517.0, 51063.0, 40550.0, 48485.0, 49424.0, ||,  13
814456040, 8141125910, ||, 0.0, 19890.0, 40979.0, 36811.0, 28786.0, 24257.0, 24111.0, 27573.0, 39611.0, 25444.0, 34573.0, 22999.0, ||,  13
813008313, 8126782653, ||, 0.0, 317.0, 288.0, 13509.0, 37253.0, 24711.0, 20039.0, 20031.0, 22536.0, 18907.0, 26213.0, 6052.0, ||,  13
814639356, 8142842999, ||, 0.0, 380.0, 473.0, 6189.0, 34784.0, 29700.0, 12797.0, 30156.0, 21324.0, 16623.0, 11017.0, 6322.0, ||,  13
--------------------------------------
	簇ID:	 计数
	14:	 1

	样本数据

745090630, 0745090630, ||, 0.0, 1322388.0, 464349.0, 423485.0, 430972.0, 414133.0, 408097.0, 363415.0, 449716.0, 321014.0, 377580.0, 375224.0, ||,  14
--------------------------------------
	簇ID:	 计数
	15:	 48

	样本数据

812870704, 8125516589, ||, 0.0, 88200.0, 4800.0, 31800.0, 7800.0, 12000.0, 0.0, 36000.0, 600.0, 4800.0, 3600.0, 4800.0, ||,  15
812915819, 8125876861, ||, 0.0, 62434.0, 11550.0, 42040.0, 451.0, 280.0, 168.0, 144.0, 144.0, 144.0, 10183.0, 61961.0, ||,  15
812870690, 8125507145, ||, 0.0, 81200.0, 10000.0, 10800.0, 6800.0, 10800.0, 14000.0, 11200.0, 10800.0, 8400.0, 10800.0, 6400.0, ||,  15
748004369, 7480043695, ||, 0.0, 76408.0, 22444.0, 0.0, 0.0, 0.0, 0.0, 0.0, 0.0, 17031.0, 2677.0, 34962.0, ||,  15
813873066, 8135426085, ||, 0.0, 36420.0, 33921.0, 23993.0, 1664.0, 1853.0, 1750.0, 2050.0, 1950.0, 1950.0, 12300.0, 49450.0, ||,  15
785001230, 7850012304, ||, 0.0, 107200.0, 71904.0, 59488.0, 0.0, 0.0, 24000.0, 20800.0, 11200.0, 19200.0, 10400.0, 40800.0, ||,  15
804893898, 8047993053, ||, 0.0, 90000.0, 26700.0, 0.0, 0.0, 0.0, 0.0, 0.0, 17400.0, 1500.0, 21300.0, 27900.0, ||,  15
770004340, 0770004340, ||, 0.0, 65600.0, 20400.0, 24000.0, 22400.0, 32400.0, 28400.0, 29200.0, 31200.0, 22000.0, 30400.0, 30800.0, ||,  15
812144272, 8118425210, ||, 0.0, 66000.0, 19500.0, 16500.0, 18000.0, 19500.0, 22500.0, 22500.0, 21000.0, 12000.0, 25500.0, 25500.0, ||,  15
813102009, 8127710084, ||, 0.0, 74874.0, 58572.0, 31890.0, 6378.0, 14838.0, 10146.0, 17760.0, 20574.0, 9006.0, 15888.0, 41976.0, ||,  15
13026925, 0130269256, ||, 0.0, 104380.0, 3472.0, 0.0, 0.0, 0.0, 0.0, 0.0, 0.0, 0.0, 0.0, 0.0, ||,  15
811655174, 8113746479, ||, 0.0, 48600.0, 43161.0, 18984.0, 303.0, 273.0, 267.0, 348.0, 276.0, 351.0, 33933.0, 45612.0, ||,  15
31122652, 0311226524, ||, 0.0, 100062.0, 28304.0, 10256.0, 0.0, 0.0, 0.0, 0.0, 0.0, 0.0, 28012.0, 0.0, ||,  15
811726579, 8114426323, ||, 0.0, 52800.0, 44400.0, 0.0, 0.0, 0.0, 0.0, 0.0, 2400.0, 600.0, 15000.0, 24300.0, ||,  15
812182683, 8118795418, ||, 0.0, 96602.0, 49122.0, 40880.0, 422.0, 0.0, 0.0, 0.0, 0.0, 0.0, 40974.0, 49070.0, ||,  15
695078279, 6950782791, ||, 0.0, 89574.0, 57660.0, 18618.0, 38268.0, 29166.0, 45858.0, 65592.0, 26712.0, 13128.0, 37782.0, 22674.0, ||,  15
26912568, 0269125689, ||, 0.0, 126360.0, 57540.0, 32100.0, 0.0, 2940.0, 0.0, 0.0, 0.0, 0.0, 18060.0, 53700.0, ||,  15
811557902, 8112897714, ||, 0.0, 117000.0, 23400.0, 36000.0, 32400.0, 30600.0, 34200.0, 33000.0, 28200.0, 39000.0, 30000.0, 42600.0, ||,  15
812649700, 8123332679, ||, 0.0, 45464.0, 45448.0, 24818.0, 306.0, 208.0, 201.0, 204.0, 203.0, 205.0, 14370.0, 15782.0, ||,  15
748007667, 7480076671, ||, 0.0, 64140.0, 0.0, 41820.0, 0.0, 0.0, 0.0, 0.0, 0.0, 0.0, 0.0, 43620.0, ||,  15
2613918, 0026139180, ||, 0.0, 81375.0, 30363.0, 0.0, 0.0, 0.0, 0.0, 0.0, 0.0, 0.0, 39600.0, 40500.0, ||,  15
7127394, 0071273945, ||, 0.0, 109394.0, 34261.0, 24775.0, 15438.0, 12504.0, 12480.0, 9828.0, 17532.0, 17736.0, 18426.0, 21931.0, ||,  15
30158919, 0301589192, ||, 0.0, 59252.0, 14936.0, 4832.0, 408.0, 0.0, 0.0, 0.0, 0.0, 1092.0, 0.0, 33336.0, ||,  15
812644043, 8123276698, ||, 0.0, 54000.0, 88311.0, 19860.0, 450.0, 0.0, 279.0, 1074.0, 459.0, 555.0, 42378.0, 83874.0, ||,  15
11043486, 0110434867, ||, 0.0, 138000.0, 30000.0, 16000.0, 2000.0, 0.0, 2000.0, 0.0, 0.0, 2000.0, 2000.0, 42000.0, ||,  15
807807186, 8076315976, ||, 0.0, 77700.0, 45600.0, 28200.0, 0.0, 0.0, 0.0, 0.0, 0.0, 0.0, 0.0, 0.0, ||,  15
811863097, 8115716276, ||, 0.0, 129304.0, 38104.0, 21792.0, 264.0, 0.0, 0.0, 0.0, 0.0, 0.0, 17104.0, 36288.0, ||,  15
805656462, 8055410531, ||, 0.0, 56700.0, 32500.0, 26100.0, 12900.0, 19900.0, 10500.0, 12000.0, 13400.0, 15200.0, 20100.0, 10500.0, ||,  15
811835591, 8115468786, ||, 0.0, 245.0, 239852.0, 56216.0, 16670.0, 12338.0, 11376.0, 22211.0, 20444.0, 13060.0, 18355.0, 31058.0, ||,  15
814455054, 8141119139, ||, 0.0, 101622.0, 52286.0, 41376.0, 0.0, 0.0, 0.0, 0.0, 0.0, 0.0, 26521.0, 96314.0, ||,  15
5270256, 0052702567, ||, 0.0, 58620.0, 10253.0, 17473.0, 0.0, 0.0, 0.0, 147.0, 547.0, 1082.0, 5540.0, 21827.0, ||,  15
741000980, 7410009803, ||, 0.0, 79975.0, 13964.0, 5788.0, 3036.0, 1364.0, 596.0, 308.0, 296.0, 980.0, 2580.0, 41064.0, ||,  15
805505043, 8053950512, ||, 0.0, 24000.0, 99000.0, 69000.0, 0.0, 0.0, 0.0, 0.0, 0.0, 0.0, 159000.0, 159000.0, ||,  15
15339441, 0153394416, ||, 0.0, 109942.0, 47580.0, 30840.0, 3720.0, 3240.0, 8340.0, 20280.0, 15420.0, 3540.0, 4560.0, 30180.0, ||,  15
780001492, 7800014927, ||, 0.0, 36000.0, 69000.0, 45000.0, 0.0, 3000.0, 0.0, 0.0, 71000.0, 0.0, 0.0, 0.0, ||,  15
814405951, 8140626050, ||, 0.0, 31998.0, 146734.0, 157152.0, 0.0, 0.0, 0.0, 33.0, 23.0, 202.0, 40937.0, 65631.0, ||,  15
812957159, 8126280968, ||, 0.0, 71988.0, 9376.0, 704.0, 392.0, 436.0, 396.0, 424.0, 500.0, 608.0, 6256.0, 18660.0, ||,  15
25701415, 0257014153, ||, 0.0, 82000.0, 82000.0, 0.0, 0.0, 0.0, 0.0, 0.0, 0.0, 0.0, 120000.0, 80000.0, ||,  15
814085652, 8137453355, ||, 0.0, 84170.0, 12960.0, 9180.0, 0.0, 0.0, 0.0, 0.0, 0.0, 0.0, 11280.0, 18120.0, ||,  15
731003635, 7310036356, ||, 0.0, 60524.0, 19925.0, 84516.0, 20083.0, 24917.0, 9962.0, 331.0, 0.0, 0.0, 0.0, 0.0, ||,  15
814612737, 8142600876, ||, 0.0, 99200.0, 58080.0, 48800.0, 0.0, 0.0, 0.0, 0.0, 0.0, 0.0, 3240.0, 8320.0, ||,  15
814238442, 8138996817, ||, 0.0, 61372.0, 40218.0, 19902.0, 410.0, 410.0, 766.0, 2536.0, 808.0, 430.0, 42958.0, 41214.0, ||,  15
814418945, 8140751497, ||, 0.0, 87600.0, 58152.0, 46512.0, 29016.0, 29712.0, 33648.0, 39360.0, 30896.0, 25592.0, 33992.0, 54656.0, ||,  15
690269504, 6902695043, ||, 0.0, 93120.0, 0.0, 0.0, 0.0, 0.0, 29120.0, 0.0, 0.0, 0.0, 39040.0, 0.0, ||,  15
814562749, 8142143568, ||, 0.0, 48888.0, 20784.0, 19272.0, 14316.0, 13854.0, 14010.0, 16002.0, 19338.0, 15156.0, 22416.0, 26022.0, ||,  15
811961177, 8116678830, ||, 0.0, 74400.0, 18000.0, 0.0, 0.0, 0.0, 0.0, 0.0, 18600.0, 1200.0, 25200.0, 42000.0, ||,  15
814021250, 8136820253, ||, 0.0, 89385.0, 49725.0, 39390.0, 36000.0, 31500.0, 34500.0, 42000.0, 49500.0, 43965.0, 44535.0, 57000.0, ||,  15
812298783, 8119885668, ||, 0.0, 99861.0, 26254.0, 15662.0, 1552.0, 975.0, -49.0, 0.0, 0.0, 225.0, 11303.0, 21272.0, ||,  15
--------------------------------------
	簇ID:	 计数
	16:	 6

	样本数据

813299751, 8129627883, ||, 0.0, 158920.0, 200720.0, 335360.0, 307140.0, 292800.0, 250240.0, 246880.0, 308980.0, 206540.0, 310100.0, 216960.0, ||,  16
813212791, 8128778261, ||, 0.0, 240450.0, 296790.0, 318510.0, 250155.0, 301335.0, 159450.0, 275895.0, 235995.0, 276390.0, 252750.0, 159615.0, ||,  16
814563307, 8142148202, ||, 0.0, 327180.0, 287520.0, 264480.0, 188940.0, 167880.0, 247740.0, 295800.0, 305880.0, 221040.0, 153840.0, 221760.0, ||,  16
743002009, 0743002009, ||, 0.0, 281835.0, 244920.0, 265950.0, 171600.0, 159060.0, 0.0, 565210.0, 230370.0, 103710.0, 170400.0, 169890.0, ||,  16
21164071, 0211640718, ||, 0.0, 447000.0, 0.0, 64320.0, 446280.0, 516360.0, 139200.0, 138000.0, 271680.0, 0.0, 447000.0, 118560.0, ||,  16
814339523, 8139965229, ||, 0.0, 165600.0, 80220.0, 125400.0, 193620.0, 171660.0, 280260.0, 435660.0, 378540.0, 198540.0, 222480.0, 289620.0, ||,  16
--------------------------------------
	簇ID:	 计数
	17:	 1

	样本数据

803837571, 8037642040, ||, 0.0, 53520.0, 404960.0, 784480.0, 991760.0, 1154800.0, 1125040.0, 1060880.0, 908560.0, 821200.0, 741360.0, 152800.0, ||,  17
--------------------------------------
	簇ID:	 计数
	18:	 6

	样本数据

756004369, 7560043690, ||, 0.0, 152600.0, 126000.0, 160500.0, 76200.0, 56400.0, 54900.0, 72600.0, 57300.0, 47400.0, 68700.0, 82800.0, ||,  18
811302940, 8110515331, ||, 0.0, 22000.0, 121600.0, 170800.0, 44000.0, 40400.0, 40800.0, 26800.0, 16000.0, 18800.0, 18800.0, 28000.0, ||,  18
782002641, 7820026412, ||, 0.0, 5000.0, 30600.0, 211000.0, 126400.0, 15860.0, 7180.0, 2000.0, 0.0, 0.0, 0.0, 0.0, ||,  18
698192084, 6981920841, ||, 0.0, 238590.0, 249984.0, 278592.0, 248952.0, 221046.0, 0.0, 0.0, 0.0, 0.0, 0.0, 0.0, ||,  18
773002579, 0773002579, ||, 0.0, 165696.0, 13974.0, 127578.0, 206274.0, 97398.0, 134022.0, 50328.0, 17670.0, 67650.0, 31410.0, 73140.0, ||,  18
812804157, 8124967403, ||, 0.0, 197808.0, 163600.0, 195072.0, 166088.0, 214544.0, 177632.0, 150184.0, 0.0, 0.0, 5928.0, 160736.0, ||,  18
--------------------------------------
	簇ID:	 计数
	19:	 6

	样本数据

804909927, 8048156749, ||, 0.0, 561660.0, 392040.0, 339900.0, 341880.0, 452100.0, 366300.0, 342540.0, 284460.0, 263340.0, 269940.0, 423720.0, ||,  19
709007525, 7090075257, ||, 0.0, 294000.0, 435000.0, 339000.0, 428580.0, 104550.0, 330000.0, 1026000.0, 312000.0, 246000.0, 435000.0, 297000.0, ||,  19
800249378, 8002445313, ||, 0.0, 240000.0, 352000.0, 352000.0, 280000.0, 352000.0, 432000.0, 568000.0, 392000.0, 424000.0, 248000.0, 560000.0, ||,  19
811712503, 8114294562, ||, 0.0, 432000.0, 372000.0, 360000.0, 324000.0, 414000.0, 576000.0, 528000.0, 474000.0, 306000.0, 630000.0, 540000.0, ||,  19
813163797, 8128304837, ||, 0.0, 57341.0, 199441.0, 362914.0, 534303.0, 398314.0, 338769.0, 305640.0, 221983.0, 268036.0, 400685.0, 589373.0, ||,  19
733100135, 0733100135, ||, 0.0, 719360.0, 128540.0, 477100.0, 505540.0, 565120.0, 544680.0, 600640.0, 623280.0, 363080.0, 490800.0, 604020.0, ||,  19
=====================================================================================