
======================================================================================
----------------------------------------------------------------------------
	簇个数:	 20
--------------------------------------
	簇ID:	 计数

	0:	 3
	1:	 2
	2:	 8
	3:	 4
	4:	 2
	5:	 2
	6:	 25
	7:	 6
	8:	 5
	9:	 2
	10:	 178
	11:	 1
	12:	 1
	13:	 547
	14:	 87
	15:	 8
	16:	 7
	17:	 39
	18:	 15
	19:	 16
--------------------------------------
	 簇中心 

0,3,||,0.0,0.0,2294984.0,3509792.0,3496784.0,3939432.0,3641096.0,3648568.0,3395224.0,3435272.0,2243000.0,793312.0
1,2,||,0.0,0.0,9988506.0,1.4214816E7,1.3579434E7,1.3315632E7,1.4218512E7,1.3946196E7,1.3902966E7,1.1422422E7,0.0,0.0
2,8,||,0.0,0.0,610260.3333333334,1541054.6666666667,1723355.5,1488572.3333333333,1605171.5833333333,1636361.8333333333,1849489.3333333333,1378913.5,328854.1666666667,122162.5
3,4,||,0.0,0.0,785450.0,1497740.0,1804670.0,1568210.0,1463490.0,1631540.0,1890850.0,284060.0,0.0,0.0
4,2,||,0.0,0.0,882080.0,2049120.0,1616000.0,0.0,0.0,0.0,0.0,0.0,0.0,0.0
5,2,||,0.0,0.0,2020986.6666666667,4058000.0,3946320.0,3958266.6666666665,3946053.3333333335,3508986.6666666665,3525680.0,3685104.0,643962.6666666666,0.0
6,25,||,0.0,0.0,107347.76470588235,210665.70588235295,271950.0882352941,251254.11764705883,192868.0294117647,192128.14705882352,213616.82352941178,180558.61764705883,149384.76470588235,101931.70588235294
7,6,||,0.0,0.0,866192.0,1245136.0,1317788.0,1253076.0,1263448.0,1469584.0,1335584.0,1259276.0,1060128.0,1040452.0
8,5,||,0.0,0.0,986897.6,2247451.0,2291797.4,1718037.6,2143385.8,2184287.8,2344768.6,2188349.8,1968995.0,1603478.2
9,2,||,0.0,0.0,913320.0,1251360.0,959580.0,1302240.0,1060200.0,815880.0,1054020.0,916320.0,394500.0,157980.0
10,178,||,0.0,0.0,21668.280952380952,33334.1,39080.490476190476,38837.34761904762,34912.25714285715,34640.57619047619,36968.933333333334,35638.41904761905,33896.34285714286,21745.08095238095
11,1,||,0.0,0.0,812400.0,6399840.0,4699680.0,3975480.0,2426040.0,2200440.0,2088600.0,3298920.0,3545160.0,2734080.0
12,1,||,0.0,0.0,2757760.0,4209920.0,4188480.0,3849920.0,3839680.0,3928960.0,4475200.0,4258560.0,2875520.0,2414400.0
13,547,||,0.0,0.0,7798.671698113208,5977.043396226415,5772.933962264151,5248.001886792453,4713.858490566037,5395.843396226415,5022.869811320755,4493.294339622642,5075.664150943397,5690.175471698113
14,87,||,0.0,0.0,32548.6,76128.06666666667,91861.42666666667,91447.45333333334,78973.52,75238.42666666667,66990.70666666667,60237.706666666665,48748.2,27822.213333333333
15,8,||,0.0,0.0,894441.7142857143,2328805.714285714,2320507.4285714286,2370009.714285714,2299081.1428571427,2397626.8571428573,2402053.1428571427,2217473.714285714,724097.1428571428,0.0
16,7,||,0.0,0.0,558324.5714285715,109533.71428571429,40725.57142857143,34238.0,50028.28571428572,83980.57142857143,36729.71428571428,9245.714285714286,62518.142857142855,191676.2857142857
17,39,||,0.0,0.0,166075.93103448275,50131.8275862069,13405.172413793103,14039.965517241379,11480.862068965518,11809.206896551725,11338.620689655172,10833.896551724138,17367.48275862069,22634.758620689656
18,15,||,0.0,0.0,269209.3333333333,488696.8,581997.8666666667,629820.2666666667,579289.4666666667,567418.2,539303.4666666667,572623.4,413702.06666666665,282133.5333333333
19,16,||,0.0,0.0,117919.15384615384,221862.46153846153,272982.1538461539,240099.76923076922,250340.61538461538,246337.15384615384,354466.76923076925,290071.6153846154,249087.07692307694,208225.46153846153
----------------------------------------------------------------------------
	 打印每个簇及其样本信息 

----------------------------------------------------------------------------
	 簇及其样本 

--------------------------------------
	簇ID:	 计数
	0:	 3

	样本数据

698202862, 6982028621, ||, 0.0, 0.0, 3156800.0, 4292640.0, 4086400.0, 4628320.0, 4290720.0, 4259200.0, 3720480.0, 4172640.0, 2899360.0, 362720.0, ||,  0
698202863, 6982028634, ||, 0.0, 0.0, 1433168.0, 2726944.0, 2907168.0, 3250544.0, 2991472.0, 3037936.0, 3069968.0, 2697904.0, 1586640.0, 1223904.0, ||,  0
802827345, 8027966226, ||, 0.0, 0.0, 2704560.0, 3221040.0, 3486000.0, 3628560.0, 3428880.0, 3592080.0, 4002960.0, 3021840.0, 1615920.0, 0.0, ||,  0
--------------------------------------
	簇ID:	 计数
	1:	 2

	样本数据

805574152, 8054627336, ||, 0.0, 0.0, 1.4312232E7, 1.8228672E7, 1.9165608E7, 1.6906824E7, 1.8019584E7, 1.6937712E7, 1.7076312E7, 1.4606064E7, 0.0, 0.0, ||,  1
802768716, 8027374584, ||, 0.0, 0.0, 5664780.0, 1.020096E7, 7993260.0, 9724440.0, 1.041744E7, 1.095468E7, 1.072962E7, 8238780.0, 0.0, 0.0, ||,  1
--------------------------------------
	簇ID:	 计数
	2:	 8

	样本数据

698208095, 6982080955, ||, 0.0, 0.0, 524000.0, 1359840.0, 1464160.0, 1616592.0, 1656000.0, 1502720.0, 1884800.0, 1520640.0, 64640.0, 0.0, ||,  2
600144088, 6001440887, ||, 0.0, 0.0, 1266240.0, 1678880.0, 1916640.0, 1486720.0, 1967520.0, 2131520.0, 2365280.0, 1937280.0, 0.0, 0.0, ||,  2
800011880, 8000112280, ||, 0.0, 0.0, 1833840.0, 1753080.0, 1651200.0, 1864000.0, 1735360.0, 1833120.0, 1853280.0, 1940800.0, 1275680.0, 0.0, ||,  2
751126358, 7511263580, ||, 0.0, 0.0, 427920.0, 2498280.0, 2240280.0, 824760.0, 2196960.0, 2148240.0, 2005800.0, 2118600.0, 347640.0, 0.0, ||,  2
600144089, 6001440890, ||, 0.0, 0.0, 1015200.0, 1692640.0, 1919040.0, 1372960.0, 1911680.0, 2037440.0, 2091360.0, 1782560.0, 0.0, 0.0, ||,  2
740002705, 0740002705, ||, 0.0, 0.0, 1402560.0, 1620320.0, 1594080.0, 1660480.0, 1361440.0, 1344160.0, 1653760.0, 1352960.0, 0.0, 0.0, ||,  2
698186376, 6981863766, ||, 0.0, 0.0, 250500.0, 1504100.0, 1429400.0, 1392400.0, 1493800.0, 1574700.0, 1499700.0, 1523600.0, 323700.0, 0.0, ||,  2
698198389, 6981983891, ||, 0.0, 0.0, 960.0, 769440.0, 1689280.0, 1300000.0, 1624805.0, 1532000.0, 1547200.0, 1214880.0, 242720.0, 0.0, ||,  2
--------------------------------------
	簇ID:	 计数
	3:	 4

	样本数据

13000032, 0130000329, ||, 0.0, 0.0, 1559160.0, 2008320.0, 1979040.0, 1740480.0, 1609920.0, 1790760.0, 2435520.0, 0.0, 0.0, 0.0, ||,  3
814912541, 8145443065, ||, 0.0, 0.0, 377000.0, 1385800.0, 1747800.0, 1466600.0, 1491600.0, 1547400.0, 1536800.0, 0.0, 0.0, 0.0, ||,  3
813982466, 8136440527, ||, 0.0, 0.0, 324000.0, 1208800.0, 1716800.0, 1533120.0, 1410240.0, 1592960.0, 1748000.0, 573440.0, 0.0, 0.0, ||,  3
2724954, 0027249547, ||, 0.0, 0.0, 881640.0, 1388040.0, 1775040.0, 1532640.0, 1342200.0, 1595040.0, 1843080.0, 562800.0, 0.0, 0.0, ||,  3
--------------------------------------
	簇ID:	 计数
	4:	 2

	样本数据

600144086, 6001440861, ||, 0.0, 0.0, 882080.0, 2049120.0, 1616000.0, 0.0, 0.0, 0.0, 0.0, 0.0, 0.0, 0.0, ||,  4
757001091, 7570010910, ||, 0.0, 0.0, 343904.0, 1149896.0, 1575024.0, 973016.0, 13816.0, 0.0, 0.0, 0.0, 0.0, 0.0, ||,  4
--------------------------------------
	簇ID:	 计数
	5:	 2

	样本数据

731010238, 7310102383, ||, 0.0, 0.0, 1108800.0, 4039200.0, 3801600.0, 4197600.0, 4356000.0, 2851200.0, 1900800.0, 4432032.0, 145728.0, 0.0, ||,  5
698208299, 6982082993, ||, 0.0, 0.0, 2249600.0, 4913760.0, 4551360.0, 4048640.0, 4053280.0, 4083680.0, 4673280.0, 3601440.0, 170240.0, 0.0, ||,  5
--------------------------------------
	簇ID:	 计数
	6:	 25

	样本数据

697014319, 6970143192, ||, 0.0, 0.0, 137720.0, 205280.0, 247096.0, 256344.0, 238008.0, 282504.0, 268072.0, 154064.0, 168688.0, 11184.0, ||,  6
773000591, 0773000591, ||, 0.0, 0.0, 4800.0, 229600.0, 319200.0, 348800.0, 276000.0, 239200.0, 291440.0, 275280.0, 151600.0, 3680.0, ||,  6
802990022, 8029513509, ||, 0.0, 0.0, 97820.0, 86780.0, 203750.0, 204210.0, 211740.0, 175600.0, 217960.0, 207650.0, 88100.0, 0.0, ||,  6
2810580, 0028105800, ||, 0.0, 0.0, 40815.0, 119700.0, 149370.0, 174720.0, 210930.0, 235005.0, 214815.0, 170460.0, 87510.0, 29370.0, ||,  6
782006166, 7820061668, ||, 0.0, 0.0, 93600.0, 191200.0, 270400.0, 186400.0, 72000.0, 173600.0, 185600.0, 248000.0, 209600.0, 241600.0, ||,  6
733100143, 0733100143, ||, 0.0, 0.0, 16656.0, 195104.0, 230224.0, 230600.0, 211168.0, 189488.0, 291592.0, 156768.0, 191424.0, 200592.0, ||,  6
27146679, 0271466794, ||, 0.0, 0.0, 60000.0, 161400.0, 123000.0, 87600.0, 166200.0, 56400.0, 211200.0, 333600.0, 143400.0, 193200.0, ||,  6
698192702, 6981927028, ||, 0.0, 0.0, 115575.0, 185715.0, 188160.0, 198600.0, 190245.0, 189300.0, 208560.0, 222585.0, 224055.0, 200820.0, ||,  6
808617015, 8084197744, ||, 0.0, 0.0, 24140.0, 160100.0, 286060.0, 158450.0, 120250.0, 103910.0, 216440.0, 259760.0, 264590.0, 266630.0, ||,  6
702003038, 0702003038, ||, 0.0, 0.0, 8936.0, 128728.0, 169528.0, 209968.0, 160992.0, 167768.0, 185000.0, 205744.0, 47808.0, 0.0, ||,  6
774000783, 0774000783, ||, 0.0, 0.0, 2118.0, 69000.0, 366600.0, 273600.0, 3000.0, 13200.0, 311400.0, 76800.0, 168000.0, 33600.0, ||,  6
13026979, 0130269793, ||, 0.0, 0.0, 231064.0, 167048.0, 286744.0, 332432.0, 312880.0, 315040.0, 367176.0, 41472.0, 0.0, 0.0, ||,  6
691018168, 6910181684, ||, 0.0, 0.0, 177700.0, 234230.0, 219900.0, 213700.0, 242100.0, 92500.0, 168900.0, 198300.0, 253900.0, 121300.0, ||,  6
782006117, 7820061176, ||, 0.0, 0.0, 36000.0, 68364.0, 300800.0, 119200.0, 60000.0, 141600.0, 201600.0, 232000.0, 180800.0, 194400.0, ||,  6
697016823, 6970168232, ||, 0.0, 0.0, 77070.0, 103242.0, 160356.0, 173562.0, 124080.0, 148128.0, 176634.0, 134784.0, 133068.0, 39258.0, ||,  6
780003178, 7800031786, ||, 0.0, 0.0, 64000.0, 199600.0, 204500.0, 224000.0, 175000.0, 206500.0, 215400.0, 183000.0, 195000.0, 220100.0, ||,  6
806797537, 8066626989, ||, 0.0, 0.0, 143940.0, 219450.0, 233250.0, 194580.0, 218400.0, 189210.0, 119190.0, 151650.0, 178560.0, 225990.0, ||,  6
680500966, 6805009662, ||, 0.0, 0.0, 1540.0, 19010.0, 331780.0, 329070.0, 188560.0, 191050.0, 279760.0, 228970.0, 34140.0, 0.0, ||,  6
698202745, 6982027455, ||, 0.0, 0.0, 444630.0, 394800.0, 213870.0, 230910.0, 193560.0, 223830.0, 295380.0, 230670.0, 129690.0, 28440.0, ||,  6
691005095, 6910050959, ||, 0.0, 0.0, 78255.0, 75945.0, 135180.0, 244020.0, 214830.0, 87135.0, 78690.0, 156930.0, 216810.0, 242910.0, ||,  6
731039475, 7310394759, ||, 0.0, 0.0, 11040.0, 0.0, 138000.0, 192000.0, 96000.0, 360000.0, 210000.0, 240000.0, 0.0, 0.0, ||,  6
698192701, 6981927015, ||, 0.0, 0.0, 85910.0, 152970.0, 149550.0, 184440.0, 180820.0, 142510.0, 200220.0, 195220.0, 231580.0, 221870.0, ||,  6
784002229, 7840022298, ||, 0.0, 0.0, 38205.0, 154380.0, 91485.0, 134670.0, 139260.0, 153855.0, 168165.0, 144210.0, 166605.0, 155550.0, ||,  6
5800175, 0058001758, ||, 0.0, 0.0, 483516.0, 679800.0, 565224.0, 737418.0, 338844.0, 26268.0, 118074.0, 184338.0, 207834.0, 279840.0, ||,  6
600111193, 6001111934, ||, 0.0, 0.0, 28940.0, 156660.0, 147220.0, 134000.0, 126480.0, 175680.0, 154940.0, 93920.0, 169960.0, 158480.0, ||,  6
--------------------------------------
	簇ID:	 计数
	7:	 6

	样本数据

13095150, 0130951500, ||, 0.0, 0.0, 379280.0, 1172240.0, 1183120.0, 1173440.0, 1151520.0, 1218800.0, 1132640.0, 1109360.0, 1101200.0, 1019680.0, ||,  7
806940536, 8067944132, ||, 0.0, 0.0, 1168160.0, 1774720.0, 1750880.0, 1612640.0, 1438720.0, 1617280.0, 1740160.0, 0.0, 1384000.0, 900000.0, ||,  7
812265051, 8119564938, ||, 0.0, 0.0, 769600.0, 576000.0, 880000.0, 896000.0, 1360000.0, 1808000.0, 1300800.0, 1003200.0, 800000.0, 816000.0, ||,  7
698198449, 6981984490, ||, 0.0, 0.0, 1058520.0, 1159280.0, 1252640.0, 1121920.0, 1094480.0, 1245600.0, 1120160.0, 1170600.0, 1422000.0, 840600.0, ||,  7
695000281, 6950002819, ||, 0.0, 0.0, 1098600.0, 1734480.0, 1865820.0, 1478820.0, 1421160.0, 1608480.0, 1604640.0, 1646820.0, 1209120.0, 748860.0, ||,  7
13000018, 0130000185, ||, 0.0, 0.0, 1024960.0, 1583680.0, 1407360.0, 1595200.0, 1290080.0, 1467040.0, 1519680.0, 1366400.0, 768320.0, 1777120.0, ||,  7
--------------------------------------
	簇ID:	 计数
	8:	 5

	样本数据

708000833, 7080008331, ||, 0.0, 0.0, 2099520.0, 2386560.0, 2187200.0, 2155040.0, 2232000.0, 1771200.0, 2720160.0, 2087680.0, 1764320.0, 1512960.0, ||,  8
600144087, 6001440874, ||, 0.0, 0.0, 709440.0, 1948640.0, 2157600.0, 600480.0, 2227840.0, 2193920.0, 2270240.0, 1896320.0, 1515360.0, 1385280.0, ||,  8
7800241, 0078002412, ||, 0.0, 0.0, 755568.0, 3083455.0, 3109987.0, 1933668.0, 2442529.0, 2851399.0, 2569843.0, 2820709.0, 2675575.0, 2804671.0, ||,  8
698189148, 6981891486, ||, 0.0, 0.0, 846560.0, 1701600.0, 2193600.0, 2018400.0, 2004960.0, 2120320.0, 1971200.0, 1977440.0, 1805120.0, 1808480.0, ||,  8
600130073, 6001300734, ||, 0.0, 0.0, 523400.0, 2117000.0, 1810600.0, 1882600.0, 1809600.0, 1984600.0, 2192400.0, 2159600.0, 2084600.0, 506000.0, ||,  8
--------------------------------------
	簇ID:	 计数
	9:	 2

	样本数据

774003067, 0774003067, ||, 0.0, 0.0, 1029000.0, 1188000.0, 774000.0, 1293000.0, 1104000.0, 699000.0, 1020000.0, 684000.0, 753000.0, 315000.0, ||,  9
814016357, 8136793575, ||, 0.0, 0.0, 797640.0, 1314720.0, 1145160.0, 1311480.0, 1016400.0, 932760.0, 1088040.0, 1148640.0, 36000.0, 960.0, ||,  9
--------------------------------------
	簇ID:	 计数
	10:	 178

	样本数据

812742870, 8124249350, ||, 0.0, 0.0, 2573.0, 53092.0, 52379.0, 44818.0, 32845.0, 16126.0, 24047.0, 33330.0, 38543.0, 1815.0, ||,  10
717244276, 7172442762, ||, 0.0, 0.0, 4000.0, 54800.0, 61200.0, 52800.0, 33600.0, 45600.0, 20800.0, 48400.0, 4488.0, 0.0, ||,  10
25987815, 0259878157, ||, 0.0, 0.0, 3280.0, 42640.0, 54560.0, 57840.0, 35920.0, 17600.0, 35760.0, 35520.0, 0.0, 0.0, ||,  10
812747694, 8124295047, ||, 0.0, 0.0, 246.0, 26524.0, 32820.0, 29498.0, 31875.0, 27576.0, 37226.0, 25260.0, 36413.0, 30836.0, ||,  10
748001561, 7480015614, ||, 0.0, 0.0, 450.0, 55374.0, 33988.0, 45654.0, 56042.0, 53798.0, 54040.0, 61354.0, 45932.0, 44739.0, ||,  10
803589486, 8035294063, ||, 0.0, 0.0, 22836.0, 35646.0, 21612.0, 41136.0, 43416.0, 51006.0, 33672.0, 21000.0, 9282.0, 33270.0, ||,  10
811560252, 8112919975, ||, 0.0, 0.0, 67140.0, 25800.0, 10440.0, 56820.0, 18000.0, 62640.0, 46380.0, 42780.0, 59580.0, 82200.0, ||,  10
30158089, 0301580892, ||, 0.0, 0.0, 276.0, 20439.0, 27023.0, 25883.0, 22305.0, 19141.0, 26615.0, 24173.0, 19547.0, -46.0, ||,  10
30639966, 0306399668, ||, 0.0, 0.0, 45165.0, 45252.0, 19520.0, 10533.0, 15294.0, 15448.0, 16434.0, 15563.0, 18299.0, 15255.0, ||,  10
695078278, 6950782788, ||, 0.0, 0.0, 12444.0, 56886.0, 43956.0, 46908.0, 15078.0, 0.0, 0.0, 72042.0, 3300.0, 480.0, ||,  10
814505224, 8141613325, ||, 0.0, 0.0, 12000.0, 67200.0, 59200.0, 35200.0, 8800.0, 14400.0, 8000.0, 31200.0, 40800.0, 64000.0, ||,  10
731003155, 7310031553, ||, 0.0, 0.0, 273.0, 6852.0, 58732.0, 87200.0, 55198.0, 56648.0, 68814.0, 52963.0, 44880.0, 0.0, ||,  10
809792896, 8095753900, ||, 0.0, 0.0, 77820.0, 29820.0, 36340.0, 27940.0, 25460.0, 24880.0, 17040.0, 15100.0, 22060.0, 59580.0, ||,  10
811589155, 8113198658, ||, 0.0, 0.0, 196.0, 1881.0, 21095.0, 34301.0, 34326.0, 23025.0, 35536.0, 20695.0, 36552.0, 53583.0, ||,  10
806909906, 8067642456, ||, 0.0, 0.0, 33600.0, 18400.0, 21600.0, 20000.0, 20000.0, 58400.0, 104800.0, 116000.0, 113600.0, 56800.0, ||,  10
15452233, 0154522335, ||, 0.0, 0.0, 9136.0, 41872.0, 17744.0, 56088.0, 49112.0, 55632.0, 40000.0, 82896.0, 67544.0, 31880.0, ||,  10
690000992, 6900009929, ||, 0.0, 0.0, 19600.0, 70400.0, 59600.0, 52000.0, 46400.0, 65200.0, 60000.0, 42400.0, 39600.0, 42400.0, ||,  10
782002956, 7820029567, ||, 0.0, 0.0, 2000.0, 2000.0, 19200.0, 72000.0, 40000.0, 50000.0, 58400.0, 65600.0, 41232.0, 0.0, ||,  10
695014216, 6950142164, ||, 0.0, 0.0, 1755.0, 11302.0, 33066.0, 26158.0, 24255.0, 30527.0, 36644.0, 30507.0, 6060.0, 40.0, ||,  10
745065260, 0745065260, ||, 0.0, 0.0, 816.0, 64369.0, 35666.0, 61604.0, 57214.0, 47156.0, 56239.0, 25343.0, 25982.0, 29380.0, ||,  10
695014220, 6950142207, ||, 0.0, 0.0, 15668.0, 45644.0, 54187.0, 62490.0, 58072.0, 54977.0, 40949.0, 44419.0, 16168.0, 344.0, ||,  10
800333617, 8003272080, ||, 0.0, 0.0, 4500.0, 0.0, 0.0, 9000.0, 0.0, 0.0, 0.0, 0.0, 214500.0, 210000.0, ||,  10
774001205, 0774001205, ||, 0.0, 0.0, 2417.0, 123880.0, 61871.0, 21161.0, 7091.0, 18543.0, 1783.0, 28344.0, 82576.0, 60448.0, ||,  10
806585604, 8064707457, ||, 0.0, 0.0, 22800.0, 29400.0, 69600.0, 27600.0, 25200.0, 42600.0, 36000.0, 22800.0, 0.0, 0.0, ||,  10
698198414, 6981984142, ||, 0.0, 0.0, 41820.0, 54054.0, 67104.0, 55032.0, 42270.0, 54630.0, 51852.0, 39060.0, 27996.0, 15804.0, ||,  10
715001960, 7150019601, ||, 0.0, 0.0, 181.0, 22623.0, 59485.0, 37769.0, 34423.0, 33007.0, 37693.0, 33462.0, 16513.0, 1169.0, ||,  10
731000219, 7310002191, ||, 0.0, 0.0, 6379.0, 43331.0, 66626.0, 62462.0, 65405.0, 10584.0, 46628.0, 54319.0, 54656.0, 0.0, ||,  10
810450125, 8102241693, ||, 0.0, 0.0, 15642.0, 36798.0, 31056.0, 24114.0, 24168.0, 23322.0, 14886.0, 23490.0, 15300.0, 9618.0, ||,  10
807979978, 8077938338, ||, 0.0, 0.0, 2056.0, 17448.0, 42560.0, 52184.0, 45960.0, 32736.0, 29096.0, 24320.0, 16832.0, 784.0, ||,  10
812194993, 8118905398, ||, 0.0, 0.0, 22537.0, 74717.0, 54717.0, 38156.0, 35511.0, 42033.0, 32969.0, 25262.0, 55127.0, 41722.0, ||,  10
753004329, 0753004329, ||, 0.0, 0.0, 8000.0, 38000.0, 53000.0, 41000.0, 28000.0, 39000.0, 28000.0, 55000.0, 71000.0, 29000.0, ||,  10
697014320, 6970143206, ||, 0.0, 0.0, 6080.0, 51220.0, 66740.0, 62940.0, 76090.0, 38020.0, 10950.0, 11230.0, 21490.0, 520.0, ||,  10
757003475, 7570034754, ||, 0.0, 0.0, 347.0, 38162.0, 82193.0, 72267.0, 62687.0, 53201.0, 26921.0, 70662.0, 10398.0, 0.0, ||,  10
747002424, 0747002424, ||, 0.0, 0.0, 123.0, 701.0, 18419.0, 22866.0, 36238.0, 37713.0, 49387.0, 36480.0, 9360.0, 0.0, ||,  10
811990997, 8116945808, ||, 0.0, 0.0, 63430.0, 52000.0, 37000.0, 43000.0, 24000.0, 34000.0, 20000.0, 21000.0, 32000.0, 3020.0, ||,  10
670122038, 6701220381, ||, 0.0, 0.0, 1600.0, 800.0, 2400.0, 4800.0, 7200.0, 10408.0, 80800.0, 52000.0, 20000.0, 21600.0, ||,  10
814160090, 8138197760, ||, 0.0, 0.0, 357.0, 346.0, 139396.0, 49806.0, 57251.0, 65283.0, 15495.0, 25373.0, 35784.0, 12171.0, ||,  10
811302922, 8110515096, ||, 0.0, 0.0, 62800.0, 89200.0, 15600.0, 14400.0, 13600.0, 19200.0, 20000.0, 22000.0, 26000.0, 29200.0, ||,  10
811712348, 8114286004, ||, 0.0, 0.0, 1077.0, 99739.0, 42508.0, 29925.0, 37169.0, 29423.0, 36776.0, 36384.0, 43617.0, 39083.0, ||,  10
698187772, 6981877727, ||, 0.0, 0.0, 13056.0, 33114.0, 47268.0, 56454.0, 54942.0, 52488.0, 71718.0, 71952.0, 31038.0, 0.0, ||,  10
811589285, 8113199420, ||, 0.0, 0.0, 526.0, 43353.0, 53170.0, 79626.0, 39842.0, 10102.0, 5010.0, 10864.0, 11072.0, 8677.0, ||,  10
814759857, 8144022937, ||, 0.0, 0.0, 6607.0, 32357.0, 49150.0, 29829.0, 14441.0, 17129.0, 12940.0, 14190.0, 18838.0, 24292.0, ||,  10
787000193, 0787000193, ||, 0.0, 0.0, 383.0, 2788.0, 35184.0, 39786.0, 27762.0, 27850.0, 40762.0, 28816.0, -109.0, 0.0, ||,  10
774003053, 0774003053, ||, 0.0, 0.0, 370.0, 7533.0, 40308.0, 59300.0, 44232.0, 47251.0, 50590.0, 40159.0, 40221.0, 808.0, ||,  10
748000949, 7480009497, ||, 0.0, 0.0, 4290.0, 18553.0, 25221.0, 23007.0, 20379.0, 20282.0, 18158.0, 21185.0, 16748.0, 26341.0, ||,  10
808916673, 8087159127, ||, 0.0, 0.0, 1363.0, 34015.0, 56415.0, 60197.0, 50137.0, 47140.0, 41842.0, 43893.0, 31331.0, 3263.0, ||,  10
785000794, 7850007946, ||, 0.0, 0.0, 2192.0, 27454.0, 28446.0, 70835.0, 70007.0, 61802.0, 67750.0, 54036.0, 38000.0, 0.0, ||,  10
734100476, 0734100476, ||, 0.0, 0.0, 35910.0, 42876.0, 33823.0, 24081.0, 39293.0, 36063.0, 42273.0, 32022.0, 37098.0, 0.0, ||,  10
805491361, 8053815549, ||, 0.0, 0.0, 46800.0, 50400.0, 33600.0, 34200.0, 38400.0, 28800.0, 4800.0, 46800.0, 27600.0, 61800.0, ||,  10
670239499, 6702394993, ||, 0.0, 0.0, 230.0, 20501.0, 79537.0, 26987.0, 27031.0, 26805.0, 11927.0, 9121.0, 9055.0, 0.0, ||,  10
812840151, 8125203229, ||, 0.0, 0.0, 458.0, 19197.0, 20268.0, 49609.0, 50314.0, 66457.0, 25646.0, 71319.0, 89690.0, 47976.0, ||,  10
742006223, 7420062234, ||, 0.0, 0.0, 450.0, 44897.0, 45603.0, 26438.0, 56813.0, 44567.0, 42024.0, 41414.0, 44966.0, 40877.0, ||,  10
806790798, 8066561813, ||, 0.0, 0.0, 3451.0, 23097.0, 48864.0, 49104.0, 52632.0, 52218.0, 48680.0, 22883.0, 0.0, 0.0, ||,  10
814580588, 8142310285, ||, 0.0, 0.0, 62888.0, 21152.0, 20848.0, 26824.0, 23872.0, 25120.0, 23400.0, 20568.0, 17744.0, 8312.0, ||,  10
807181070, 8070279744, ||, 0.0, 0.0, 10400.0, 46800.0, 45200.0, 53600.0, 48800.0, 43600.0, 49200.0, 40400.0, 24184.0, 0.0, ||,  10
13095129, 0130951294, ||, 0.0, 0.0, 32650.0, 132330.0, 34270.0, 57460.0, 24560.0, 2340.0, 0.0, 0.0, 0.0, 0.0, ||,  10
30158083, 0301580834, ||, 0.0, 0.0, 1764.0, 10830.0, 28275.0, 28356.0, 25683.0, 21962.0, 32499.0, 32579.0, 31441.0, 11474.0, ||,  10
731001373, 7310013733, ||, 0.0, 0.0, 6209.0, 4872.0, 59740.0, 47750.0, 38115.0, 44243.0, 57292.0, 46993.0, 31800.0, 0.0, ||,  10
814709952, 8143526135, ||, 0.0, 0.0, 20000.0, 44400.0, 26000.0, 0.0, 36000.0, 0.0, 0.0, 40332.0, 30216.0, 25372.0, ||,  10
695014177, 6950141770, ||, 0.0, 0.0, 2518.0, 384.0, 79742.0, 34902.0, 30216.0, 26613.0, 31957.0, 23421.0, 82.0, 0.0, ||,  10
695014166, 6950141666, ||, 0.0, 0.0, 13099.0, 34633.0, 39432.0, 29173.0, 22549.0, 26213.0, 23788.0, 24316.0, 4550.0, 125.0, ||,  10
747003054, 0747003054, ||, 0.0, 0.0, 129.0, 12517.0, 40463.0, 45365.0, 16151.0, 22223.0, 29627.0, 34388.0, 3480.0, 0.0, ||,  10
757000544, 7570005448, ||, 0.0, 0.0, 201.0, 26638.0, 55912.0, 65257.0, 54349.0, 52418.0, 33940.0, 44492.0, 64951.0, 37393.0, ||,  10
691002937, 6910029373, ||, 0.0, 0.0, 900.0, 1200.0, 1437.0, 66747.0, 5316.0, 39600.0, 39000.0, 1200.0, 81300.0, 2700.0, ||,  10
698185185, 6981851857, ||, 0.0, 0.0, 39420.0, 22056.0, 25296.0, 0.0, 43584.0, 0.0, 47028.0, 41424.0, 49044.0, 0.0, ||,  10
706000462, 0706000462, ||, 0.0, 0.0, 16000.0, 24000.0, 61600.0, 50400.0, 76800.0, 68000.0, 48000.0, 50400.0, 40800.0, 25600.0, ||,  10
748008143, 7480081433, ||, 0.0, 0.0, 15667.0, 22915.0, 33881.0, 36043.0, 21869.0, 26686.0, 27461.0, 25530.0, 30680.0, 10899.0, ||,  10
807100240, 8069485628, ||, 0.0, 0.0, 245.0, 30490.0, 36274.0, 36531.0, 27250.0, 30452.0, 10928.0, 15680.0, 40259.0, 12153.0, ||,  10
706000494, 0706000494, ||, 0.0, 0.0, 15613.0, 13916.0, 19877.0, 29418.0, 24572.0, 20368.0, 23963.0, 27931.0, 25232.0, 0.0, ||,  10
696104288, 6961042888, ||, 0.0, 0.0, 396.0, 8161.0, 59674.0, 59239.0, 40460.0, 31184.0, 39254.0, 46388.0, 27328.0, 13989.0, ||,  10
811971261, 8116762094, ||, 0.0, 0.0, 52800.0, 9600.0, 14400.0, 24600.0, 17400.0, 27600.0, 24000.0, 19200.0, 23400.0, 15000.0, ||,  10
740002636, 0740002636, ||, 0.0, 0.0, 383.0, 13360.0, 35702.0, 47188.0, 52062.0, 52203.0, 57823.0, 49341.0, 68517.0, 62102.0, ||,  10
747002441, 0747002441, ||, 0.0, 0.0, 282.0, 12509.0, 24275.0, 19044.0, 24221.0, 23666.0, 38197.0, 31212.0, 26023.0, 17210.0, ||,  10
757001935, 7570019353, ||, 0.0, 0.0, 10243.0, 25440.0, 72320.0, 42720.0, 51040.0, 25280.0, 37440.0, 27680.0, 55840.0, 1685.0, ||,  10
695078293, 6950782935, ||, 0.0, 0.0, 9324.0, 38424.0, 45630.0, 31722.0, 1392.0, 28074.0, 75180.0, 8826.0, 1224.0, 0.0, ||,  10
811663046, 8113818198, ||, 0.0, 0.0, 205.0, 3253.0, 16517.0, 32772.0, 33730.0, 35498.0, 41552.0, 33533.0, 29522.0, 288.0, ||,  10
814160045, 8138197526, ||, 0.0, 0.0, 357.0, 346.0, 107107.0, 69943.0, 48793.0, 23834.0, 16920.0, 10068.0, 29541.0, 2046.0, ||,  10
805623243, 8055094728, ||, 0.0, 0.0, 6396.0, 29836.0, 40388.0, 42884.0, 35152.0, 29260.0, 33176.0, 29908.0, 24080.0, 1368.0, ||,  10
781002340, 7810023407, ||, 0.0, 0.0, 228.0, 1203.0, 25054.0, 38624.0, 35960.0, 31856.0, 32884.0, 43536.0, 23760.0, 0.0, ||,  10
807499081, 8073326847, ||, 0.0, 0.0, 12216.0, 46616.0, 65780.0, 44028.0, 60688.0, 41688.0, 32400.0, 38000.0, 12400.0, 0.0, ||,  10
814417264, 8140738698, ||, 0.0, 0.0, 355.0, 68281.0, 42284.0, 44079.0, 36181.0, 42199.0, 1248.0, 4212.0, 31628.0, 6698.0, ||,  10
811979614, 8116835729, ||, 0.0, 0.0, 91800.0, 22200.0, 22800.0, 19200.0, 30000.0, 39000.0, 27000.0, 12600.0, 20400.0, 12000.0, ||,  10
814710295, 8143529280, ||, 0.0, 0.0, 400.0, 13200.0, 43088.0, 15424.0, 63552.0, 61936.0, 60860.0, 56372.0, 76828.0, 63752.0, ||,  10
811302905, 8110514934, ||, 0.0, 0.0, 46000.0, 50400.0, 6000.0, 6000.0, 5600.0, 7200.0, 12400.0, 10000.0, 36800.0, 58800.0, ||,  10
814791965, 8144323405, ||, 0.0, 0.0, 387.0, 12100.0, 45148.0, 64481.0, 62546.0, 446.0, 124142.0, 446.0, 446.0, 15342.0, ||,  10
708000032, 7080000324, ||, 0.0, 0.0, 800.0, 12000.0, 15200.0, 8800.0, 5600.0, 19200.0, 67200.0, 60000.0, 60800.0, 79200.0, ||,  10
697084949, 6970849494, ||, 0.0, 0.0, 4660.0, 18800.0, 40800.0, 29600.0, 35600.0, 40400.0, 36400.0, 41600.0, 53200.0, 21564.0, ||,  10
21045247, 0210452473, ||, 0.0, 0.0, 42940.0, 40870.0, 24190.0, 25830.0, 26170.0, 44530.0, 5470.0, 3210.0, 2340.0, 920.0, ||,  10
814758533, 8144011395, ||, 0.0, 0.0, 2008.0, 60718.0, 70100.0, 69505.0, 45315.0, 47381.0, 51781.0, 45433.0, 44554.0, 22741.0, ||,  10
747002381, 0747002381, ||, 0.0, 0.0, 4257.0, 34123.0, 57601.0, 68008.0, 51921.0, 57304.0, 58564.0, 54690.0, 36143.0, 30426.0, ||,  10
2794766, 0027947669, ||, 0.0, 0.0, 1410.0, 58520.0, 34030.0, 63350.0, 31440.0, 3210.0, 1640.0, 0.0, 0.0, 0.0, ||,  10
773000743, 0773000743, ||, 0.0, 0.0, 583.0, 20388.0, 66983.0, 56284.0, 42118.0, 57319.0, 71409.0, 61939.0, 27845.0, 3741.0, ||,  10
812120760, 8118205919, ||, 0.0, 0.0, 369.0, 209.0, 209.0, 215.0, 51254.0, 33469.0, 26053.0, 24765.0, 36293.0, 49235.0, ||,  10
784000432, 7840004322, ||, 0.0, 0.0, 19640.0, 57874.0, 66354.0, 55607.0, 49680.0, 56832.0, 54148.0, 40530.0, 51500.0, 0.0, ||,  10
783049913, 7830499136, ||, 0.0, 0.0, 1800.0, 45600.0, 28200.0, 46800.0, 43980.0, 2400.0, 14922.0, 34164.0, 42960.0, 54030.0, ||,  10
812291417, 8119815892, ||, 0.0, 0.0, 1191.0, 46451.0, 19083.0, 16363.0, 14999.0, 20723.0, 18623.0, 25635.0, 23993.0, 245.0, ||,  10
782006121, 7820061219, ||, 0.0, 0.0, 2400.0, 32800.0, 20800.0, 40800.0, 30400.0, 79200.0, 47200.0, 76800.0, 61600.0, 88800.0, ||,  10
696104290, 6961042905, ||, 0.0, 0.0, 1076.0, 6222.0, 21732.0, 34509.0, 30861.0, 29858.0, 32773.0, 34032.0, 29508.0, 13371.0, ||,  10
19151016, 0191510164, ||, 0.0, 0.0, 216.0, 216.0, 59814.0, 70924.0, 43804.0, 47836.0, 56450.0, 56010.0, 30546.0, 7.0, ||,  10
814759560, 8144020726, ||, 0.0, 0.0, 2487.0, 64648.0, 52651.0, 24064.0, 4607.0, 4060.0, 18091.0, 45974.0, 28577.0, 12452.0, ||,  10
742006613, 7420066135, ||, 0.0, 0.0, 5921.0, 23405.0, 23071.0, 22262.0, 15313.0, 15512.0, 15640.0, 30922.0, 24046.0, 20422.0, ||,  10
811564448, 8112954857, ||, 0.0, 0.0, 53652.0, 33668.0, 30680.0, 26400.0, 33200.0, 36800.0, 40000.0, 28400.0, 32800.0, 38400.0, ||,  10
756000715, 7560007151, ||, 0.0, 0.0, 96600.0, 0.0, 0.0, 0.0, 0.0, 38400.0, 82800.0, 76200.0, 32622.0, 0.0, ||,  10
600111197, 6001111976, ||, 0.0, 0.0, 8232.0, 51114.0, 32232.0, 14604.0, 6516.0, 46956.0, 42000.0, 20694.0, 30276.0, 33552.0, ||,  10
813140996, 8128088421, ||, 0.0, 0.0, 9260.0, 11544.0, 27764.0, 62264.0, 47440.0, 13644.0, 6764.0, 8704.0, 10404.0, 5116.0, ||,  10
695014208, 6950142089, ||, 0.0, 0.0, 269.0, 19711.0, 21364.0, 30852.0, 31793.0, 26656.0, 24554.0, 23240.0, 4654.0, 1040.0, ||,  10
753004231, 0753004231, ||, 0.0, 0.0, 4400.0, 52000.0, 2800.0, 50400.0, 43200.0, 86400.0, 81600.0, 30000.0, 87200.0, 48400.0, ||,  10
787000423, 0787000423, ||, 0.0, 0.0, 374.0, 54710.0, 41609.0, 7563.0, 70552.0, 10500.0, 1353.0, 36690.0, 0.0, 0.0, ||,  10
809870326, 8096502024, ||, 0.0, 0.0, 167.0, 11993.0, 39102.0, 51688.0, 49581.0, 52673.0, 62607.0, 48581.0, 41432.0, 9823.0, ||,  10
809682717, 8094676705, ||, 0.0, 0.0, 4000.0, 2008.0, 17992.0, 0.0, 34400.0, 54400.0, 64800.0, 6400.0, 0.0, 0.0, ||,  10
814228960, 8138871370, ||, 0.0, 0.0, 59832.0, 38151.0, 36533.0, 8320.0, 6315.0, 6716.0, 22019.0, 10323.0, 16995.0, 20367.0, ||,  10
757002470, 7570024708, ||, 0.0, 0.0, 177.0, 3237.0, 47376.0, 49185.0, 58174.0, 43167.0, 40402.0, 27404.0, 34181.0, 0.0, ||,  10
781023694, 7810236940, ||, 0.0, 0.0, 163.0, 288.0, 46546.0, 35858.0, 45602.0, 35864.0, 41333.0, 40736.0, 21958.0, 29.0, ||,  10
807964055, 8077785817, ||, 0.0, 0.0, 12441.0, 60411.0, 60069.0, 55581.0, 49689.0, 60687.0, 43119.0, 41556.0, 18534.0, 399.0, ||,  10
741001339, 7410013398, ||, 0.0, 0.0, 800.0, 0.0, 2104.0, 40288.0, 31824.0, 33464.0, 27240.0, 38496.0, 17360.0, 0.0, ||,  10
30156860, 0301568605, ||, 0.0, 0.0, 17668.0, 28840.0, 43925.0, 44222.0, 37080.0, 26958.0, 40828.0, 33874.0, 36081.0, 6113.0, ||,  10
810918620, 8106793824, ||, 0.0, 0.0, 95400.0, 26400.0, 102000.0, 0.0, 0.0, 0.0, 0.0, 204000.0, 0.0, 0.0, ||,  10
731004992, 7310049923, ||, 0.0, 0.0, 434.0, 39538.0, 42220.0, 39222.0, 32119.0, 43077.0, 49921.0, 46004.0, 32512.0, 80637.0, ||,  10
695014154, 6950141549, ||, 0.0, 0.0, 139.0, 8620.0, 46903.0, 38753.0, 30904.0, 29009.0, 32346.0, 22209.0, 1384.0, 28.0, ||,  10
785528518, 7855285183, ||, 0.0, 0.0, 2000.0, 2000.0, 10400.0, 6400.0, 6800.0, 11200.0, 48400.0, 41200.0, 30000.0, 39200.0, ||,  10
812264346, 8119559394, ||, 0.0, 0.0, 219.0, 66107.0, 20177.0, 12511.0, 15818.0, 20870.0, 23405.0, 21590.0, 12672.0, 1996.0, ||,  10
770002320, 0770002320, ||, 0.0, 0.0, 15152.0, 20049.0, 32052.0, 33618.0, 37588.0, 43614.0, 20627.0, 22673.0, 30724.0, 22092.0, ||,  10
731000236, 7310002364, ||, 0.0, 0.0, 6241.0, 22055.0, 56031.0, 57487.0, 43323.0, 54206.0, 46133.0, 50654.0, 68878.0, 5082.0, ||,  10
691004893, 6910048936, ||, 0.0, 0.0, 60432.0, 28184.0, 23452.0, 23192.0, 20204.0, 20828.0, 16072.0, 21540.0, 27288.0, 10276.0, ||,  10
714020219, 7140202194, ||, 0.0, 0.0, 11860.0, 12108.0, 27254.0, 37229.0, 40760.0, 41503.0, 32142.0, 29448.0, 25537.0, 24092.0, ||,  10
691005011, 6910050119, ||, 0.0, 0.0, 900.0, 28564.0, 38232.0, 39844.0, 31336.0, 35028.0, 48956.0, 37296.0, 19596.0, 0.0, ||,  10
773001592, 0773001592, ||, 0.0, 0.0, 14180.0, 20760.0, 26156.0, 39248.0, 37968.0, 40312.0, 43084.0, 36500.0, 40136.0, 18272.0, ||,  10
698198475, 6981984751, ||, 0.0, 0.0, 24468.0, 49236.0, 63282.0, 53910.0, 49080.0, 48756.0, 39108.0, 43692.0, 0.0, 0.0, ||,  10
766002388, 7660023888, ||, 0.0, 0.0, 14400.0, 43200.0, 36600.0, 43800.0, 31200.0, 31800.0, 6600.0, 4800.0, 1200.0, 0.0, ||,  10
774003198, 0774003198, ||, 0.0, 0.0, 392.0, 1666.0, 47561.0, 38128.0, 18697.0, 19355.0, 113065.0, 34387.0, 62861.0, 53843.0, ||,  10
696126096, 6961260965, ||, 0.0, 0.0, 330.0, 10894.0, 30275.0, 32040.0, 11239.0, 22735.0, 30336.0, 26744.0, 22068.0, 3471.0, ||,  10
783049996, 7830499963, ||, 0.0, 0.0, 1800.0, 18000.0, 10800.0, 43200.0, 66300.0, 24300.0, 30600.0, 37332.0, 58662.0, 57306.0, ||,  10
813119735, 8127889919, ||, 0.0, 0.0, 23004.0, 41603.0, 40912.0, 42615.0, 46311.0, 53512.0, 47380.0, 51839.0, 48524.0, 52762.0, ||,  10
812191487, 8118871185, ||, 0.0, 0.0, 13615.0, 88818.0, 26793.0, 20945.0, 23904.0, 35332.0, 35009.0, 18930.0, 40045.0, 17385.0, ||,  10
813348246, 8130109365, ||, 0.0, 0.0, 81400.0, 38600.0, 39500.0, 22000.0, 13300.0, 11700.0, 2300.0, 3300.0, 4800.0, 13000.0, ||,  10
30157027, 0301570279, ||, 0.0, 0.0, 6087.0, 32661.0, 28011.0, 26703.0, 23285.0, 17767.0, 28171.0, 27837.0, 24754.0, -61.0, ||,  10
747002435, 0747002435, ||, 0.0, 0.0, 104.0, 17680.0, 48520.0, 55997.0, 34761.0, 52117.0, 52509.0, 43712.0, 18013.0, 569.0, ||,  10
782006124, 7820061248, ||, 0.0, 0.0, 717.0, 68976.0, 81843.0, 59418.0, 27683.0, 374.0, 254.0, 254.0, 254.0, 494.0, ||,  10
814759367, 8144018846, ||, 0.0, 0.0, 1397.0, 55075.0, 59746.0, 65516.0, 64533.0, 46217.0, 37481.0, 36662.0, 19734.0, 36670.0, ||,  10
812011771, 8117151123, ||, 0.0, 0.0, 31800.0, 27600.0, 31800.0, 23400.0, 26400.0, 30600.0, 27600.0, 27600.0, 28200.0, 22800.0, ||,  10
813119709, 8127885278, ||, 0.0, 0.0, 14996.0, 19426.0, 37516.0, 50528.0, 51518.0, 47551.0, 53943.0, 47382.0, 67913.0, 37933.0, ||,  10
813117262, 8127857574, ||, 0.0, 0.0, 599.0, 346.0, 346.0, 18051.0, 19543.0, 29251.0, 46732.0, 44752.0, 66473.0, 52267.0, ||,  10
805970736, 8058446737, ||, 0.0, 0.0, 15200.0, 27200.0, 46400.0, 55200.0, 60000.0, 48800.0, 40000.0, 52800.0, 48000.0, 24000.0, ||,  10
811574355, 8113051676, ||, 0.0, 0.0, 384.0, 7080.0, 16120.0, 21864.0, 25656.0, 29904.0, 25344.0, 25696.0, 26536.0, 6328.0, ||,  10
757001854, 7570018549, ||, 0.0, 0.0, 22491.0, 25936.0, 91940.0, 4170.0, 3697.0, 81767.0, 76087.0, 93628.0, 102005.0, 14872.0, ||,  10
23167051, 0231670515, ||, 0.0, 0.0, 18728.0, 39654.0, 32874.0, 25719.0, 37450.0, 57207.0, 46901.0, 28745.0, 31998.0, 33514.0, ||,  10
716085865, 7160858654, ||, 0.0, 0.0, 936.0, 25124.0, 23996.0, 26444.0, 19180.0, 29504.0, 29292.0, 22372.0, 25668.0, 20024.0, ||,  10
774001134, 0774001134, ||, 0.0, 0.0, 578.0, 15565.0, 30087.0, 27024.0, 36848.0, 48303.0, 42250.0, 28087.0, 52062.0, 11973.0, ||,  10
786001921, 7860019210, ||, 0.0, 0.0, 25340.0, 64340.0, 46030.0, 48230.0, 37380.0, 18340.0, 10590.0, 54920.0, 69610.0, 0.0, ||,  10
696733025, 6967330251, ||, 0.0, 0.0, 339.0, 5655.0, 25082.0, 26622.0, 26463.0, 22983.0, 29872.0, 24758.0, 26457.0, 11719.0, ||,  10
714000589, 7140005894, ||, 0.0, 0.0, 778.0, 10422.0, 23646.0, 21446.0, 57590.0, 90274.0, 30956.0, 182.0, 39546.0, 55602.0, ||,  10
27131135, 0271311355, ||, 0.0, 0.0, 51000.0, 21200.0, 4800.0, 25600.0, 38000.0, 44000.0, 22000.0, 26000.0, 42000.0, 38000.0, ||,  10
814703091, 8143460721, ||, 0.0, 0.0, 8897.0, 33298.0, 26280.0, 15481.0, 9697.0, 11901.0, 10128.0, 19046.0, 31518.0, 47758.0, ||,  10
714000217, 7140002172, ||, 0.0, 0.0, 1870.0, 21638.0, 24251.0, 31235.0, 19159.0, 48062.0, 22942.0, 8303.0, 16529.0, 2853.0, ||,  10
807300557, 8071408350, ||, 0.0, 0.0, 19932.0, 55428.0, 55548.0, 47332.0, 42356.0, 34604.0, 43200.0, 67200.0, 8868.0, 0.0, ||,  10
811964724, 8116711054, ||, 0.0, 0.0, 34800.0, 24780.0, 12420.0, 10542.0, 12858.0, 11436.0, 26178.0, 27882.0, 36330.0, 22374.0, ||,  10
802564949, 8025387869, ||, 0.0, 0.0, 11048.0, 23456.0, 41097.0, 65523.0, 57115.0, 58899.0, 55795.0, 51178.0, 51146.0, 16152.0, ||,  10
731008482, 7310084821, ||, 0.0, 0.0, 4205.0, 50172.0, 57503.0, 55725.0, 63628.0, 30531.0, 47216.0, 52869.0, 47400.0, 0.0, ||,  10
814815906, 8144548277, ||, 0.0, 0.0, 55896.0, 9736.0, 22468.0, 15714.0, 7639.0, 0.0, 105.0, 72932.0, 66914.0, 6306.0, ||,  10
701002627, 7010026277, ||, 0.0, 0.0, 16400.0, 16800.0, 46400.0, 40400.0, 37200.0, 40400.0, 39600.0, 58400.0, 41200.0, 12800.0, ||,  10
784000378, 7840003781, ||, 0.0, 0.0, 109.0, 29314.0, 59534.0, 81586.0, 54184.0, 17270.0, 228.0, 0.0, 0.0, 0.0, ||,  10
695042804, 6950428042, ||, 0.0, 0.0, 30.0, 4225.0, 36989.0, 37508.0, 30778.0, 30072.0, 44205.0, 23368.0, 864.0, 10178.0, ||,  10
716008815, 7160088158, ||, 0.0, 0.0, 26160.0, 74480.0, 44582.0, 30218.0, 18880.0, 23955.0, 41001.0, 59474.0, 55038.0, 63853.0, ||,  10
814710224, 8143528593, ||, 0.0, 0.0, 15600.0, 22800.0, 53588.0, 19620.0, 15808.0, 19784.0, 30768.0, 32816.0, 46820.0, 20136.0, ||,  10
698198445, 6981984458, ||, 0.0, 0.0, 38844.0, 39498.0, 41010.0, 38556.0, 40164.0, 40278.0, 35184.0, 31092.0, 18558.0, 0.0, ||,  10
812775314, 8124562015, ||, 0.0, 0.0, 46000.0, 34000.0, 31000.0, 27000.0, 23000.0, 24000.0, 26000.0, 34000.0, 38000.0, 42000.0, ||,  10
782003309, 7820033094, ||, 0.0, 0.0, 5000.0, 4000.0, 12000.0, 15000.0, 15000.0, 60000.0, 108000.0, 60000.0, 38000.0, 5000.0, ||,  10
811840375, 8115513125, ||, 0.0, 0.0, 32776.0, 33144.0, 20136.0, 15248.0, 15608.0, 16600.0, 16640.0, 20592.0, 34936.0, 34064.0, ||,  10
811564705, 8112957221, ||, 0.0, 0.0, 9320.0, 7742.0, 23378.0, 25483.0, 23868.0, 24208.0, 23734.0, 27842.0, 20186.0, 9436.0, ||,  10
814883926, 8145188528, ||, 0.0, 0.0, 346.0, 12880.0, 46313.0, 18846.0, 16726.0, 21514.0, 22388.0, 24444.0, 28130.0, 28941.0, ||,  10
702001495, 0702001495, ||, 0.0, 0.0, 134.0, 11237.0, 40929.0, 45512.0, 27231.0, 37798.0, 30668.0, 26959.0, 0.0, 0.0, ||,  10
670106346, 6701063463, ||, 0.0, 0.0, 960.0, 651.0, 2463.0, 0.0, 0.0, 0.0, 85647.0, 51501.0, 50508.0, 438.0, ||,  10
757002313, 7570023138, ||, 0.0, 0.0, 242.0, 18761.0, 28018.0, 41285.0, 29447.0, 29056.0, 33364.0, 40481.0, 23338.0, 14715.0, ||,  10
293706, 0002937061, ||, 0.0, 0.0, 346.0, 12332.0, 29690.0, 58688.0, 43397.0, 42441.0, 61047.0, 42909.0, 14134.0, 0.0, ||,  10
782003207, 7820032075, ||, 0.0, 0.0, 4400.0, 10800.0, 45200.0, 58400.0, 32400.0, 46800.0, 40800.0, 33200.0, 18956.0, 4320.0, ||,  10
731000169, 7310001693, ||, 0.0, 0.0, 763.0, 0.0, 434.0, 54433.0, 56230.0, 45181.0, 62307.0, 39460.0, 0.0, 0.0, ||,  10
814742049, 8143849803, ||, 0.0, 0.0, 334.0, 16404.0, 44849.0, 23646.0, 30604.0, 28573.0, 28821.0, 23745.0, 15996.0, 15973.0, ||,  10
774001203, 0774001203, ||, 0.0, 0.0, 2551.0, 83974.0, 24408.0, 18453.0, 4486.0, 20587.0, 9611.0, 53174.0, 3385.0, 19654.0, ||,  10
--------------------------------------
	簇ID:	 计数
	11:	 1

	样本数据

807495192, 8073291820, ||, 0.0, 0.0, 812400.0, 6399840.0, 4699680.0, 3975480.0, 2426040.0, 2200440.0, 2088600.0, 3298920.0, 3545160.0, 2734080.0, ||,  11
--------------------------------------
	簇ID:	 计数
	12:	 1

	样本数据

600130625, 6001306253, ||, 0.0, 0.0, 2757760.0, 4209920.0, 4188480.0, 3849920.0, 3839680.0, 3928960.0, 4475200.0, 4258560.0, 2875520.0, 2414400.0, ||,  12
--------------------------------------
	簇ID:	 计数
	13:	 547

	样本数据

811548212, 8112802286, ||, 0.0, 0.0, 66600.0, 0.0, 0.0, 0.0, 0.0, 0.0, 0.0, 0.0, 18600.0, 21600.0, ||,  13
812261371, 8119542855, ||, 0.0, 0.0, 407.0, 5559.0, 1332.0, 1632.0, 1632.0, 1632.0, 1853.0, 2143.0, 2332.0, 2407.0, ||,  13
774000794, 0774000794, ||, 0.0, 0.0, 1510.0, 12000.0, 27000.0, 25000.0, 3000.0, 2000.0, 20000.0, 3000.0, 13000.0, 2000.0, ||,  13
753004309, 0753004309, ||, 0.0, 0.0, 6924.0, 14620.0, 10684.0, 10780.0, 8552.0, 7040.0, 0.0, 0.0, 196.0, 15820.0, ||,  13
812759269, 8124409091, ||, 0.0, 0.0, 13022.0, 17146.0, 25641.0, 14357.0, 16549.0, 27833.0, 25267.0, 15718.0, 17885.0, 13787.0, ||,  13
695014036, 6950140360, ||, 0.0, 0.0, 316.0, 12626.0, 16421.0, 14508.0, 16453.0, 13280.0, 13089.0, 7036.0, 298.0, 0.0, ||,  13
811539934, 8112720175, ||, 0.0, 0.0, 20910.0, 3141.0, 2895.0, 2925.0, 4971.0, 7047.0, 4122.0, 2745.0, 3174.0, 3423.0, ||,  13
31056665, 0310566656, ||, 0.0, 0.0, 95.0, 34.0, 1.0, 0.0, 0.0, 34.0, 119.0, 103.0, 28.0, 0.0, ||,  13
714000330, 7140003306, ||, 0.0, 0.0, 63.0, 2204.0, 371.0, 211.0, 212.0, 2918.0, 639.0, 4370.0, 2888.0, 309.0, ||,  13
814688003, 8143311524, ||, 0.0, 0.0, 383.0, 6059.0, 529.0, 209.0, 209.0, 209.0, 209.0, 369.0, 609.0, 8698.0, ||,  13
805801371, 8056821899, ||, 0.0, 0.0, 2700.0, 3600.0, 15600.0, 21900.0, 12600.0, 17700.0, 17100.0, 11700.0, 6600.0, 600.0, ||,  13
812716159, 8123999355, ||, 0.0, 0.0, 425.0, 14073.0, 3730.0, 3410.0, 3891.0, 4452.0, 4131.0, 5974.0, 10711.0, 24972.0, ||,  13
780000913, 7800009136, ||, 0.0, 0.0, 4160.0, 0.0, 0.0, 0.0, 0.0, 0.0, 0.0, 0.0, 0.0, 0.0, ||,  13
753005091, 0753005091, ||, 0.0, 0.0, 167.0, 33338.0, 0.0, 0.0, 0.0, 0.0, 0.0, 0.0, 0.0, 0.0, ||,  13
703100146, 7031001466, ||, 0.0, 0.0, 276.0, 0.0, 0.0, 0.0, 0.0, 108.0, 461.0, 461.0, 461.0, 461.0, ||,  13
800281489, 8002761240, ||, 0.0, 0.0, 953.0, 134.0, 200.0, 200.0, 319.0, 0.0, 0.0, 0.0, 0.0, 0.0, ||,  13
812851927, 8125320036, ||, 0.0, 0.0, 69920.0, 38440.0, 0.0, 0.0, 0.0, 0.0, 0.0, 0.0, 6640.0, 40480.0, ||,  13
756004155, 7560041551, ||, 0.0, 0.0, 4050.0, 4651.0, 12807.0, 31756.0, 30466.0, 33105.0, 33206.0, 24701.0, -36.0, 0.0, ||,  13
811539009, 8112711076, ||, 0.0, 0.0, 115.0, 346.0, 346.0, 346.0, 346.0, 346.0, 346.0, 9060.0, 19715.0, 15790.0, ||,  13
19572753, 0195727531, ||, 0.0, 0.0, 2674.0, 826.0, 0.0, 1540.0, 0.0, 0.0, 1620.0, 0.0, 1212.0, 0.0, ||,  13
21085101, 0210851010, ||, 0.0, 0.0, 1344.0, 0.0, 0.0, 2832.0, 11742.0, 15630.0, 20220.0, 4392.0, 3648.0, 858.0, ||,  13
813206822, 8128717653, ||, 0.0, 0.0, 9861.0, 4207.0, 2336.0, 0.0, 0.0, 51334.0, 23485.0, 20275.0, 18707.0, 22240.0, ||,  13
741002921, 7410029212, ||, 0.0, 0.0, 8.0, 496.0, 20416.0, 11520.0, 11264.0, 6960.0, 12064.0, 8416.0, 17984.0, 8968.0, ||,  13
785001262, 7850012623, ||, 0.0, 0.0, 24968.0, 800.0, 0.0, 0.0, 0.0, 0.0, 0.0, 0.0, 0.0, 0.0, ||,  13
812072934, 8117747809, ||, 0.0, 0.0, 5600.0, 14800.0, 20800.0, 19000.0, 14400.0, 8000.0, 7200.0, 4000.0, 4800.0, 11200.0, ||,  13
785005628, 7850056283, ||, 0.0, 0.0, 300.0, 600.0, 600.0, 900.0, 600.0, 600.0, 900.0, 600.0, 300.0, 900.0, ||,  13
811539868, 8112719575, ||, 0.0, 0.0, 115.0, 346.0, 346.0, 346.0, 346.0, 346.0, 346.0, 646.0, 1107.0, 400.0, ||,  13
809566944, 8093565488, ||, 0.0, 0.0, 2200.0, 0.0, 0.0, 0.0, 0.0, 0.0, 0.0, 0.0, 0.0, 0.0, ||,  13
814598821, 8142503999, ||, 0.0, 0.0, 418.0, 209.0, 209.0, 9654.0, 9604.0, 21920.0, 9900.0, 5968.0, 12413.0, 16937.0, ||,  13
756003412, 7560034126, ||, 0.0, 0.0, 9691.0, 3412.0, 4929.0, 3955.0, 6560.0, 8050.0, 1357.0, 2527.0, 5301.0, 7028.0, ||,  13
812330208, 8120172876, ||, 0.0, 0.0, 11165.0, 173.0, 173.0, 536.0, 3176.0, 953.0, 653.0, 593.0, 473.0, 2575.0, ||,  13
811901649, 8116093204, ||, 0.0, 0.0, 5600.0, 0.0, 2652.0, 7454.0, 9866.0, 91359.0, 5129.0, 7055.0, 14281.0, 28554.0, ||,  13
765000785, 7650007856, ||, 0.0, 0.0, 30561.0, 31492.0, 0.0, 0.0, 0.0, 0.0, 0.0, 0.0, 0.0, 0.0, ||,  13
782002447, 7820024474, ||, 0.0, 0.0, 10844.0, 21172.0, 6296.0, 288.0, 288.0, 288.0, 3170.0, 318.0, 288.0, 288.0, ||,  13
748007227, 7480072275, ||, 0.0, 0.0, 479.0, 0.0, 0.0, 0.0, 0.0, 479.0, 479.0, 478.0, 479.0, 479.0, ||,  13
5046659, 0050466593, ||, 0.0, 0.0, 6720.0, 0.0, 0.0, 0.0, 0.0, 0.0, 0.0, 0.0, 0.0, 0.0, ||,  13
19184218, 0191842188, ||, 0.0, 0.0, 11260.0, 32600.0, 600.0, 3280.0, 3040.0, 2600.0, 5420.0, 2740.0, 2840.0, 4392.0, ||,  13
709257837, 7092578370, ||, 0.0, 0.0, 3.0, 691.0, 0.0, 0.0, 0.0, 3.0, 0.0, 3.0, 0.0, 3.0, ||,  13
31755523, 0317555239, ||, 0.0, 0.0, 490.0, 0.0, 320.0, 1392.0, 2185.0, 6741.0, 2772.0, 1658.0, 579.0, 0.0, ||,  13
709149306, 7091493067, ||, 0.0, 0.0, 146.0, 200.0, 51.0, 80.0, 18.0, 75.0, 50.0, 41.0, 75.0, 28.0, ||,  13
766000094, 7660000946, ||, 0.0, 0.0, 474.0, 57207.0, 77225.0, 547.0, -693.0, 0.0, 0.0, 0.0, 0.0, 0.0, ||,  13
709001813, 7090018133, ||, 0.0, 0.0, 6720.0, 835.0, 2848.0, 951.0, 230.0, -92.0, 0.0, 0.0, 0.0, 0.0, ||,  13
753004226, 0753004226, ||, 0.0, 0.0, 8000.0, 3080.0, 7328.0, 8776.0, 8696.0, 6052.0, 5908.0, 0.0, 0.0, 0.0, ||,  13
704001316, 7040013162, ||, 0.0, 0.0, 34212.0, 6628.0, 6300.0, 3000.0, 3407.0, 3847.0, 2801.0, 3264.0, 6178.0, 5928.0, ||,  13
783049986, 7830499862, ||, 0.0, 0.0, 8400.0, 43800.0, 4800.0, 0.0, 0.0, 0.0, 0.0, 9000.0, 3600.0, 3000.0, ||,  13
9214481, 0092144819, ||, 0.0, 0.0, 40.0, 321.0, 340.0, 0.0, 0.0, 1044.0, 0.0, 423.0, 0.0, 0.0, ||,  13
15117228, 0151172289, ||, 0.0, 0.0, 3.0, 0.0, 0.0, 22.0, 0.0, 0.0, 355.0, 0.0, 0.0, 0.0, ||,  13
702001568, 0702001568, ||, 0.0, 0.0, 3048.0, 614.0, 847.0, 15.0, 8.0, 0.0, 0.0, 0.0, 19.0, 5.0, ||,  13
770003400, 0770003400, ||, 0.0, 0.0, 15908.0, 35316.0, 28072.0, 12544.0, 0.0, 0.0, 0.0, 800.0, 74820.0, 28292.0, ||,  13
814688005, 8143311540, ||, 0.0, 0.0, 383.0, 22771.0, 2690.0, 5503.0, 6305.0, 7030.0, 9206.0, 8639.0, 19391.0, 26623.0, ||,  13
701000044, 7010000440, ||, 0.0, 0.0, 720.0, 80.0, 0.0, 1152.0, 317.0, 0.0, 0.0, 749.0, 864.0, 864.0, ||,  13
766000485, 7660004850, ||, 0.0, 0.0, 146.0, 5297.0, 154.0, 0.0, 0.0, 0.0, 0.0, 0.0, 0.0, 0.0, ||,  13
805112452, 8050137282, ||, 0.0, 0.0, 259.0, 5023.0, 21573.0, 21805.0, 19726.0, 16507.0, 18179.0, 12913.0, 8918.0, -42.0, ||,  13
800191860, 8001878446, ||, 0.0, 0.0, 5.0, 0.0, 18.0, 21.0, 30.0, 21.0, 33.0, 34.0, 30.0, 27.0, ||,  13
600130506, 6001305061, ||, 0.0, 0.0, 1164.0, 9883.0, 10603.0, 14563.0, 20203.0, 16963.0, 23443.0, 39043.0, 10363.0, 403.0, ||,  13
805727767, 8056110230, ||, 0.0, 0.0, 67500.0, 0.0, 0.0, 0.0, 0.0, 0.0, 0.0, 0.0, 0.0, 0.0, ||,  13
801778592, 8017622707, ||, 0.0, 0.0, 600.0, 40.0, 0.0, 0.0, 0.0, 53.0, 0.0, 132.0, 62.0, 62.0, ||,  13
709007987, 7090079871, ||, 0.0, 0.0, 2310.0, 1500.0, 1117.0, 180.0, -30.0, 0.0, 198.0, 180.0, 180.0, 180.0, ||,  13
812202058, 8118975089, ||, 0.0, 0.0, 33986.0, 0.0, 0.0, 0.0, 0.0, 0.0, 0.0, 14555.0, 0.0, 5079.0, ||,  13
696123923, 6961239233, ||, 0.0, 0.0, 108.0, 32790.0, 3180.0, 1200.0, 660.0, 0.0, 0.0, 0.0, 0.0, 0.0, ||,  13
30151799, 0301517997, ||, 0.0, 0.0, 4320.0, 2240.0, 1880.0, 600.0, 1440.0, 2280.0, 1880.0, 1440.0, 2080.0, 1480.0, ||,  13
785530559, 7855305595, ||, 0.0, 0.0, 33600.0, 0.0, 0.0, 0.0, 32700.0, 0.0, 0.0, 21900.0, 0.0, 0.0, ||,  13
748006323, 7480063235, ||, 0.0, 0.0, 480.0, 0.0, 0.0, 0.0, 0.0, 864.0, -864.0, 0.0, 0.0, 0.0, ||,  13
811099002, 8108552344, ||, 0.0, 0.0, 4588.0, 472.0, 2492.0, 1076.0, 348.0, 368.0, 364.0, 360.0, 368.0, 368.0, ||,  13
812068343, 8117701605, ||, 0.0, 0.0, 3720.0, 3000.0, 9000.0, 4800.0, 4800.0, 7800.0, 7800.0, 3000.0, 7200.0, 6600.0, ||,  13
812986368, 8126562990, ||, 0.0, 0.0, 5446.0, 7502.0, 6184.0, 2035.0, 39848.0, 21383.0, 11357.0, 8246.0, 22692.0, 20150.0, ||,  13
811971248, 8116762052, ||, 0.0, 0.0, 118.0, 209.0, 4935.0, 3812.0, 3812.0, 3412.0, 209.0, 209.0, 209.0, 1810.0, ||,  13
690001955, 6900019555, ||, 0.0, 0.0, 3000.0, 0.0, 1650.0, 522.0, 840.0, 594.0, 0.0, 0.0, 0.0, 0.0, ||,  13
765000811, 7650008110, ||, 0.0, 0.0, 497.0, 49559.0, 14418.0, 17392.0, 5056.0, 9075.0, 533.0, -18.0, 0.0, 15229.0, ||,  13
785530517, 7855305175, ||, 0.0, 0.0, 50100.0, 44880.0, 15500.0, 7854.0, 13485.0, 17248.0, 14408.0, 9921.0, 12584.0, 8643.0, ||,  13
814667260, 8143121082, ||, 0.0, 0.0, 26128.0, 13837.0, 3018.0, 2392.0, 1810.0, 1808.0, 741.0, 395.0, 9992.0, 20413.0, ||,  13
709167772, 7091677728, ||, 0.0, 0.0, 490.0, 260.0, 244.0, 443.0, 1103.0, 1200.0, 578.0, 500.0, 370.0, 170.0, ||,  13
814782024, 8144225293, ||, 0.0, 0.0, 599.0, 35385.0, 346.0, 8234.0, 16364.0, 346.0, 11293.0, 14725.0, 4123.0, 4240.0, ||,  13
813199271, 8128641150, ||, 0.0, 0.0, 17670.0, 8882.0, 10101.0, 9066.0, 13544.0, 16134.0, 11680.0, 12037.0, 23372.0, 34339.0, ||,  13
21029969, 0210299690, ||, 0.0, 0.0, 16781.0, 17428.0, 10308.0, 8728.0, 9120.0, 10080.0, 3050.0, 1360.0, 7939.0, 1427.0, ||,  13
716200403, 7162004033, ||, 0.0, 0.0, 25212.0, 21192.0, 15781.0, 25560.0, 27926.0, 10721.0, 4101.0, 0.0, 0.0, 0.0, ||,  13
731039449, 7310394498, ||, 0.0, 0.0, 349.0, 0.0, 0.0, 0.0, 0.0, 0.0, 0.0, 0.0, 0.0, 0.0, ||,  13
690002220, 6900022207, ||, 0.0, 0.0, 26400.0, 1336.0, 1072.0, 760.0, 624.0, 668.0, 668.0, 664.0, 640.0, 744.0, ||,  13
26966504, 0269665040, ||, 0.0, 0.0, 16680.0, 4260.0, 3120.0, 3360.0, 2820.0, 2940.0, 2580.0, 2340.0, 3900.0, 4920.0, ||,  13
695055583, 6950555834, ||, 0.0, 0.0, 1045.0, 369.0, 1165.0, 792.0, 1505.0, 1403.0, 1829.0, 1918.0, 678.0, 230.0, ||,  13
784001902, 7840019025, ||, 0.0, 0.0, 770.0, 770.0, 770.0, 770.0, 770.0, 770.0, 539.0, 0.0, 0.0, 384.0, ||,  13
800471907, 8004618838, ||, 0.0, 0.0, 10.0, 142.0, 165.0, 226.0, 269.0, 260.0, 248.0, 156.0, 170.0, 221.0, ||,  13
15187726, 0151877269, ||, 0.0, 0.0, 6388.0, 2422.0, 2290.0, 1310.0, 0.0, 0.0, 3549.0, 1063.0, 2113.0, 1868.0, ||,  13
800191862, 8001878462, ||, 0.0, 0.0, 10.0, 0.0, 19.0, 14.0, 14.0, 16.0, 19.0, 23.0, 40.0, 32.0, ||,  13
800471901, 8004618779, ||, 0.0, 0.0, 1040.0, 0.0, 430.0, 398.0, 547.0, 319.0, 752.0, 436.0, 423.0, 305.0, ||,  13
814598659, 8142488306, ||, 0.0, 0.0, 418.0, 556.0, 712.0, 1174.0, 1219.0, 209.0, 1544.0, 759.0, 782.0, 723.0, ||,  13
742002462, 7420024627, ||, 0.0, 0.0, 219.0, 11631.0, 25873.0, 1006.0, 346.0, 346.0, 346.0, 346.0, 346.0, 41012.0, ||,  13
748006802, 7480068025, ||, 0.0, 0.0, 1333.0, 1008.0, 7730.0, 9571.0, 7135.0, 6567.0, 7988.0, 7341.0, 4384.0, 591.0, ||,  13
785528517, 7855285170, ||, 0.0, 0.0, 18800.0, 23200.0, 11200.0, 11600.0, 7200.0, 8000.0, 7200.0, 5600.0, 2000.0, 2800.0, ||,  13
753005062, 0753005062, ||, 0.0, 0.0, 349.0, 21734.0, 37303.0, 26382.0, 16348.0, 0.0, 0.0, 0.0, 0.0, 0.0, ||,  13
731000252, 7310002524, ||, 0.0, 0.0, 1659.0, 0.0, 0.0, 0.0, 0.0, 0.0, 0.0, 0.0, 0.0, 0.0, ||,  13
773001035, 0773001035, ||, 0.0, 0.0, 207.0, 3767.0, 27643.0, 31455.0, 13815.0, 7795.0, 346.0, 242.0, 0.0, 0.0, ||,  13
696104226, 6961042266, ||, 0.0, 0.0, 7.0, 0.0, 0.0, 0.0, 209.0, 209.0, 209.0, 329.0, 209.0, 209.0, ||,  13
802984591, 8029461967, ||, 0.0, 0.0, 51120.0, 11880.0, 8100.0, 12800.0, 12800.0, 15280.0, 10900.0, 9000.0, 11100.0, 11720.0, ||,  13
744001511, 0744001511, ||, 0.0, 0.0, 298.0, 331.0, 60208.0, 23291.0, 12903.0, 14657.0, 8505.0, 10254.0, 7482.0, 6941.0, ||,  13
810476180, 8102495960, ||, 0.0, 0.0, 17610.0, 11280.0, 21030.0, 16830.0, 13860.0, 0.0, 0.0, 27240.0, 0.0, 0.0, ||,  13
812833505, 8125169246, ||, 0.0, 0.0, 132.0, 20261.0, 9661.0, 10228.0, 11668.0, 16887.0, 11588.0, 17046.0, 21065.0, 23800.0, ||,  13
702003042, 0702003042, ||, 0.0, 0.0, 88.0, 0.0, 0.0, 0.0, 0.0, 0.0, 662.0, 1694.0, 662.0, 662.0, ||,  13
25710250, 0257102508, ||, 0.0, 0.0, 5977.0, 0.0, 2317.0, 0.0, 0.0, 0.0, 0.0, 479.0, 0.0, 0.0, ||,  13
748003180, 7480031803, ||, 0.0, 0.0, 9758.0, 17338.0, 18429.0, 13167.0, 9969.0, 9306.0, 11960.0, 8702.0, 17459.0, 17335.0, ||,  13
813262881, 8129264785, ||, 0.0, 0.0, 523.0, 8352.0, 2066.0, 1405.0, 2307.0, 624.0, 564.0, 1886.0, 6958.0, 11217.0, ||,  13
25395428, 0253954280, ||, 0.0, 0.0, 2000.0, 0.0, 0.0, 0.0, 2800.0, 2000.0, 1600.0, 1600.0, 1220.0, 1160.0, ||,  13
812251670, 8119452390, ||, 0.0, 0.0, 3840.0, 9600.0, 3000.0, 3600.0, 3600.0, 22200.0, 27600.0, 13800.0, 7800.0, 4800.0, ||,  13
814928963, 8145582577, ||, 0.0, 0.0, 294.0, 14064.0, 11292.0, 13862.0, 13011.0, 13831.0, 9088.0, 6882.0, 23349.0, 49808.0, ||,  13
813198427, 8128634002, ||, 0.0, 0.0, 48239.0, 2447.0, 1246.0, 1346.0, 1346.0, 2447.0, 1846.0, 15891.0, 20021.0, 8862.0, ||,  13
702001445, 0702001445, ||, 0.0, 0.0, 39.0, 0.0, 0.0, 0.0, 13311.0, 48294.0, 15796.0, 202.0, 228.0, 202.0, ||,  13
748001154, 7480011540, ||, 0.0, 0.0, 2319.0, 281.0, 1961.0, 1481.0, 1401.0, 2127.0, 2443.0, 3004.0, 1321.0, 1882.0, ||,  13
296880, 0002968807, ||, 0.0, 0.0, 100.0, 0.0, 0.0, 0.0, 0.0, 0.0, 0.0, 0.0, 50.0, 700.0, ||,  13
731037317, 7310373174, ||, 0.0, 0.0, 26316.0, 55263.0, 30790.0, 30789.0, 1315.0, 5231.0, 0.0, 0.0, 0.0, 0.0, ||,  13
30156857, 0301568575, ||, 0.0, 0.0, 18880.0, 0.0, 522.0, 461.0, 461.0, 461.0, 461.0, 461.0, 461.0, 461.0, ||,  13
811544433, 8112773414, ||, 0.0, 0.0, 24600.0, 7200.0, 6600.0, 5400.0, 6000.0, 12000.0, 13800.0, 15000.0, 21000.0, 24000.0, ||,  13
761002419, 0761002419, ||, 0.0, 0.0, 13231.0, 33337.0, 5562.0, 2853.0, 188.0, 0.0, 0.0, 0.0, 0.0, 0.0, ||,  13
714020154, 7140201540, ||, 0.0, 0.0, 110.0, 331.0, 331.0, 331.0, 331.0, 331.0, 331.0, 188.0, 0.0, 0.0, ||,  13
811888274, 8115963210, ||, 0.0, 0.0, 1500.0, 3300.0, 6900.0, 8400.0, 26700.0, 32400.0, 47100.0, 11700.0, 10800.0, 0.0, ||,  13
805592487, 8054807196, ||, 0.0, 0.0, 690.0, 7272.0, 15198.0, 14754.0, 21720.0, 27600.0, 15462.0, 12654.0, 6048.0, 1782.0, ||,  13
814340240, 8139972364, ||, 0.0, 0.0, 2840.0, 1306.0, 6421.0, 3350.0, 4495.0, 11477.0, 11527.0, 4006.0, 6568.0, 5918.0, ||,  13
814896253, 8145293370, ||, 0.0, 0.0, 79.0, 7291.0, 22032.0, 32396.0, 9869.0, 485.0, 22109.0, 21390.0, 34235.0, 13035.0, ||,  13
783049833, 7830498335, ||, 0.0, 0.0, 5980.0, 14932.0, 9824.0, 10272.0, 4968.0, 3756.0, 3616.0, 16316.0, 26316.0, 32320.0, ||,  13
709169215, 7091692158, ||, 0.0, 0.0, 190.0, 730.0, 440.0, 1120.0, 1510.0, 1300.0, 1490.0, 1150.0, 300.0, 50.0, ||,  13
709257273, 7092572734, ||, 0.0, 0.0, 3.0, 0.0, 0.0, 0.0, 0.0, 0.0, 0.0, 0.0, 0.0, 3.0, ||,  13
19668718, 0196687186, ||, 0.0, 0.0, 94.0, 1.0, 0.0, 0.0, 0.0, 0.0, 0.0, 0.0, 114.0, 126.0, ||,  13
770004121, 0770004121, ||, 0.0, 0.0, 196.0, 245.0, 1626.0, 1085.0, 245.0, 245.0, 2167.0, 245.0, 245.0, 621.0, ||,  13
756001467, 7560014674, ||, 0.0, 0.0, 81570.0, 43547.0, 29323.0, 0.0, 0.0, 0.0, 0.0, 0.0, 0.0, 0.0, ||,  13
811539916, 8112720117, ||, 0.0, 0.0, 777.0, 3903.0, 2109.0, 3495.0, 2490.0, 2301.0, 2613.0, 1812.0, 3300.0, 5016.0, ||,  13
810469022, 8102427334, ||, 0.0, 0.0, 2220.0, 378.0, 378.0, 483.0, 462.0, 453.0, 597.0, 366.0, 483.0, 489.0, ||,  13
756004213, 7560042134, ||, 0.0, 0.0, 12000.0, 3200.0, 1600.0, 3200.0, 0.0, 6400.0, 1600.0, 3200.0, 3200.0, 0.0, ||,  13
716124220, 7161242209, ||, 0.0, 0.0, 12512.0, 8488.0, 7380.0, 4976.0, 5728.0, 3996.0, 5444.0, 2592.0, 0.0, 0.0, ||,  13
7130255, 0071302557, ||, 0.0, 0.0, 313.0, 209.0, 209.0, 209.0, 209.0, 209.0, 209.0, 209.0, 209.0, 2671.0, ||,  13
748008081, 7480080818, ||, 0.0, 0.0, 3994.0, 600.0, 1140.0, 20.0, 10.0, 861.0, 288.0, 270.0, 263.0, 304.0, ||,  13
701001461, 7010014616, ||, 0.0, 0.0, 60.0, 0.0, 0.0, 0.0, 0.0, 0.0, 0.0, 0.0, 0.0, 0.0, ||,  13
814139195, 8137991840, ||, 0.0, 0.0, 1943.0, 2548.0, 7899.0, 10555.0, 10846.0, 17195.0, 16100.0, 18376.0, 26454.0, 17738.0, ||,  13
813234209, 8128986783, ||, 0.0, 0.0, 14500.0, 11400.0, 9200.0, 9300.0, 12800.0, 9400.0, 10500.0, 10100.0, 10600.0, 12800.0, ||,  13
25704805, 0257048057, ||, 0.0, 0.0, 34740.0, 16440.0, 19560.0, 17880.0, 16260.0, 15120.0, 10380.0, 9360.0, 0.0, 0.0, ||,  13
25987812, 0259878128, ||, 0.0, 0.0, 150.0, 0.0, 0.0, 0.0, 0.0, 0.0, 0.0, 0.0, 0.0, 0.0, ||,  13
814082006, 8137421242, ||, 0.0, 0.0, 109.0, 2213.0, 2672.0, 2098.0, 1836.0, 1491.0, 2135.0, 2604.0, 3291.0, 2308.0, ||,  13
814700740, 8143437426, ||, 0.0, 0.0, 173.0, 32428.0, 8920.0, 23282.0, 57229.0, 13659.0, 19525.0, 13549.0, 5990.0, 288.0, ||,  13
803482510, 8034254954, ||, 0.0, 0.0, 920.0, 5117.0, 2801.0, 4062.0, 2507.0, 1537.0, 361.0, 151.0, 151.0, 151.0, ||,  13
808835703, 8086341925, ||, 0.0, 0.0, 1.0, 1.0, 0.0, 0.0, 0.0, 0.0, 0.0, 0.0, 0.0, 0.0, ||,  13
623522164, 6235221643, ||, 0.0, 0.0, 14116.0, 20904.0, 9224.0, 14396.0, 6652.0, 6748.0, 8836.0, 10168.0, 15072.0, 3828.0, ||,  13
716093560, 7160935601, ||, 0.0, 0.0, 7427.0, 8340.0, 4185.0, 7410.0, 6558.0, 8248.0, 6790.0, 8357.0, 4082.0, 1455.0, ||,  13
781023343, 7810233433, ||, 0.0, 0.0, 134.0, 288.0, 288.0, 288.0, 288.0, 288.0, 288.0, 288.0, 288.0, 288.0, ||,  13
814748503, 8143911519, ||, 0.0, 0.0, 622.0, 583.0, 26446.0, 10393.0, 12803.0, 13610.0, 22962.0, 23713.0, 30565.0, 12598.0, ||,  13
785528701, 7855287017, ||, 0.0, 0.0, 4000.0, 400.0, 0.0, 0.0, 0.0, 0.0, 0.0, 0.0, 10000.0, 48800.0, ||,  13
785005778, 7850057781, ||, 0.0, 0.0, 5100.0, 0.0, 0.0, 2100.0, 3600.0, 9900.0, 14100.0, 12900.0, 12300.0, 11700.0, ||,  13
742000194, 7420001945, ||, 0.0, 0.0, 306.0, 28499.0, 0.0, 0.0, 0.0, 0.0, 0.0, 0.0, 0.0, 0.0, ||,  13
757001421, 7570014215, ||, 0.0, 0.0, 576.0, 0.0, 0.0, 0.0, 0.0, 0.0, 0.0, 0.0, 0.0, 0.0, ||,  13
812294070, 8119840366, ||, 0.0, 0.0, 678.0, 4864.0, 8006.0, 10610.0, 10863.0, 10620.0, 7767.0, 12075.0, 16776.0, 22568.0, ||,  13
810877777, 8106394492, ||, 0.0, 0.0, 2100.0, 300.0, 1443.0, 588.0, 786.0, 10146.0, 3828.0, 6705.0, 17940.0, 11538.0, ||,  13
812949602, 8126205226, ||, 0.0, 0.0, 9900.0, 12600.0, 9000.0, 8700.0, 13500.0, 12000.0, 24000.0, 10800.0, 17100.0, 15900.0, ||,  13
698192700, 6981927002, ||, 0.0, 0.0, 22800.0, 46000.0, 51600.0, 46800.0, 6800.0, 0.0, 0.0, 0.0, 0.0, 0.0, ||,  13
814024491, 8136891224, ||, 0.0, 0.0, 6368.0, 173.0, 173.0, 173.0, 173.0, 173.0, 173.0, 173.0, 173.0, 173.0, ||,  13
814211232, 8138684664, ||, 0.0, 0.0, 103.0, 13343.0, 43504.0, 41647.0, 30549.0, 19210.0, 4904.0, 7444.0, 7627.0, 2731.0, ||,  13
785529740, 7855297409, ||, 0.0, 0.0, 1864.0, 0.0, 0.0, 0.0, 0.0, 0.0, 490.0, 0.0, 0.0, 0.0, ||,  13
812986095, 8126560125, ||, 0.0, 0.0, 144.0, 4496.0, 9254.0, 7202.0, 3356.0, 10032.0, 14546.0, 18770.0, 3296.0, 6481.0, ||,  13
19081828, 0190818283, ||, 0.0, 0.0, 73.0, 197.0, 132.0, 102.0, 324.0, 0.0, 0.0, 0.0, 66.0, 34.0, ||,  13
600128250, 6001282504, ||, 0.0, 0.0, 10797.0, 10302.0, 22771.0, 4834.0, 3229.0, 2748.0, 6781.0, 4355.0, 2121.0, 2150.0, ||,  13
804161904, 8040857572, ||, 0.0, 0.0, 1200.0, 0.0, 0.0, 0.0, 0.0, 8400.0, 0.0, 9900.0, 10200.0, 10800.0, ||,  13
812649791, 8123333249, ||, 0.0, 0.0, 250.0, 288.0, 288.0, 345.0, 598.0, 1204.0, 5704.0, 4250.0, 3661.0, 5861.0, ||,  13
748005709, 7480057092, ||, 0.0, 0.0, 3300.0, 0.0, 1500.0, 0.0, 0.0, 0.0, 2700.0, 0.0, 0.0, 1800.0, ||,  13
696130866, 6961308663, ||, 0.0, 0.0, 794.0, 14695.0, 10543.0, 10423.0, 4496.0, 4256.0, 3714.0, 16263.0, 15650.0, 8241.0, ||,  13
695014147, 6950141477, ||, 0.0, 0.0, 139.0, 15496.0, 41917.0, 23428.0, 14850.0, 19795.0, 14630.0, 6208.0, 1767.0, 209.0, ||,  13
800471902, 8004618782, ||, 0.0, 0.0, 300.0, 300.0, 300.0, 402.0, 620.0, 500.0, 786.0, 732.0, -732.0, 0.0, ||,  13
27221080, 0272210800, ||, 0.0, 0.0, 430.0, 0.0, 0.0, 0.0, 0.0, 1.0, 0.0, 0.0, 0.0, 0.0, ||,  13
748001106, 7480011061, ||, 0.0, 0.0, 230.0, 0.0, 0.0, 0.0, 0.0, 0.0, 230.0, 12248.0, 0.0, 0.0, ||,  13
814065903, 8137261761, ||, 0.0, 0.0, 400.0, 0.0, 0.0, 3300.0, 0.0, 0.0, 0.0, 0.0, 0.0, 0.0, ||,  13
811709216, 8114258573, ||, 0.0, 0.0, 544.0, 8771.0, 4415.0, 1968.0, 1745.0, 2063.0, 1823.0, 1735.0, 3360.0, 23825.0, ||,  13
702001567, 0702001567, ||, 0.0, 0.0, 181.0, 389.0, 389.0, 389.0, 389.0, 389.0, -26.0, 0.0, 0.0, 0.0, ||,  13
706000529, 0706000529, ||, 0.0, 0.0, 2400.0, 2400.0, 2800.0, 8800.0, 25200.0, 10800.0, 12400.0, 5600.0, 400.0, 0.0, ||,  13
811548421, 8112804484, ||, 0.0, 0.0, 17400.0, 0.0, 3600.0, 1800.0, 1800.0, 1200.0, 1200.0, 1200.0, 600.0, 1800.0, ||,  13
756004264, 7560042642, ||, 0.0, 0.0, 1200.0, 0.0, 17200.0, 18492.0, 17600.0, 13200.0, 10800.0, 12400.0, 5600.0, 3200.0, ||,  13
709148023, 7091480230, ||, 0.0, 0.0, 3.0, 0.0, 0.0, 0.0, 0.0, 0.0, 2.0, 0.0, 0.0, 0.0, ||,  13
742000897, 7420008975, ||, 0.0, 0.0, 9378.0, 6009.0, 19995.0, 14456.0, 6250.0, 13978.0, 11073.0, 13241.0, 10110.0, 21852.0, ||,  13
812284419, 8119752227, ||, 0.0, 0.0, 4200.0, 9600.0, 8400.0, 6000.0, 12600.0, 1200.0, 4200.0, 6000.0, 8400.0, 9000.0, ||,  13
814161812, 8138214506, ||, 0.0, 0.0, 116.0, 38.0, 37.0, 35.0, 27.0, 14.0, 15.0, 10.0, 0.0, 0.0, ||,  13
31657734, 0316577340, ||, 0.0, 0.0, 230.0, 230.0, 230.0, 271.0, 252.0, 244.0, 246.0, 247.0, 249.0, 245.0, ||,  13
731000275, 7310002755, ||, 0.0, 0.0, 883.0, 3647.0, 4731.0, 10404.0, 5333.0, 2296.0, 5936.0, 5454.0, 11985.0, 0.0, ||,  13
814209744, 8138670560, ||, 0.0, 0.0, 203.0, 493.0, 627.0, 535.0, 344.0, 2608.0, 6139.0, 353.0, 7237.0, 962.0, ||,  13
814552205, 8142039429, ||, 0.0, 0.0, 17820.0, 23280.0, 17280.0, 7680.0, 7020.0, 13800.0, 11513.0, 12427.0, 9420.0, 7740.0, ||,  13
812822059, 8125039341, ||, 0.0, 0.0, 2400.0, 1600.0, 1600.0, 18400.0, 19200.0, 15200.0, 16000.0, 17600.0, 7200.0, 8400.0, ||,  13
698190592, 6981905929, ||, 0.0, 0.0, 18702.0, 4506.0, 2640.0, 1194.0, 1398.0, 0.0, 0.0, 3210.0, 0.0, 0.0, ||,  13
770004400, 0770004400, ||, 0.0, 0.0, 184.0, 2546.0, 9585.0, 7306.0, 6449.0, 6466.0, 2911.0, 5002.0, 6405.0, 8041.0, ||,  13
691003805, 6910038052, ||, 0.0, 0.0, 770.0, 3211.0, 6890.0, 7554.0, 6949.0, 7916.0, 9368.0, 10033.0, 6586.0, 5018.0, ||,  13
757001656, 7570016569, ||, 0.0, 0.0, 337.0, 7974.0, 6148.0, 7459.0, 6926.0, 3653.0, 12912.0, 2262.0, 4421.0, 6522.0, ||,  13
814829801, 8144682133, ||, 0.0, 0.0, 10784.0, 5856.0, 0.0, 0.0, 0.0, 0.0, 0.0, 0.0, 1128.0, 5972.0, ||,  13
698201236, 6982012361, ||, 0.0, 0.0, 51900.0, 27120.0, 40940.0, 0.0, 0.0, 0.0, 0.0, 0.0, 0.0, 0.0, ||,  13
748007810, 7480078101, ||, 0.0, 0.0, 2988.0, 0.0, 0.0, 0.0, 1006.0, 2331.0, 2391.0, 2269.0, 2390.0, 2930.0, ||,  13
709007595, 7090075954, ||, 0.0, 0.0, 50.0, 1371.0, 1311.0, 1199.0, 793.0, 1130.0, 1256.0, 1510.0, 1279.0, 590.0, ||,  13
757002652, 7570026528, ||, 0.0, 0.0, 269.0, 5987.0, 4520.0, 1921.0, 1542.0, 1228.0, 39072.0, 29132.0, 24194.0, 2002.0, ||,  13
812743512, 8124253669, ||, 0.0, 0.0, 2333.0, 2325.0, 16672.0, 7611.0, 7290.0, 10177.0, 10097.0, 10095.0, 11377.0, 1845.0, ||,  13
805617936, 8055049728, ||, 0.0, 0.0, 143.0, 7656.0, 10872.0, 10685.0, 9336.0, 7269.0, 8672.0, 10854.0, 5109.0, 390.0, ||,  13
814664652, 8143099194, ||, 0.0, 0.0, 3510.0, 5492.0, 2888.0, 3037.0, 2602.0, 4428.0, 4139.0, 3143.0, 4073.0, 3257.0, ||,  13
773003437, 0773003437, ||, 0.0, 0.0, 1660.0, 9557.0, 10074.0, 9607.0, 10659.0, 7074.0, 7412.0, 9929.0, 9089.0, 958.0, ||,  13
5038041, 0050380419, ||, 0.0, 0.0, 208.0, 1231.0, 2350.0, 1209.0, 1089.0, 1209.0, 1629.0, 1689.0, 2110.0, 1509.0, ||,  13
813233241, 8128972780, ||, 0.0, 0.0, 8600.0, 2800.0, 2600.0, 3000.0, 3400.0, 3200.0, 3600.0, 2600.0, 2800.0, 4800.0, ||,  13
811899935, 8116076445, ||, 0.0, 0.0, 1200.0, 0.0, 0.0, 0.0, 0.0, 0.0, 0.0, 0.0, 766.0, 4086.0, ||,  13
670019535, 6700195350, ||, 0.0, 0.0, 3228.0, 636.0, 0.0, 0.0, 0.0, 0.0, 0.0, 0.0, 0.0, 0.0, ||,  13
461484, 0004614845, ||, 0.0, 0.0, 6.0, 0.0, 0.0, 0.0, 458.0, 264.0, 112.0, 258.0, 430.0, 729.0, ||,  13
26939383, 0269393833, ||, 0.0, 0.0, 8350.0, 1050.0, 700.0, 0.0, 0.0, 0.0, 0.0, 0.0, 2700.0, 1550.0, ||,  13
748005283, 7480052837, ||, 0.0, 0.0, 70.0, 5100.0, 18493.0, 14854.0, 12028.0, 10091.0, 11219.0, 209.0, 3492.0, 4373.0, ||,  13
807364477, 8072026397, ||, 0.0, 0.0, 6285.0, 0.0, 4236.0, 722.0, 360.0, 1902.0, 2575.0, 2954.0, 2829.0, 900.0, ||,  13
--------------------------------------
	簇ID:	 计数
	14:	 87

	样本数据

813108265, 8127773920, ||, 0.0, 0.0, 150084.0, 110748.0, 119604.0, 114240.0, 112428.0, 140196.0, 117012.0, 100728.0, 112200.0, 105744.0, ||,  14
698198432, 6981984328, ||, 0.0, 0.0, 64098.0, 100950.0, 82734.0, 103452.0, 85284.0, 91848.0, 89670.0, 87378.0, 81918.0, 22974.0, ||,  14
809289571, 8090830082, ||, 0.0, 0.0, 18824.0, 69704.0, 110216.0, 76920.0, 55096.0, 72136.0, 61288.0, 44448.0, 35784.0, 40920.0, ||,  14
806880186, 8067381256, ||, 0.0, 0.0, 3216.0, 82026.0, 98211.0, 98946.0, 75285.0, 100365.0, 93774.0, 96033.0, 38949.0, 0.0, ||,  14
731039441, 7310394414, ||, 0.0, 0.0, 5000.0, 96000.0, 98000.0, 106310.0, 44000.0, 57000.0, 119000.0, 71000.0, 0.0, 0.0, ||,  14
785005428, 7850054287, ||, 0.0, 0.0, 1200.0, 78000.0, 107100.0, 21900.0, 69600.0, 71400.0, 60900.0, 75000.0, 41700.0, 0.0, ||,  14
623000381, 6230003819, ||, 0.0, 0.0, 10734.0, 58650.0, 73776.0, 65538.0, 53592.0, 62754.0, 60798.0, 48864.0, 0.0, 0.0, ||,  14
781017193, 7810171933, ||, 0.0, 0.0, 6580.0, 196768.0, 106028.0, 119664.0, 66408.0, 62124.0, 77536.0, 68384.0, 114192.0, 151880.0, ||,  14
805433475, 8053281823, ||, 0.0, 0.0, 584.0, 49668.0, 68600.0, 112668.0, 126972.0, 133784.0, 117808.0, 126204.0, 57256.0, 0.0, ||,  14
781004119, 7810041197, ||, 0.0, 0.0, 32960.0, 66480.0, 82440.0, 26760.0, 40200.0, 117400.0, 106800.0, 105200.0, 102400.0, 127560.0, ||,  14
698198427, 6981984272, ||, 0.0, 0.0, 48780.0, 84468.0, 96084.0, 89010.0, 79158.0, 78828.0, 56820.0, 46662.0, 39492.0, 16236.0, ||,  14
716200404, 7162004046, ||, 0.0, 0.0, 30400.0, 132800.0, 138128.0, 148000.0, 140000.0, 167200.0, 177328.0, 147224.0, 136248.0, 32888.0, ||,  14
695088883, 6950888835, ||, 0.0, 0.0, 55250.0, 96360.0, 234500.0, 182990.0, 4020.0, 1180.0, 93810.0, 0.0, 0.0, 0.0, ||,  14
748005807, 7480058079, ||, 0.0, 0.0, 547.0, 112214.0, 124139.0, 4351.0, 56295.0, 20647.0, 28947.0, 75590.0, 93808.0, 40119.0, ||,  14
697154324, 6971543241, ||, 0.0, 0.0, 126732.0, 130896.0, 147856.0, 138116.0, 125980.0, 126252.0, 107716.0, 100660.0, 48684.0, 0.0, ||,  14
756004246, 7560042466, ||, 0.0, 0.0, 26800.0, 92000.0, 72000.0, 80000.0, 84000.0, 72000.0, 48000.0, 68000.0, 72000.0, 84000.0, ||,  14
731039498, 7310394980, ||, 0.0, 0.0, 306.0, 62514.0, 106321.0, 105619.0, 88791.0, 66934.0, 74065.0, 45325.0, 32040.0, 0.0, ||,  14
803113168, 8030701690, ||, 0.0, 0.0, 32004.0, 97554.0, 120600.0, 99750.0, 85266.0, 114654.0, 76380.0, 91062.0, 56166.0, 468.0, ||,  14
812266280, 8119577257, ||, 0.0, 0.0, 72000.0, 136000.0, 80000.0, 131088.0, 115200.0, 50904.0, 0.0, 0.0, 0.0, 0.0, ||,  14
698198428, 6981984285, ||, 0.0, 0.0, 57918.0, 80130.0, 90774.0, 84132.0, 89196.0, 78888.0, 131340.0, 68184.0, 12630.0, 0.0, ||,  14
748006790, 7480067905, ||, 0.0, 0.0, 246.0, 22248.0, 70844.0, 74465.0, 62563.0, 72238.0, 61825.0, 68324.0, 77993.0, 61625.0, ||,  14
26801664, 0268016645, ||, 0.0, 0.0, 50400.0, 111200.0, 65600.0, 59200.0, 56000.0, 82848.0, 48352.0, 54400.0, 97600.0, 91200.0, ||,  14
774003068, 0774003068, ||, 0.0, 0.0, 1738.0, 10605.0, 102357.0, 106138.0, 74935.0, 111134.0, 115494.0, 89563.0, 170877.0, 4560.0, ||,  14
731000249, 7310002494, ||, 0.0, 0.0, 6226.0, 35286.0, 115075.0, 115246.0, 107806.0, 48072.0, 5849.0, 100260.0, 92254.0, 0.0, ||,  14
753004336, 0753004336, ||, 0.0, 0.0, 4092.0, 44790.0, 99396.0, 86610.0, 59340.0, 121968.0, 109176.0, 69582.0, 86244.0, 3402.0, ||,  14
811779382, 8114946926, ||, 0.0, 0.0, 31724.0, 157400.0, 166176.0, 136128.0, 130188.0, 135776.0, 70728.0, 89548.0, 79248.0, 18140.0, ||,  14
697016811, 6970168115, ||, 0.0, 0.0, 49374.0, 154884.0, 125550.0, 135126.0, 112836.0, 131268.0, 130434.0, 95148.0, 93504.0, 85596.0, ||,  14
731000993, 7310009932, ||, 0.0, 0.0, 6395.0, 82562.0, 126243.0, 119919.0, 5052.0, 59185.0, 67850.0, 33800.0, 0.0, 0.0, ||,  14
809588582, 8093775818, ||, 0.0, 0.0, 3439.0, 67890.0, 64479.0, 61317.0, 57849.0, 68364.0, 69612.0, 65768.0, 66094.0, 43768.0, ||,  14
731000186, 7310001866, ||, 0.0, 0.0, 39946.0, 130259.0, 116996.0, 81471.0, 37894.0, 56051.0, 51946.0, 50209.0, 52835.0, 0.0, ||,  14
698191866, 6981918668, ||, 0.0, 0.0, 7200.0, 116000.0, 113600.0, 114400.0, 97600.0, 101592.0, 111200.0, 106400.0, 95200.0, 86400.0, ||,  14
813024866, 8126941173, ||, 0.0, 0.0, 30000.0, 48000.0, 57000.0, 63000.0, 93000.0, 99000.0, 70500.0, 106500.0, 91500.0, 283500.0, ||,  14
707001049, 0707001049, ||, 0.0, 0.0, 76528.0, 133240.0, 126448.0, 97400.0, 72016.0, 17056.0, 17408.0, 20352.0, 704.0, 392.0, ||,  14
717244344, 7172443446, ||, 0.0, 0.0, 1200.0, 43656.0, 83628.0, 71544.0, 70480.0, 67380.0, 44612.0, 74712.0, 3588.0, 0.0, ||,  14
748008553, 7480085536, ||, 0.0, 0.0, 482.0, 76478.0, 79783.0, 120929.0, 113826.0, 1383.0, 4886.0, 0.0, 0.0, 0.0, ||,  14
812017845, 8117210800, ||, 0.0, 0.0, 82400.0, 52800.0, 52000.0, 45600.0, 72000.0, 74400.0, 62400.0, 44800.0, 45600.0, 48800.0, ||,  14
697054925, 6970549251, ||, 0.0, 0.0, 117126.0, 263940.0, 243132.0, 223614.0, 132978.0, 324.0, 0.0, 0.0, 0.0, 0.0, ||,  14
698189615, 6981896159, ||, 0.0, 0.0, 22620.0, 116024.0, 88576.0, 100720.0, 90504.0, 145788.0, 104576.0, 85972.0, 184.0, 0.0, ||,  14
703112250, 7031122507, ||, 0.0, 0.0, 54172.0, 67152.0, 60888.0, 59148.0, 56572.0, 61704.0, 59540.0, 52144.0, 64772.0, 64588.0, ||,  14
697044712, 6970447122, ||, 0.0, 0.0, 74988.0, 146982.0, 114360.0, 139200.0, 94200.0, 147600.0, 86400.0, 120000.0, 28080.0, 10920.0, ||,  14
804369067, 8042845795, ||, 0.0, 0.0, 2000.0, 4000.0, 42000.0, 80000.0, 68000.0, 114000.0, 82000.0, 101880.0, 109800.0, 60980.0, ||,  14
680500538, 6805005383, ||, 0.0, 0.0, 7106.0, 34676.0, 86497.0, 90765.0, 93520.0, 93853.0, 86910.0, 42426.0, 0.0, 0.0, ||,  14
807005718, 8068570725, ||, 0.0, 0.0, 61920.0, 85900.0, 116020.0, 102660.0, 138400.0, 93960.0, 152740.0, 52700.0, 58920.0, 0.0, ||,  14
698198444, 6981984445, ||, 0.0, 0.0, 33488.0, 107456.0, 120920.0, 74272.0, 108440.0, 115864.0, 92656.0, 85064.0, 67504.0, 55208.0, ||,  14
782006164, 7820061642, ||, 0.0, 0.0, 357.0, 81828.0, 73064.0, 66954.0, 35612.0, 35357.0, 67112.0, 83912.0, 56130.0, 73256.0, ||,  14
811971441, 8116763837, ||, 0.0, 0.0, 4000.0, 26400.0, 61600.0, 57600.0, 68800.0, 88800.0, 72800.0, 60000.0, 92000.0, 82400.0, ||,  14
13001702, 0130017028, ||, 0.0, 0.0, 87044.0, 129300.0, 95512.0, 124888.0, 132500.0, 123916.0, 100068.0, 77512.0, 124160.0, 0.0, ||,  14
697137179, 6971371792, ||, 0.0, 0.0, 32175.0, 33416.0, 85649.0, 70904.0, 69318.0, 70723.0, 74363.0, 56980.0, 35038.0, 0.0, ||,  14
15452227, 0154522276, ||, 0.0, 0.0, 2295.0, 3165.0, 35700.0, 69360.0, 83715.0, 139020.0, 128505.0, 94710.0, 14070.0, 0.0, ||,  14
27269411, 0272694118, ||, 0.0, 0.0, 70000.0, 70000.0, 30000.0, 70000.0, 60000.0, 76000.0, 73000.0, 70000.0, 55000.0, 0.0, ||,  14
716036106, 7160361066, ||, 0.0, 0.0, 42396.0, 109568.0, 86976.0, 79428.0, 68056.0, 77784.0, 117420.0, 106228.0, 126520.0, 152560.0, ||,  14
709006196, 7090061964, ||, 0.0, 0.0, 25000.0, 70000.0, 50000.0, 225000.0, 165000.0, 58200.0, 30850.0, 27650.0, 25400.0, 26200.0, ||,  14
691005063, 6910050630, ||, 0.0, 0.0, 28656.0, 119316.0, 118074.0, 128694.0, 101418.0, 56844.0, 912.0, 0.0, 0.0, 0.0, ||,  14
698192628, 6981926285, ||, 0.0, 0.0, 46500.0, 50565.0, 91395.0, 109920.0, 87555.0, 33870.0, 25740.0, 0.0, 0.0, 0.0, ||,  14
805911592, 8057866772, ||, 0.0, 0.0, 3260.0, 132116.0, 103820.0, 104220.0, 97804.0, 99468.0, 129928.0, 119720.0, 68864.0, 0.0, ||,  14
691005079, 6910050799, ||, 0.0, 0.0, 87042.0, 172434.0, 170580.0, 159246.0, 57378.0, 42636.0, 114642.0, 178140.0, 133020.0, 180630.0, ||,  14
697040479, 6970404796, ||, 0.0, 0.0, 63200.0, 106812.0, 112560.0, 114000.0, 106000.0, 92400.0, 102400.0, 102800.0, 63720.0, 0.0, ||,  14
774003069, 0774003069, ||, 0.0, 0.0, 1538.0, 4686.0, 98957.0, 107871.0, 76305.0, 112783.0, 117347.0, 91067.0, 173736.0, 4460.0, ||,  14
773000622, 0773000622, ||, 0.0, 0.0, 323.0, 35100.0, 90138.0, 83983.0, 72623.0, 75162.0, 63057.0, 59290.0, 50074.0, 0.0, ||,  14
805912211, 8057871895, ||, 0.0, 0.0, 14236.0, 110732.0, 77024.0, 113736.0, 91240.0, 35668.0, 85364.0, 105592.0, 52008.0, 0.0, ||,  14
21281840, 0212818400, ||, 0.0, 0.0, 71288.0, 94004.0, 107532.0, 48608.0, 80104.0, 85856.0, 61416.0, 74000.0, 65596.0, 87308.0, ||,  14
802194169, 8021738171, ||, 0.0, 0.0, 2862.0, 100344.0, 112986.0, 94086.0, 104736.0, 126102.0, 94104.0, 126960.0, 122082.0, 141648.0, ||,  14
698187682, 6981876825, ||, 0.0, 0.0, 840.0, 65568.0, 112264.0, 131304.0, 99392.0, 13816.0, 280.0, 0.0, 0.0, 0.0, ||,  14
811918919, 8116264936, ||, 0.0, 0.0, 32000.0, 8000.0, 20000.0, 200000.0, 180000.0, 320000.0, 140000.0, 40000.0, 0.0, 0.0, ||,  14
698186335, 6981863359, ||, 0.0, 0.0, 11010.0, 35250.0, 65778.0, 64752.0, 61578.0, 69384.0, 101562.0, 64080.0, 13824.0, 0.0, ||,  14
697154259, 6971542596, ||, 0.0, 0.0, 67764.0, 76188.0, 118772.0, 91264.0, 68444.0, 122908.0, 100960.0, 95020.0, 16876.0, 0.0, ||,  14
813103158, 8127723563, ||, 0.0, 0.0, 39300.0, 63870.0, 49710.0, 54000.0, 50850.0, 57480.0, 95220.0, 76110.0, 59205.0, 71760.0, ||,  14
695078273, 6950782733, ||, 0.0, 0.0, 7330.0, 105900.0, 89910.0, 93020.0, 77690.0, 111530.0, 92970.0, 28920.0, 0.0, 0.0, ||,  14
731000246, 7310002465, ||, 0.0, 0.0, 6490.0, 58083.0, 126822.0, 86831.0, 53431.0, 51107.0, 17576.0, 45731.0, 40762.0, 0.0, ||,  14
805619253, 8055061540, ||, 0.0, 0.0, 1701.0, 47376.0, 71337.0, 79065.0, 59901.0, 64680.0, 77685.0, 74994.0, 36075.0, 0.0, ||,  14
813028210, 8126973550, ||, 0.0, 0.0, 123000.0, 223200.0, 130200.0, 125400.0, 77400.0, 46800.0, 14454.0, 0.0, 0.0, 0.0, ||,  14
698201180, 6982011805, ||, 0.0, 0.0, 10200.0, 44100.0, 24300.0, 126342.0, 56658.0, 73800.0, 63000.0, 52200.0, 40800.0, 0.0, ||,  14
812320636, 8120079223, ||, 0.0, 0.0, 54246.0, 73620.0, 103470.0, 102516.0, 103536.0, 107892.0, 95202.0, 77760.0, 93696.0, 81588.0, ||,  14
698198446, 6981984461, ||, 0.0, 0.0, 46272.0, 82104.0, 96272.0, 92680.0, 91776.0, 113112.0, 118544.0, 115192.0, 67528.0, 0.0, ||,  14
698198383, 6981983833, ||, 0.0, 0.0, 56244.0, 69702.0, 68916.0, 69054.0, 63096.0, 59532.0, 55716.0, 46206.0, 60072.0, 30012.0, ||,  14
13039031, 0130390314, ||, 0.0, 0.0, 72168.0, 107472.0, 99448.0, 102416.0, 102744.0, 96248.0, 102224.0, 92792.0, 103568.0, 46664.0, ||,  14
773002978, 0773002978, ||, 0.0, 0.0, 35838.0, 75606.0, 81168.0, 75162.0, 77682.0, 101778.0, 74430.0, 87042.0, 77058.0, 31200.0, ||,  14
709008099, 7090080992, ||, 0.0, 0.0, 73000.0, 0.0, 99000.0, 0.0, 289700.0, 0.0, 0.0, 0.0, 0.0, 0.0, ||,  14
717244314, 7172443143, ||, 0.0, 0.0, 201.0, 64791.0, 103626.0, 75151.0, 98228.0, 81605.0, 157975.0, 162956.0, 68108.0, 0.0, ||,  14
773002582, 0773002582, ||, 0.0, 0.0, 35340.0, 83688.0, 109008.0, 125142.0, 108996.0, 79434.0, 1266.0, 52668.0, 131484.0, 133698.0, ||,  14
707001190, 0707001190, ||, 0.0, 0.0, 4000.0, 43040.0, 63360.0, 80000.0, 78400.0, 57200.0, 40400.0, 31200.0, 41040.0, 25360.0, ||,  14
753004323, 0753004323, ||, 0.0, 0.0, 161600.0, 109200.0, 104000.0, 121200.0, 57340.0, 20400.0, 106000.0, 168000.0, 58800.0, 800.0, ||,  14
805463330, 8053569938, ||, 0.0, 0.0, 6600.0, 116400.0, 157200.0, 117000.0, 49800.0, 137400.0, 63000.0, 99600.0, 81614.0, 96000.0, ||,  14
731039439, 7310394397, ||, 0.0, 0.0, 11077.0, 157786.0, 134758.0, 139866.0, 136422.0, 129460.0, 22104.0, 50641.0, 146798.0, 32880.0, ||,  14
698187707, 6981877075, ||, 0.0, 0.0, 84584.0, 85088.0, 107072.0, 96368.0, 103656.0, 19720.0, 0.0, 0.0, 0.0, 0.0, ||,  14
807375497, 8072131976, ||, 0.0, 0.0, 320.0, 18764.0, 186960.0, 184260.0, 120720.0, 129720.0, 187100.0, 186880.0, 75260.0, 0.0, ||,  14
809961959, 8097394718, ||, 0.0, 0.0, 1208.0, 0.0, 96168.0, 97224.0, 97952.0, 69776.0, 65544.0, 85760.0, 106608.0, 51736.0, ||,  14
--------------------------------------
	簇ID:	 计数
	15:	 8

	样本数据

803421737, 8033705927, ||, 0.0, 0.0, 576200.0, 2771200.0, 3183200.0, 3108800.0, 2969800.0, 3272200.0, 3117400.0, 2716400.0, 552400.0, 0.0, ||,  15
600132935, 6001329355, ||, 0.0, 0.0, 530400.0, 2138304.0, 2754480.0, 2576136.0, 2279544.0, 2123976.0, 2995776.0, 2046432.0, 0.0, 0.0, ||,  15
803004311, 8029648467, ||, 0.0, 0.0, 756000.0, 2280000.0, 1668000.0, 2184000.0, 2532000.0, 1992000.0, 1404000.0, 2136000.0, 1128000.0, 0.0, ||,  15
803421314, 8033705653, ||, 0.0, 0.0, 587000.0, 2462000.0, 2748000.0, 2924400.0, 2813600.0, 2808200.0, 2860200.0, 2573800.0, 497400.0, 0.0, ||,  15
698206668, 6982066687, ||, 0.0, 0.0, 516252.0, 2110680.0, 2371512.0, 2356068.0, 2208888.0, 2517108.0, 2418372.0, 2112396.0, 1481040.0, 0.0, ||,  15
698206947, 6982069471, ||, 0.0, 0.0, 845920.0, 2597760.0, 2299040.0, 2072480.0, 1715680.0, 2206880.0, 2546560.0, 2111040.0, 116640.0, 0.0, ||,  15
802729868, 8026989617, ||, 0.0, 0.0, 1145880.0, 2326920.0, 2322600.0, 2080320.0, 2118240.0, 2153880.0, 2614560.0, 1931880.0, 17520.0, 0.0, ||,  15
698203517, 6982035173, ||, 0.0, 0.0, 670824.0, 2110812.0, 2109756.0, 2212320.0, 2018940.0, 2323596.0, 2355936.0, 1185360.0, 0.0, 0.0, ||,  15
--------------------------------------
	簇ID:	 计数
	16:	 7

	样本数据

811834631, 8115472587, ||, 0.0, 0.0, 762000.0, 0.0, 42000.0, 0.0, 39000.0, 111000.0, 33000.0, 6000.0, 93000.0, 201000.0, ||,  16
811779371, 8114945617, ||, 0.0, 0.0, 550000.0, 76000.0, 0.0, 0.0, 0.0, 0.0, 0.0, 0.0, 32000.0, 243000.0, ||,  16
811962059, 8116685959, ||, 0.0, 0.0, 433312.0, 37376.0, 26144.0, 18016.0, 21128.0, 30104.0, 16808.0, 12720.0, 36824.0, 113264.0, ||,  16
785001400, 7850014007, ||, 0.0, 0.0, 371300.0, 219620.0, 178935.0, 27650.0, 26070.0, 34760.0, 55300.0, 0.0, 70273.0, 115000.0, ||,  16
814757270, 8143997225, ||, 0.0, 0.0, 397260.0, 316740.0, 0.0, 0.0, 0.0, 0.0, 0.0, 0.0, 103530.0, 508470.0, ||,  16
812186916, 8118833246, ||, 0.0, 0.0, 762000.0, 93000.0, 18000.0, 18000.0, 24000.0, 0.0, 24000.0, 18000.0, 90000.0, 153000.0, ||,  16
811668319, 8113869356, ||, 0.0, 0.0, 632400.0, 24000.0, 20000.0, 176000.0, 240000.0, 412000.0, 128000.0, 28000.0, 12000.0, 8000.0, ||,  16
--------------------------------------
	簇ID:	 计数
	17:	 39

	样本数据

661004091, 6610040913, ||, 0.0, 0.0, 108790.0, 0.0, 0.0, 0.0, 0.0, 0.0, 0.0, 0.0, 0.0, 0.0, ||,  17
2713181, 0027131813, ||, 0.0, 0.0, 47172.0, 317922.0, 0.0, 0.0, 0.0, 0.0, 0.0, 0.0, 0.0, 0.0, ||,  17
785001970, 7850019709, ||, 0.0, 0.0, 108000.0, 24300.0, 0.0, 0.0, 0.0, 0.0, 0.0, 0.0, 9600.0, 30300.0, ||,  17
640002391, 6400023915, ||, 0.0, 0.0, 149196.0, 46868.0, 33074.0, 16633.0, 44275.0, 25177.0, 30962.0, 34178.0, 55133.0, 62519.0, ||,  17
11118152, 0111181520, ||, 0.0, 0.0, 121800.0, 167840.0, 0.0, 0.0, 0.0, 0.0, 0.0, 0.0, 0.0, 0.0, ||,  17
811839568, 8115505029, ||, 0.0, 0.0, 140800.0, 46400.0, 28000.0, 32000.0, 0.0, 47200.0, 64000.0, 48800.0, 0.0, 12000.0, ||,  17
812324252, 8120121230, ||, 0.0, 0.0, 289200.0, 53600.0, 42400.0, 13600.0, 21200.0, 26400.0, 28000.0, 26400.0, 44000.0, 35200.0, ||,  17
812188211, 8118845429, ||, 0.0, 0.0, 179916.0, 138240.0, 1332.0, 1233.0, 1227.0, 1365.0, 1371.0, 7365.0, 73194.0, 87984.0, ||,  17
812240929, 8119348639, ||, 0.0, 0.0, 249600.0, 36000.0, 0.0, 0.0, 0.0, 0.0, 0.0, 0.0, 37600.0, 68800.0, ||,  17
814691765, 8143349491, ||, 0.0, 0.0, 109080.0, 58680.0, 0.0, 808.0, 12840.0, 0.0, 0.0, 1080.0, 50520.0, 20520.0, ||,  17
812851799, 8125318635, ||, 0.0, 0.0, 193500.0, 41100.0, 28800.0, 24600.0, 26100.0, 29400.0, 24900.0, 27300.0, 45000.0, 34800.0, ||,  17
748005413, 7480054136, ||, 0.0, 0.0, 229868.0, 0.0, 0.0, 112101.0, 0.0, 0.0, 152579.0, 0.0, 88023.0, 0.0, ||,  17
706000290, 0706000290, ||, 0.0, 0.0, 121208.0, 104584.0, 68640.0, 74368.0, 65032.0, 36424.0, 41936.0, 0.0, 0.0, 0.0, ||,  17
811621160, 8113495111, ||, 0.0, 0.0, 261000.0, 39000.0, 33000.0, 39000.0, 27000.0, 30000.0, 36000.0, 27000.0, 27000.0, 36000.0, ||,  17
811621113, 8113493779, ||, 0.0, 0.0, 296000.0, 38400.0, 29600.0, 43200.0, 42400.0, 56000.0, 40800.0, 33600.0, 59200.0, 38400.0, ||,  17
812951229, 8126222968, ||, 0.0, 0.0, 85200.0, 19200.0, 0.0, 0.0, 0.0, 0.0, 0.0, 6600.0, 30000.0, 71400.0, ||,  17
811573951, 8113047888, ||, 0.0, 0.0, 346000.0, 64000.0, 12000.0, 0.0, 0.0, 0.0, 0.0, 10000.0, 8780.0, 0.0, ||,  17
756000746, 7560007467, ||, 0.0, 0.0, 216000.0, 124000.0, 15200.0, 88000.0, 96000.0, 56000.0, 24000.0, 36000.0, 20000.0, 20000.0, ||,  17
30155637, 0301556376, ||, 0.0, 0.0, 145501.0, 24305.0, 17583.0, 18063.0, 20104.0, 20644.0, 24485.0, 16623.0, 34270.0, 141101.0, ||,  17
813173599, 8128400274, ||, 0.0, 0.0, 286200.0, 60120.0, 31200.0, 31320.0, 360.0, 480.0, 6120.0, 0.0, 3600.0, 3720.0, ||,  17
814697765, 8143410146, ||, 0.0, 0.0, 109680.0, 18420.0, 0.0, 0.0, 0.0, 0.0, 0.0, 0.0, 11880.0, 32950.0, ||,  17
811603928, 8113326680, ||, 0.0, 0.0, 167130.0, 28110.0, 58260.0, 54570.0, 42930.0, 24000.0, 27000.0, 33000.0, 63660.0, 1005.0, ||,  17
811604060, 8113327377, ||, 0.0, 0.0, 153340.0, 52340.0, 53540.0, 36280.0, 24500.0, 22000.0, 25520.0, 28480.0, 110760.0, 980.0, ||,  17
811757363, 8114728067, ||, 0.0, 0.0, 134262.0, 18576.0, 13886.0, 18776.0, 23997.0, 22491.0, 9152.0, 10054.0, 245.0, 37473.0, ||,  17
811931808, 8116387334, ||, 0.0, 0.0, 134833.0, 38947.0, 28090.0, 6776.0, 528.0, 0.0, 0.0, 0.0, 0.0, 28411.0, ||,  17
748001005, 7480010055, ||, 0.0, 0.0, 142800.0, 19200.0, 138.0, 0.0, 0.0, 0.0, 0.0, 0.0, 19200.0, 31200.0, ||,  17
812706785, 8123909880, ||, 0.0, 0.0, 96000.0, 30000.0, 13200.0, 12600.0, 12000.0, 18000.0, 14400.0, 24600.0, 12000.0, 18000.0, ||,  17
812283617, 8119744756, ||, 0.0, 0.0, 180600.0, 15600.0, 0.0, 0.0, 0.0, 0.0, 0.0, 0.0, 30000.0, 53400.0, ||,  17
697085049, 6970850498, ||, 0.0, 0.0, 106976.0, 19600.0, 19200.0, 20400.0, 20400.0, 19200.0, 11200.0, 7600.0, 468.0, 0.0, ||,  17
812903749, 8125753290, ||, 0.0, 0.0, 213000.0, 30000.0, 0.0, 6000.0, 0.0, 0.0, 0.0, 0.0, 5310.0, 0.0, ||,  17
812196111, 8118916507, ||, 0.0, 0.0, 143400.0, 40800.0, 27000.0, 17400.0, 24000.0, 35400.0, 32400.0, 21000.0, 18000.0, 66000.0, ||,  17
811918875, 8116262927, ||, 0.0, 0.0, 142000.0, 2000.0, 0.0, 0.0, 0.0, 0.0, 20000.0, 10000.0, 10000.0, 22000.0, ||,  17
5270592, 0052705928, ||, 0.0, 0.0, 107840.0, 0.0, 0.0, 0.0, 0.0, 0.0, 0.0, 0.0, 0.0, 0.0, ||,  17
748005563, 7480055634, ||, 0.0, 0.0, 122225.0, 8413.0, 0.0, 885.0, 387.0, 387.0, 0.0, 1203.0, 387.0, 19772.0, ||,  17
813233726, 8128976740, ||, 0.0, 0.0, 233096.0, 35191.0, 0.0, 0.0, 0.0, 0.0, 0.0, 0.0, 20012.0, 54900.0, ||,  17
813159041, 8128269750, ||, 0.0, 0.0, 118506.0, 41807.0, 21781.0, 20576.0, 24431.0, 19856.0, 50752.0, 17688.0, 26600.0, 31421.0, ||,  17
785001946, 7850019464, ||, 0.0, 0.0, 101200.0, 53200.0, 32000.0, 14400.0, 8800.0, 10000.0, 12000.0, 11600.0, 17200.0, 32000.0, ||,  17
785001172, 7850011721, ||, 0.0, 0.0, 182400.0, 37974.0, 51000.0, 31800.0, 30000.0, 25200.0, 22800.0, 18600.0, 25200.0, 28800.0, ||,  17
812310838, 8119988006, ||, 0.0, 0.0, 141000.0, 39900.0, 0.0, 0.0, 0.0, 0.0, 0.0, 0.0, 300.0, 900.0, ||,  17
--------------------------------------
	簇ID:	 计数
	18:	 15

	样本数据

5405482, 0054054820, ||, 0.0, 0.0, 142600.0, 426000.0, 786000.0, 930000.0, 842000.0, 658000.0, 684000.0, 756000.0, 564000.0, 165180.0, ||,  18
703112966, 7031129667, ||, 0.0, 0.0, 21000.0, 852000.0, 1038000.0, 1029000.0, 636000.0, 588000.0, 1221000.0, 1059000.0, 819000.0, 60000.0, ||,  18
13026951, 0130269517, ||, 0.0, 0.0, 45360.0, 493320.0, 774270.0, 778860.0, 676650.0, 712710.0, 833100.0, 805650.0, 764550.0, 505950.0, ||,  18
812320656, 8120079379, ||, 0.0, 0.0, 328000.0, 120000.0, 128000.0, 448000.0, 496000.0, 1048000.0, 680000.0, 2112000.0, 760000.0, 736000.0, ||,  18
773000580, 0773000580, ||, 0.0, 0.0, 28500.0, 361500.0, 495000.0, 469500.0, 463500.0, 412500.0, 498600.0, 550890.0, 445515.0, 0.0, ||,  18
698201297, 6982012970, ||, 0.0, 0.0, 602820.0, 696000.0, 691620.0, 732780.0, 704520.0, 710400.0, 735960.0, 693060.0, 750240.0, 739560.0, ||,  18
785005095, 7850050953, ||, 0.0, 0.0, 92000.0, 630000.0, 548000.0, 666000.0, 726000.0, 902000.0, 932000.0, 0.0, 0.0, 0.0, ||,  18
2770087, 0027700873, ||, 0.0, 0.0, 508200.0, 637620.0, 618120.0, 639660.0, 615060.0, 624180.0, 644760.0, 607020.0, 646440.0, 624180.0, ||,  18
803455738, 8034009600, ||, 0.0, 0.0, 167580.0, 486060.0, 1027860.0, 843540.0, 746940.0, 796020.0, 417120.0, 601200.0, 0.0, 0.0, ||,  18
806830856, 8066928883, ||, 0.0, 0.0, 402600.0, 476640.0, 516720.0, 517680.0, 509040.0, 497040.0, 573240.0, 452880.0, 210960.0, 0.0, ||,  18
734100705, 0734100705, ||, 0.0, 0.0, 508464.0, 495792.0, 569844.0, 416196.0, 395208.0, 380160.0, 426888.0, 597168.0, 622512.0, 1151568.0, ||,  18
695078372, 6950783723, ||, 0.0, 0.0, 3000.0, 435990.0, 661290.0, 518910.0, 561750.0, 621630.0, 448230.0, 341220.0, 280350.0, 0.0, ||,  18
698198448, 6981984487, ||, 0.0, 0.0, 428220.0, 546120.0, 581790.0, 569190.0, 600210.0, 599700.0, 592020.0, 512490.0, 667050.0, 80820.0, ||,  18
753004338, 0753004338, ||, 0.0, 0.0, 112160.0, 540640.0, 884000.0, 1148000.0, 808000.0, 548000.0, 536000.0, 369120.0, 0.0, 0.0, ||,  18
805936650, 8058102543, ||, 0.0, 0.0, 393920.0, 563360.0, 546880.0, 403360.0, 579360.0, 656640.0, 666880.0, 582240.0, 484800.0, 57760.0, ||,  18
--------------------------------------
	簇ID:	 计数
	19:	 16

	样本数据

698203442, 6982034428, ||, 0.0, 0.0, 89030.0, 415000.0, 367000.0, 325000.0, 255000.0, 373000.0, 249000.0, 393700.0, 251000.0, 355800.0, ||,  19
698192774, 6981927741, ||, 0.0, 0.0, 780.0, 71700.0, 192000.0, 216000.0, 444000.0, 384000.0, 486000.0, 420000.0, 210000.0, 0.0, ||,  19
691000670, 6910006705, ||, 0.0, 0.0, 194490.0, 458280.0, 381690.0, 433050.0, 359850.0, 417300.0, 431400.0, 425880.0, 444300.0, 0.0, ||,  19
733100167, 0733100167, ||, 0.0, 0.0, 75160.0, 266224.0, 291818.0, 388860.0, 308360.0, 305470.0, 454690.0, 245060.0, 347520.0, 339900.0, ||,  19
811724819, 8114409476, ||, 0.0, 0.0, 420000.0, 492000.0, 564000.0, 480000.0, 444000.0, 276000.0, 120000.0, 72000.0, 228000.0, 348000.0, ||,  19
814566939, 8142174098, ||, 0.0, 0.0, 72000.0, 60000.0, 409680.0, 217680.0, 234720.0, 432720.0, 469200.0, 138600.0, 93360.0, 245640.0, ||,  19
813215027, 8128791930, ||, 0.0, 0.0, 540000.0, 255000.0, 186000.0, 156000.0, 195000.0, 267000.0, 249000.0, 228000.0, 404850.0, 93150.0, ||,  19
697165332, 6971653320, ||, 0.0, 0.0, 174768.0, 271968.0, 239504.0, 193432.0, 0.0, 0.0, 731496.0, 220128.0, 217368.0, 120264.0, ||,  19
691005093, 6910050933, ||, 0.0, 0.0, 8240.0, 214320.0, 318000.0, 408080.0, 475160.0, 287760.0, 415800.0, 284760.0, 30440.0, 0.0, ||,  19
707001264, 0707001264, ||, 0.0, 0.0, 4500.0, 367950.0, 424050.0, 556500.0, 559500.0, 316500.0, 324000.0, 378000.0, 274500.0, 30300.0, ||,  19
698201206, 6982012068, ||, 0.0, 0.0, 43170.0, 321330.0, 481890.0, 454110.0, 454350.0, 415605.0, 401850.0, 219945.0, 338340.0, 366795.0, ||,  19
803479194, 8034232868, ||, 0.0, 0.0, 121320.0, 169440.0, 122400.0, 24360.0, 210000.0, 105120.0, 311040.0, 488880.0, 346200.0, 363480.0, ||,  19
2713196, 0027131969, ||, 0.0, 0.0, 183690.0, 421340.0, 322970.0, 405140.0, 412340.0, 284860.0, 372980.0, 265140.0, 219760.0, 0.0, ||,  19
802535581, 8025099782, ||, 0.0, 0.0, 148500.0, 283500.0, 247500.0, 225000.0, 240000.0, 270000.0, 210000.0, 277500.0, 363000.0, 405000.0, ||,  19
786000806, 7860008069, ||, 0.0, 0.0, 127200.0, 213600.0, 278400.0, 314400.0, 285000.0, 217800.0, 238200.0, 202800.0, 268800.0, 252600.0, ||,  19
698189613, 6981896133, ||, 0.0, 0.0, 205515.0, 344880.0, 352800.0, 303495.0, 308130.0, 332385.0, 448860.0, 424755.0, 445500.0, 400095.0, ||,  19
=====================================================================================